-0.240 -1.917
1.257 0.846
-1.155 0.525
1.355 -1.078
-0.529 2.173
-1.888 -2.737
3.100 0.340
-2.821 2.308
0.903 -3.281
2.323 3.148
-3.400 -0.626
3.058 -2.059
-1.382 3.763
-1.227 -4.429
4.456 1.902
-4.077 0.987
2.496 -4.202
1.115 5.828
-4.309 -3.196
5.339 -1.048
-3.106 4.181
-0.186 -6.110
4.072 3.614
-6.167 -0.799
4.837 -4.174
-1.447 5.908
-2.913 -4.875
5.967 0.974
-5.147 2.490
2.499 -6.111
2.866 5.230
-6.366 -2.613
6.403 -2.505
-3.242 6.004
-2.330 -7.122
5.834 3.376
-7.391 0.925
4.524 -5.971
0.227 7.950
-6.176 -5.494
8.126 0.070
-5.987 4.452
1.302 -7.489
4.756 5.934
-7.977 -1.528
7.196 -4.115
-2.372 7.634
-3.955 -6.420
7.925 2.248
-7.940 2.626
3.587 -7.565
1.981 8.409
-7.584 -4.378
8.239 -1.688
-4.936 6.567
-0.830 -8.184
6.518 5.768
-9.061 0.212
6.414 -5.762
-0.505 9.673
-5.473 -7.440
9.738 2.015
-7.881 4.858
3.041 -9.274
4.717 8.365
-8.894 -3.053
8.965 -4.468
-4.057 8.470
-2.822 -9.116
8.114 4.305
-9.974 3.137
4.866 -8.848
1.893 10.192
-8.282 -6.548
10.988 -1.353
-7.526 7.762
0.672 -10.462
6.935 7.535
-10.852 -1.060
8.764 -6.280
-2.205 10.180
-5.491 -9.308
9.871 3.768
-10.070 4.983
4.093 -10.862
4.928 10.191
-9.709 -5.296
10.526 -3.444
-6.302 10.064
-2.141 -10.755
9.664 7.418
-10.401 1.410
7.221 -9.295
0.384 11.893
-8.376 -8.377
11.210 0.976
-8.782 6.386
2.334 -11.140
6.712 10.109
-11.769 -2.727
10.483 -5.577
-3.611 11.279
-4.963 -11.124
10.693 5.465
-11.589 3.974
5.932 -10.554
3.387 12.460
-11.159 -6.924
12.781 -2.286
-8.115 9.644
-0.826 -12.068
9.000 9.113
-12.962 0.298
9.453 -7.951
-1.475 12.124
-7.332 -9.948
12.423 2.295
-10.925 6.694
3.450 -12.548
5.502 11.929
-11.618 -4.678
12.111 -4.759
-5.781 11.743
-2.799 -12.481
11.446 7.042
-13.094 2.986
7.612 -11.065
1.709 13.926
-10.436 -8.581
12.743 0.126
-9.854 9.865
0.487 -13.194
8.367 10.757
-13.706 -2.528
11.894 -7.696
-3.267 13.984
-6.937 -11.799
13.234 3.881
-12.582 6.078
5.305 -12.445
4.237 14.056
-12.851 -6.190
13.740 -3.861
-8.222 12.134
-1.701 -14.455
10.884 8.742
-14.378 1.612
9.932 -10.819
-0.663 14.071
-9.840 -10.484
14.609 2.047
-12.013 9.089
2.497 -14.129
7.738 12.565
-14.971 -4.275
13.251 -6.551
-5.866 14.187
-4.510 -13.428
13.228 7.209
-14.659 4.757
6.997 -12.854
2.883 15.322
-12.382 -9.079
14.472 -1.518
-10.055 11.679
-0.507 -15.847
11.051 11.954
-14.825 -0.954
11.808 -9.506
-2.623 15.613
-7.957 -13.268
14.967 3.802
-14.152 7.433
5.190 -14.236
6.205 13.639
-15.042 -6.818
15.129 -4.931
-7.636 14.034
-4.252 -15.234
13.096 9.072
-16.067 2.760
9.280 -12.506
1.028 16.441
-11.389 -11.394
16.752 0.511
-12.040 10.924
1.942 -16.211
9.179 13.605
-15.628 -2.609
14.224 -8.144
-4.774 15.679
-8.143 -15.020
14.982 6.503
-15.615 6.276
6.897 -14.836
5.138 16.071
-14.531 -8.608
17.157 -3.190
-10.323 13.466
-2.402 -16.146
12.027 10.428
-16.200 0.554
11.890 -12.269
-0.947 16.750
-10.149 -12.906
16.775 2.303
-14.773 9.134
4.963 -16.703
7.776 15.352
-16.806 -5.124
16.506 -6.049
-7.687 15.855
-5.182 -16.765
14.915 8.684
-17.288 4.074
9.297 -14.354
2.963 17.143
-13.142 -11.468
17.312 -1.370
-11.932 12.691
0.604 -17.657
11.305 13.805
-17.302 -3.057
15.461 -10.356
-4.470 18.091
-9.305 -16.443
16.422 5.414
-16.579 7.815
6.860 -17.101
6.794 16.873
-16.318 -8.931
18.167 -4.880
-9.865 15.392
-3.075 -17.748
14.690 10.479
-17.761 1.532
12.880 -14.120
1.003 18.685
-11.912 -13.448
18.757 1.229
-15.010 12.061
3.307 -17.307
10.215 15.255
-18.618 -5.475
16.371 -8.762
-6.121 17.454
-7.412 -17.483
17.460 8.655
-17.991 6.154
9.273 -17.008
3.562 19.056
-15.609 -11.261
19.099 -3.312
-12.430 15.362
-0.495 -18.982
13.099 13.870
