-1.468 -1.256
1.499 -0.220
-0.501 1.165
0.277 -1.710
1.071 1.963
-3.238 -0.754
2.521 -1.835
-0.533 3.606
-1.540 -3.035
3.837 0.765
-2.936 1.826
0.875 -3.581
1.510 3.713
-3.888 -2.450
4.576 -1.592
-2.351 3.474
-0.982 -4.788
4.747 3.560
-5.338 0.536
3.243 -4.369
0.516 5.182
-4.250 -4.394
5.444 -0.067
-5.099 3.560
0.769 -6.343
2.906 5.344
-5.435 -1.645
5.069 -3.295
-2.131 5.306
-2.264 -6.201
5.639 1.939
-6.467 2.351
3.050 -6.163
1.643 6.623
-6.516 -3.700
6.586 -1.429
-4.844 5.659
-0.672 -7.461
5.519 5.727
-8.266 0.093
6.058 -5.417
-1.432 7.322
-4.077 -6.415
7.511 1.188
-6.928 4.239
2.553 -7.887
3.384 7.243
-7.246 -2.087
7.374 -3.671
-4.106 7.286
-2.438 -8.009
7.125 4.886
-8.555 1.866
4.958 -6.793
0.769 8.179
-6.122 -5.494
8.703 -0.120
-6.559 6.255
0.866 -8.579
6.137 7.494
-9.056 -1.820
8.559 -5.064
-2.560 8.897
-3.992 -8.906
9.118 3.012
-8.633 3.727
3.624 -9.338
2.700 8.996
-8.222 -4.843
8.899 -2.277
-5.266 9.032
-2.356 -9.819
8.260 6.265
-10.532 0.731
7.217 -8.395
-0.342 10.806
-6.544 -8.190
10.200 0.906
-8.740 6.520
2.255 -10.543
5.220 9.013
-10.326 -3.189
9.836 -3.856
-4.094 10.463
-4.283 -10.789
10.504 4.221
-10.745 2.617
5.467 -9.631
2.112 11.685
-8.821 -6.514
12.140 -1.018
-6.744 8.043
-0.914 -11.735
8.288 8.538
-11.832 -0.559
8.948 -6.823
-2.197 10.634
-5.771 -9.811
11.768 2.960
-10.540 5.904
4.000 -11.180
4.920 10.773
-11.157 -4.887
11.587 -3.155
-5.897 10.739
-2.716 -11.799
10.891 6.937
-12.913 2.389
7.915 -10.292
0.488 12.594
-8.733 -8.370
12.790 0.683
-9.386 8.944
1.641 -12.243
7.069 9.960
-12.118 -2.423
10.734 -6.663
-3.575 12.304
-5.893 -11.602
12.098 5.121
-11.742 4.359
5.755 -11.671
3.627 12.576
-10.470 -7.347
13.205 -2.494
-7.676 11.021
-1.817 -13.307
10.637 9.149
-13.494 0.677
9.510 -8.483
-0.649 13.928
-8.519 -10.086
13.428 2.325
-11.839 7.354
3.618 -13.697
6.995 12.542
-13.072 -4.058
12.400 -6.036
-5.215 12.963
-4.452 -12.775
12.594 7.545
-13.671 4.071
7.564 -12.103
2.085 14.508
-10.987 -9.547
13.933 -0.859
-9.549 10.869
0.065 -14.687
8.980 10.853
-14.334 -1.132
12.183 -8.318
-2.768 14.808
-7.662 -12.131
14.179 4.086
-13.950 6.913
5.392 -13.763
5.210 14.441
-12.373 -6.896
14.636 -3.571
-7.640 13.384
-3.476 -14.216
12.444 9.392
-15.269 1.618
9.682 -10.863
0.423 15.405
-11.040 -11.380
16.219 1.404
-11.607 9.271
2.336 -14.978
8.568 13.313
-14.815 -4.459
13.629 -7.261
-5.465 15.022
-5.742 -14.022
13.768 5.912
-15.714 5.080
7.872 -13.829
3.797 15.519
-13.398 -8.406
15.792 -2.104
-10.026 12.854
-1.553 -15.496
11.826 11.469
-16.092 -0.763
12.735 -10.896
-1.553 16.182
-9.474 -13.297
15.945 3.885
-13.315 8.588
5.040 -15.596
7.022 14.810
-16.131 -5.629
15.458 -5.273
-7.326 15.152
-4.883 -15.615
14.616 8.428
-16.541 3.413
10.543 -13.906
1.427 16.908
-12.643 -10.325
15.914 -0.381
-11.609 11.312
0.537 -17.077
10.573 13.026
-16.192 -2.715
13.957 -9.586
-4.779 16.699
-7.570 -15.694
16.084 6.122
-15.879 7.521
8.138 -15.583
4.985 16.901
-15.116 -8.913
16.876 -3.615
-10.045 14.649
-2.784 -16.874
13.729 10.685
-17.438 0.363
11.883 -12.665
-0.284 17.417
-11.436 -13.466
17.653 2.602
-14.854 9.383
4.465 -18.065
8.869 16.389
-17.949 -5.900
15.790 -7.048
-7.003 16.938
-6.435 -17.265
16.381 7.908
-18.080 4.377
10.153 -15.836
3.063 18.023
-14.219 -11.057
17.917 -2.136
-12.105 13.086
0.023 -19.112
13.317 13.145
-17.861 -1.929
14.700 -11.715
-2.985 19.023
-9.202 -15.026
17.822 4.408
-17.456 8.480
6.212 -17.498
7.220 17.029
-17.248 -7.943
18.739 -5.349
-9.164 16.660
-4.588 -18.821
15.459 11.698
-19.124 2.176
11.897 -15.304
1.145 19.728
-13.141 -13.706
19.023 1.443
