-0.413 1.888
-0.902 -1.217
1.263 -0.109
-1.638 0.564
1.224 -1.872
0.866 3.210
-2.808 -1.355
3.430 -1.234
-1.947 2.792
-1.139 -3.743
2.996 1.725
-3.570 0.921
2.559 -3.086
-0.322 4.585
-3.565 -3.280
4.172 0.430
-3.755 3.128
0.894 -5.866
2.995 4.451
-5.383 -0.794
4.323 -2.904
-1.864 5.822
-2.632 -4.766
5.547 2.811
-5.953 2.320
3.337 -5.086
1.118 5.567
-5.299 -2.910
5.683 -0.629
-4.395 4.926
-0.956 -5.886
5.128 4.589
-6.872 0.224
5.060 -4.577
-0.182 7.492
-4.372 -5.129
7.276 1.595
-6.258 4.118
2.439 -7.570
3.988 7.241
-7.636 -2.779
7.130 -2.199
-3.728 6.624
-2.502 -7.181
7.010 4.103
-8.157 1.477
4.784 -6.404
1.585 7.372
-6.720 -4.764
8.361 0.175
-5.907 5.933
0.939 -8.588
5.687 6.658
-8.330 -1.159
6.845 -4.543
-1.949 7.992
-4.218 -7.613
8.612 2.825
-7.970 3.290
3.705 -8.950
2.676 8.841
-8.507 -5.150
9.051 -1.949
-5.962 7.727
-1.654 -9.459
7.365 5.847
-9.942 1.219
6.652 -6.630
-0.383 9.535
-6.212 -6.766
10.449 0.373
-7.541 6.716
1.618 -10.240
5.621 8.937
-10.809 -2.393
9.685 -4.805
-4.126 9.637
-4.022 -9.418
9.876 4.622
-10.357 2.995
5.477 -8.860
2.069 10.607
-8.047 -6.847
11.156 -1.336
-7.484 8.873
-1.243 -11.252
7.384 8.233
-11.072 -0.267
9.300 -7.383
-1.572 10.852
-6.634 -10.218
10.275 2.143
-9.910 6.351
3.608 -11.339
5.099 10.692
-10.242 -4.662
10.410 -3.088
-5.919 9.722
-2.953 -11.770
10.184 6.499
-11.743 1.758
7.169 -9.427
0.965 12.142
-8.256 -8.721
12.251 0.122
-9.115 7.969
0.967 -12.876
8.208 10.252
-12.811 -2.112
10.869 -6.382
-3.250 11.651
-5.442 -11.595
12.318 4.046
-11.565 4.339
5.437 -10.936
3.591 11.825
-10.945 -6.311
12.533 -2.663
-7.440 10.677
-1.204 -13.082
9.390 8.288
-13.005 0.443
9.369 -9.140
-1.528 12.699
-8.438 -10.459
13.340 1.556
-10.869 7.890
3.037 -13.698
6.973 11.573
-11.970 -4.373
12.582 -6.010
-4.863 12.274
-4.296 -12.933
12.076 6.959
-13.781 3.284
7.747 -12.092
2.601 13.438
-11.180 -8.076
13.889 -1.530
-9.154 9.960
0.698 -14.664
10.048 10.125
-14.241 -0.947
11.801 -8.694
-3.222 14.194
-7.341 -11.874
14.091 3.280
-12.974 6.883
5.322 -13.042
5.776 13.168
-13.088 -6.806
14.358 -4.558
-7.070 12.485
-3.100 -14.427
12.685 9.027
-14.678 1.752
10.265 -11.416
-0.231 14.163
-10.063 -11.211
15.406 0.409
-10.886 9.781
2.396 -15.405
8.641 12.692
-14.149 -3.400
13.377 -7.653
-4.812 15.107
-6.427 -14.957
13.656 5.848
-14.304 5.019
7.684 -13.842
3.071 15.163
-12.840 -8.580
15.821 -2.282
-9.644 11.687
-1.296 -14.928
11.903 11.448
-15.908 -0.402
11.883 -10.680
-1.077 15.780
-9.317 -12.923
16.066 2.762
-12.922 8.691
4.519 -15.842
6.932 14.543
-15.620 -6.074
14.996 -6.278
-7.242 14.633
-4.111 -15.888
13.861 7.676
-16.127 2.928
9.734 -13.187
2.662 16.876
-11.952 -11.132
16.815 -0.704
-11.454 11.682
0.521 -16.864
10.824 12.965
-17.237 -2.720
14.226 -9.248
-3.125 16.022
-7.856 -13.845
15.455 4.885
-15.304 7.596
6.484 -15.473
5.259 15.553
-15.044 -7.770
16.975 -3.679
-10.254 14.088
-2.205 -17.067
14.132 10.440
-17.579 0.192
12.539 -12.380
-0.712 17.533
-11.161 -13.165
17.657 1.930
-13.556 10.427
2.929 -17.149
8.560 15.197
-16.777 -4.487
15.484 -7.980
-6.464 16.442
-6.049 -16.787
15.289 8.657
-18.031 4.602
10.253 -15.561
3.282 18.606
-13.673 -10.585
18.236 -1.832
-12.175 13.830
-0.772 -18.173
12.401 13.866
-18.754 -1.464
14.437 -11.216
-3.025 17.757
-10.349 -14.781
17.253 4.485
-16.855 9.011
5.291 -17.948
6.740 16.652
-17.271 -7.419
18.175 -6.359
-8.894 15.210
-4.537 -17.790
15.722 11.376
-18.357 2.794
11.596 -14.410
1.151 18.954
-13.569 -13.987
19.013 0.204
-14.419 12.937
3.004 -19.152
10.955 15.825
-19.110 -3.253
16.845 -10.331
-5.870 18.058
-7.718 -17.447
