0.900 1.710
-1.474 -0.349
0.896 -0.897
-0.889 1.486
-0.270 -2.220
2.730 1.898
-3.021 0.773
1.829 -3.153
0.309 3.389
-3.282 -2.129
3.403 -0.611
-2.137 3.004
-0.030 -4.009
2.707 3.714
-4.840 -0.213
3.469 -2.358
-0.858 4.812
-3.095 -5.063
5.158 1.476
-4.629 2.860
1.436 -5.006
2.324 5.654
-5.083 -1.950
6.054 -1.422
-3.059 5.609
-0.724 -6.040
4.441 3.538
-5.928 1.188
3.942 -4.142
-0.189 6.599
-4.522 -3.887
6.879 0.207
-5.113 4.598
0.922 -6.761
4.687 5.847
-6.648 -1.107
6.593 -3.467
-2.134 7.181
-3.010 -7.362
7.715 2.970
-7.631 2.793
4.038 -6.274
1.416 7.468
-6.539 -3.881
8.005 -1.377
-5.288 6.384
-0.466 -7.980
5.961 4.618
-8.209 0.684
6.509 -5.251
-0.696 8.343
-4.813 -7.174
8.639 1.430
-7.118 4.479
2.309 -7.884
3.657 7.369
-8.130 -3.106
8.407 -3.387
-3.977 7.650
-2.931 -9.232
7.741 5.039
-9.824 1.541
5.668 -7.320
0.416 9.751
-7.358 -6.170
9.399 -0.271
-6.820 7.336
0.818 -9.356
5.849 7.540
-9.110 -1.174
8.232 -6.445
-1.442 9.995
-5.358 -8.875
10.056 3.215
-9.809 5.132
4.313 -9.914
3.052 10.029
-9.142 -4.613
10.531 -2.826
-5.994 8.962
-1.517 -10.305
8.415 6.781
-10.565 -0.054
7.673 -8.208
-0.009 11.608
-8.198 -7.806
10.951 1.541
-8.641 6.927
2.359 -11.638
5.788 9.314
-11.656 -3.543
9.240 -4.980
-3.489 11.241
-4.544 -10.997
10.787 4.894
-10.837 3.031
5.973 -9.068
1.734 11.249
-9.839 -7.101
11.976 -1.589
-7.850 8.909
-0.588 -11.828
8.559 8.666
-11.932 -1.353
9.450 -7.798
-1.839 11.967
-7.554 -10.472
12.882 2.555
-11.159 6.637
4.203 -11.882
5.019 11.006
-11.631 -5.364
12.028 -4.840
-6.051 10.768
-2.885 -11.868
10.364 6.732
-12.437 2.223
7.871 -10.110
1.186 12.959
-9.347 -9.231
12.521 0.291
-9.662 8.716
1.279 -13.026
7.012 10.698
-13.192 -2.565
11.207 -7.402
-3.232 13.036
-6.500 -12.434
12.788 4.361
-11.973 4.366
5.753 -12.701
4.186 12.521
-11.616 -7.125
13.719 -2.455
-8.426 11.389
-1.862 -14.239
10.645 8.604
-13.753 1.024
9.639 -10.116
-0.587 13.515
-8.912 -11.667
14.208 1.273
-11.503 8.448
3.427 -14.251
6.678 12.933
-13.264 -4.354
12.891 -6.567
-5.490 13.622
-4.330 -13.404
12.900 6.352
-14.395 3.224
8.047 -12.735
2.634 14.104
-11.664 -9.039
15.518 -1.265
-10.099 10.794
0.499 -15.344
8.946 10.982
-14.919 -2.094
12.047 -9.611
-2.027 14.494
-8.090 -13.327
14.785 4.142
-13.013 6.513
5.303 -14.470
6.050 14.655
-14.551 -7.301
14.213 -4.323
-7.708 13.053
-3.038 -15.537
12.116 9.621
-15.348 1.707
10.632 -11.937
0.151 15.151
-10.607 -10.584
16.479 1.090
-12.427 9.939
2.210 -15.823
9.340 12.764
-15.451 -3.884
14.068 -8.236
-4.286 14.972
-6.747 -15.028
14.670 6.659
-15.861 5.415
7.427 -14.461
3.886 15.858
-13.379 -9.505
15.547 -3.056
-10.449 12.628
-1.048 -16.356
12.907 11.194
-16.313 -0.816
12.409 -11.369
-1.236 16.314
-10.464 -13.235
16.631 2.945
-14.937 9.022
4.925 -16.238
7.929 14.268
-14.927 -5.530
14.969 -6.218
-6.813 15.668
-5.007 -16.012
14.041 8.510
-16.512 3.746
10.615 -13.748
1.231 17.381
-12.680 -11.635
17.534 -1.117
-13.323 11.470
1.617 -17.546
10.749 13.870
-17.017 -2.881
14.749 -9.896
-3.652 16.708
-8.805 -15.004
16.337 6.111
-15.723 7.374
6.704 -16.077
5.647 16.741
-15.440 -8.945
17.271 -3.226
-10.828 15.134
-2.181 -18.507
14.495 12.118
-17.277 0.710
12.769 -13.148
-0.405 18.421
-12.296 -13.404
18.417 2.619
-15.289 10.960
3.818 -17.878
9.123 15.531
-17.437 -4.640
16.086 -7.683
-7.088 17.749
-7.513 -17.137
15.882 8.397
-17.990 5.449
9.807 -16.571
2.994 17.364
-14.929 -10.686
19.354 -1.425
-12.241 13.962
-0.412 -18.491
13.089 13.758
-19.389 -1.958
14.675 -12.091
-2.696 19.183
-10.039 -16.585
18.573 5.049
-16.713 9.820
6.231 -18.753
7.142 17.594
-17.142 -8.375
