-1.118 1.576
-0.355 -1.472
1.206 0.393
-1.728 -0.121
1.858 -1.245
-0.457 3.293
-2.056 -2.344
3.639 0.204
-2.883 1.809
0.414 -3.890
2.084 2.759
-3.646 -0.547
3.561 -1.841
-2.087 4.094
-2.000 -4.413
3.672 2.026
-4.679 1.412
3.115 -5.050
1.018 5.268
-4.645 -2.834
5.114 -0.984
-3.991 4.631
-0.561 -5.416
4.008 4.755
-6.386 -0.191
5.059 -3.378
-1.146 5.562
-3.741 -4.749
5.477 1.641
-5.971 2.817
1.420 -5.792
2.928 6.228
-6.414 -2.479
6.447 -2.236
-3.094 6.825
-2.021 -6.430
6.074 4.311
-7.369 1.346
5.203 -6.015
0.842 8.224
-5.944 -5.542
7.422 0.762
-6.020 4.641
0.503 -7.588
4.849 6.516
-8.086 -1.827
6.906 -4.026
-1.422 7.406
-4.324 -7.011
7.628 3.428
-7.755 3.154
4.220 -7.538
2.633 8.351
-7.215 -4.321
8.076 -1.507
-4.917 6.595
-0.909 -8.656
6.824 5.965
-8.622 -0.085
6.907 -6.791
-0.991 9.183
-5.819 -8.064
9.093 1.743
-8.507 4.783
2.174 -9.354
4.495 8.260
-9.628 -2.763
8.714 -3.504
-4.078 8.627
-3.074 -8.656
9.472 4.426
-9.565 3.236
5.490 -8.793
1.682 10.423
-9.015 -6.426
10.792 -0.638
-7.563 7.259
-0.022 -10.240
7.285 8.113
-10.704 -1.290
8.503 -6.015
-2.240 10.572
-4.732 -9.446
10.791 3.129
-10.356 5.244
3.252 -10.843
3.580 10.463
-10.087 -4.572
11.446 -3.162
-5.688 9.375
-2.114 -11.998
8.621 5.987
-11.604 1.974
7.752 -9.028
0.516 11.834
-7.606 -8.293
10.789 1.225
-9.247 6.636
1.881 -11.988
6.835 9.961
-11.496 -2.970
10.282 -5.876
-3.856 11.554
-4.192 -11.253
11.229 4.899
-11.504 3.774
5.921 -11.475
3.550 12.644
-10.967 -6.949
12.498 -1.628
-7.544 9.455
-0.479 -12.799
9.758 8.537
-12.341 -0.524
9.278 -7.943
-1.315 12.288
-7.609 -10.085
12.577 2.446
-11.020 6.921
4.003 -12.512
5.405 11.298
-12.144 -4.673
12.195 -4.752
-6.368 11.093
-3.681 -12.925
11.671 6.645
-13.088 3.016
8.148 -11.422
1.897 13.378
-9.310 -8.702
13.930 -0.616
-9.272 9.398
1.098 -13.583
8.397 11.124
-13.969 -2.361
11.856 -8.103
-2.857 13.386
-7.135 -11.802
13.383 4.019
-12.318 5.592
6.372 -13.226
5.293 13.246
-12.739 -6.436
14.260 -3.392
-8.512 11.807
-2.118 -13.798
11.689 8.525
-14.632 1.267
9.995 -9.926
0.171 14.378
-9.388 -11.379
14.998 1.415
-11.386 8.730
2.784 -14.491
8.149 13.266
-14.195 -4.122
13.910 -6.497
-5.746 12.947
-4.882 -14.252
14.021 6.396
-13.843 4.750
8.225 -13.244
2.995 15.059
-11.696 -8.658
15.304 -1.818
-10.332 12.026
-0.072 -16.280
10.285 10.719
-15.128 -0.968
12.481 -9.739
-3.098 15.158
-8.466 -12.915
15.455 4.081
-13.444 6.989
4.639 -14.248
6.484 15.189
-14.486 -6.586
15.111 -5.188
-7.157 14.105
-3.526 -15.536
13.710 8.820
-15.291 2.951
10.350 -12.816
0.699 16.095
-12.005 -11.695
16.257 0.080
-12.384 10.640
2.424 -16.232
9.760 12.482
-15.989 -3.606
14.112 -8.335
-4.144 16.575
-6.653 -14.917
15.753 5.922
-15.108 6.278
7.069 -15.320
4.898 16.164
-14.804 -9.239
16.709 -2.954
-9.137 13.527
-1.822 -15.814
12.318 10.536
-17.055 1.013
12.014 -11.710
-1.237 16.372
-10.812 -13.031
17.063 3.246
-14.944 8.962
4.639 -16.572
8.929 15.132
-16.256 -6.692
16.379 -6.496
-7.506 15.862
-5.130 -16.479
15.499 8.676
-16.552 4.302
9.397 -14.641
1.942 17.334
-13.690 -10.686
17.371 -1.295
-12.375 12.610
0.991 -17.816
10.691 13.943
-18.396 -2.810
15.518 -10.318
-4.249 18.409
-8.450 -15.086
17.503 5.439
-16.611 7.974
6.391 -17.030
5.997 17.609
-16.691 -8.676
17.672 -4.684
-9.723 15.163
-3.751 -17.650
14.130 10.870
-19.036 1.709
11.884 -14.454
-0.303 17.962
-12.999 -13.578
19.215 1.248
-14.131 10.526
2.775 -18.148
10.028 16.615
-17.989 -4.600
16.304 -8.733
-6.347 17.897
-7.026 -18.177
17.422 7.617
-18.327 6.275
10.248 -16.456
3.901 18.848
-16.319 -10.461
19.543 -2.928
-12.459 14.329
-0.287 -19.076
