1.715 -0.891
-0.357 1.472
-0.893 -0.901
1.482 0.897
-2.221 0.258
1.912 -2.720
0.757 3.025
-3.143 -1.845
3.391 -0.291
-2.147 3.271
-0.593 -3.406
2.992 2.153
-4.009 0.009
3.728 -2.687
-0.238 4.839
-2.340 -3.481
4.807 0.883
-5.079 3.068
1.503 -5.150
2.836 4.644
-4.999 -1.463
5.666 -2.294
-1.977 5.073
-1.391 -6.061
5.593 3.089
-6.043 0.692
3.561 -4.423
1.157 5.934
-4.121 -3.964
6.598 0.224
-3.911 4.502
0.243 -6.877
4.571 5.137
-6.756 -0.958
5.872 -4.656
-1.142 6.642
-3.432 -6.611
7.170 2.172
-7.377 2.971
3.010 -7.699
2.753 7.646
-6.253 -4.070
7.475 -1.377
-3.915 6.519
-1.335 -8.012
6.356 5.321
-7.983 0.424
4.650 -5.937
0.641 8.212
-5.217 -6.536
8.339 0.740
-7.199 4.776
1.475 -8.631
4.441 7.141
-7.872 -2.351
7.388 -3.618
-3.149 8.114
-3.343 -8.425
7.629 4.017
-9.247 2.882
5.079 -7.715
1.489 9.832
-7.291 -5.706
9.753 -0.365
-6.209 7.326
-0.222 -9.401
7.300 6.859
-9.352 -0.867
7.571 -5.809
-1.222 9.104
-6.402 -8.266
9.987 1.494
-8.903 5.311
3.268 -10.039
5.081 9.836
-9.891 -4.365
10.045 -2.999
-4.661 9.118
-2.771 -10.546
8.931 6.041
-10.313 1.463
6.825 -8.379
-0.109 10.565
-8.168 -7.716
11.608 0.070
-7.849 8.157
1.599 -10.943
6.882 8.677
-11.625 -2.420
9.344 -5.739
-3.604 11.638
-4.931 -9.266
11.223 3.548
-11.021 4.486
4.951 -10.762
2.974 10.853
-9.036 -6.021
11.258 -1.676
-7.152 9.802
-1.526 -11.984
8.867 7.897
-11.831 0.526
8.711 -8.514
-1.415 11.925
-7.748 -9.490
11.957 1.902
-10.511 7.499
2.622 -12.868
6.578 11.194
-11.860 -4.265
11.032 -4.961
-5.425 11.603
-4.777 -12.053
10.736 6.107
-11.883 2.823
6.786 -10.328
2.157 12.448
-10.068 -7.924
12.965 -1.118
-9.280 9.299
0.357 -12.520
8.665 9.707
-13.019 -1.348
10.734 -6.955
-2.634 13.178
-7.343 -11.245
13.019 3.300
-12.468 6.435
4.428 -12.765
4.303 11.995
-12.671 -5.820
12.543 -4.121
-7.186 11.579
-2.384 -13.732
11.344 8.485
-14.249 1.788
8.659 -10.600
0.952 13.758
-10.066 -9.692
13.512 0.658
-11.713 8.850
1.347 -14.201
8.388 11.547
-14.233 -3.501
12.967 -6.610
-4.423 13.241
-6.500 -12.925
13.593 5.562
-13.427 4.260
6.419 -12.866
3.148 14.412
-12.692 -8.113
14.118 -2.560
-9.100 11.616
-1.184 -15.524
10.741 10.155
-15.341 -0.580
11.029 -8.889
-2.172 14.908
-9.547 -12.098
14.483 2.103
-13.370 8.020
4.220 -14.763
6.445 13.046
-14.442 -5.378
14.687 -5.973
-7.377 14.512
-4.248 -14.235
13.012 7.776
-15.553 2.957
9.684 -12.066
1.627 15.357
-11.881 -10.695
15.152 -0.071
-10.639 10.551
1.176 -16.473
9.873 12.479
-15.812 -2.293
12.813 -9.273
-3.965 15.430
-8.162 -14.111
14.949 4.365
-15.063 6.668
6.735 -14.635
5.332 15.889
-14.422 -7.502
15.878 -3.803
-9.575 13.329
-2.975 -15.563
12.573 10.515
-16.362 0.963
11.262 -12.848
-0.902 16.308
-11.304 -12.468
16.307 1.322
-13.290 10.395
3.032 -16.615
8.944 14.984
-16.212 -5.010
14.310 -7.855
-5.608 14.898
-6.140 -15.001
15.632 6.895
-16.038 4.923
8.583 -13.996
3.660 16.532
-13.692 -10.687
17.388 -1.140
-11.701 12.619
-1.025 -17.540
11.400 13.383
-17.537 -1.709
13.926 -10.676
-2.970 17.002
-9.819 -14.801
16.688 3.740
-15.050 8.727
6.196 -16.304
7.291 15.762
-16.042 -6.788
16.770 -5.559
-9.025 15.393
-3.135 -17.288
15.077 10.908
-18.518 2.084
12.194 -14.432
0.620 17.281
-13.081 -12.838
18.419 0.501
-13.468 12.226
2.715 -18.403
10.880 15.346
-17.858 -3.912
15.579 -9.042
-4.731 17.413
-7.599 -16.126
17.712 7.181
-17.176 7.423
8.480 -15.837
5.355 18.018
-16.520 -9.893
17.379 -2.903
-10.764 14.873
-1.324 -19.361
13.897 12.314
-18.493 0.315
13.826 -13.017
-2.060 19.378
-12.014 -14.738
19.169 2.796
-16.637 9.952
5.146 -18.546
9.733 16.764
-18.720 -6.329
17.631 -7.050
-8.464 17.098
