-1.676 0.962
0.295 -1.486
0.930 0.863
-1.518 -0.834
2.209 -0.351
-1.796 2.797
-0.883 -2.991
3.218 1.712
-3.376 0.433
2.008 -3.358
0.735 3.378
-3.080 -2.026
4.005 -0.177
-3.612 2.841
0.035 -4.845
2.484 3.380
-4.840 -0.681
4.946 -3.278
-1.286 5.209
-3.028 -4.521
5.055 1.252
-5.565 2.530
1.763 -5.151
1.643 5.998
-5.717 -2.852
6.009 -0.945
-3.373 4.568
-1.404 -5.880
4.284 3.787
-6.602 0.053
3.719 -4.662
0.046 6.881
-4.782 -4.941
6.790 0.674
-5.672 4.898
0.863 -6.684
3.706 6.461
-7.254 -1.870
7.246 -3.278
-2.685 7.818
-3.071 -7.524
6.418 3.805
-7.411 1.688
3.639 -6.677
1.669 7.949
-6.574 -5.050
7.958 -0.758
-4.397 6.126
-0.984 -8.178
5.486 6.312
-8.363 -0.390
6.993 -5.073
-1.112 8.686
-4.737 -6.949
7.963 2.019
-7.230 3.924
2.806 -8.239
3.693 8.278
-7.791 -3.694
9.119 -3.267
-4.752 7.921
-1.900 -9.761
7.523 5.396
-9.729 0.773
5.897 -7.579
0.616 9.383
-7.581 -6.547
9.380 0.474
-7.321 6.121
0.840 -9.147
6.743 7.991
-10.041 -1.075
8.673 -5.679
-2.845 10.167
-5.488 -9.615
10.065 3.947
-9.911 3.417
4.275 -9.305
3.210 10.421
-9.176 -5.661
10.242 -1.894
-6.468 8.657
-0.333 -10.560
8.483 7.367
-11.600 0.416
7.500 -8.479
-1.139 11.000
-7.239 -8.381
11.716 1.931
-9.096 6.125
3.114 -11.778
5.315 9.051
-11.362 -3.075
10.823 -4.944
-4.496 10.959
-3.426 -10.719
9.280 5.637
-11.178 2.145
6.736 -10.093
2.026 11.909
-9.190 -7.519
11.799 -1.021
-8.347 8.871
0.915 -11.974
8.139 9.158
-12.026 -1.400
10.188 -7.933
-2.081 12.967
-7.041 -10.909
12.028 3.765
-10.814 5.419
4.934 -11.820
5.277 11.843
-10.983 -5.653
11.754 -3.318
-6.348 10.603
-2.677 -12.347
10.391 7.496
-12.907 1.660
8.882 -9.679
0.168 12.524
-9.064 -9.336
13.064 0.801
-10.434 7.399
2.080 -13.277
7.808 10.928
-13.146 -2.752
12.187 -6.951
-3.889 12.940
-4.801 -11.805
12.903 5.284
-12.360 4.642
6.695 -11.870
2.957 13.620
-11.690 -8.003
14.162 -2.383
-8.208 10.953
-1.527 -13.707
10.463 9.262
-13.528 -0.091
11.332 -9.333
-0.751 14.245
-8.864 -11.185
14.367 2.902
-12.679 7.148
3.865 -13.414
7.035 12.642
-13.814 -4.988
13.237 -4.818
-5.875 13.124
-3.749 -14.267
13.021 7.575
-13.998 3.149
8.606 -11.987
1.833 15.461
-11.157 -9.696
15.352 -0.063
-10.647 9.343
1.546 -14.985
10.046 11.687
-14.558 -1.494
13.022 -8.573
-3.598 14.927
-6.986 -12.765
14.655 4.769
-14.424 6.583
6.763 -14.809
4.841 14.045
-13.326 -7.225
15.415 -3.605
-9.170 12.461
-2.268 -15.275
12.318 10.188
-15.136 0.706
10.188 -10.988
-0.485 16.508
-10.387 -12.055
15.894 1.628
-12.413 9.802
3.316 -15.583
8.746 13.757
-15.119 -3.735
14.771 -7.293
-6.117 14.904
-5.993 -15.652
14.724 6.892
-15.705 4.464
9.009 -13.718
3.624 15.424
-13.002 -9.980
16.307 -1.647
-10.714 13.308
0.218 -16.331
11.816 11.984
-16.348 -0.638
12.843 -10.942
-2.334 16.728
-9.564 -14.597
16.407 4.327
-13.968 8.447
4.979 -15.120
6.763 14.731
-15.907 -6.235
15.818 -5.590
-7.990 14.343
-4.349 -16.364
14.128 10.104
-17.325 1.867
11.162 -13.098
1.759 17.481
-11.950 -12.893
17.594 0.973
-13.467 11.250
2.256 -17.111
10.430 14.377
-16.830 -3.038
14.672 -9.349
-5.508 16.550
-7.945 -15.443
16.312 6.110
-16.522 6.256
8.373 -15.757
3.857 17.141
-15.521 -10.267
18.415 -2.858
-11.579 14.930
-1.343 -17.240
13.607 12.279
-18.423 0.271
12.945 -12.779
-1.942 18.501
-11.513 -14.877
18.006 3.161
-15.187 9.686
3.998 -17.596
8.267 15.794
-17.997 -6.433
16.850 -8.136
-7.809 16.179
-6.105 -17.778
16.919 9.193
-17.242 3.628
10.131 -15.311
2.134 19.289
-14.401 -11.722
18.464 -1.089
-13.269 13.584
1.247 -19.447
12.620 14.222
-19.269 -1.991
16.206 -10.640
-4.365 18.746
-10.426 -16.342
18.969 5.539
-17.320 7.782
7.741 -17.437
