0.757 1.778
-1.440 -0.469
0.967 -0.821
-1.008 1.408
-0.087 -2.235
2.565 2.115
-3.074 0.522
2.081 -2.993
0.030 3.403
-3.096 -2.391
3.442 -0.330
-2.376 2.818
0.298 -3.998
2.394 3.923
-4.806 -0.609
3.650 -2.066
-1.249 4.725
-2.669 -5.300
5.020 1.893
-4.848 2.471
1.842 -4.872
1.853 5.826
-4.907 -2.360
6.150 -0.922
-3.509 5.340
-0.226 -6.079
4.137 3.890
-6.005 0.698
4.268 -3.805
-0.729 6.561
-4.189 -4.244
6.838 0.769
-5.472 4.164
1.473 -6.662
4.192 6.212
-6.535 -1.648
6.855 -2.915
-2.715 6.982
-2.397 -7.584
7.445 3.592
-7.834 2.159
4.538 -5.922
0.799 7.559
-6.199 -4.404
8.091 -0.716
-5.793 5.929
0.190 -7.992
5.563 5.091
-8.237 0.009
6.917 -4.701
-1.378 8.258
-4.209 -7.544
8.493 2.133
-7.461 3.881
2.948 -7.668
3.041 7.643
-7.849 -3.762
8.657 -2.686
-4.590 7.299
-2.164 -9.441
7.302 5.656
-9.918 0.730
6.249 -6.831
-0.384 9.752
-6.828 -6.753
9.390 0.500
-7.398 6.753
1.582 -9.258
5.211 7.994
-8.983 -1.917
8.733 -5.749
-2.256 9.843
-4.613 -9.284
9.759 4.029
-10.197 4.311
5.111 -9.527
2.220 10.246
-8.734 -5.347
10.727 -1.954
-6.708 8.441
-0.668 -10.394
7.831 7.448
-10.525 -0.920
8.320 -7.552
-0.960 11.568
-7.531 -8.451
10.788 2.433
-9.180 6.196
3.304 -11.405
5.005 9.757
-11.327 -4.486
9.617 -4.206
-4.399 10.918
-3.628 -11.333
10.350 5.762
-11.049 2.133
6.696 -8.548
0.807 11.353
-9.225 -7.883
12.066 -0.602
-8.554 8.235
0.383 -11.837
7.820 9.338
-11.781 -2.326
10.057 -6.997
-2.814 11.776
-6.671 -11.056
12.629 3.602
-11.666 5.700
5.163 -11.498
4.100 11.380
-11.152 -6.299
12.384 -3.838
-6.913 10.236
-1.903 -12.064
9.777 7.559
-12.577 1.196
8.673 -9.431
0.120 13.013
-8.560 -9.966
12.455 1.316
-10.344 7.895
2.342 -12.877
6.111 11.236
-12.937 -3.637
11.775 -6.459
-4.289 12.727
-5.459 -12.925
12.388 5.394
-12.290 3.370
6.775 -12.187
3.146 12.822
-10.994 -8.053
13.874 -1.323
-9.331 10.660
-0.689 -14.344
9.904 9.447
-13.791 -0.107
10.435 -9.292
-1.692 13.422
-7.926 -12.358
14.056 2.433
-12.156 7.477
4.583 -13.923
5.596 13.436
-12.862 -5.426
13.386 -5.489
-6.588 13.126
-3.217 -13.714
12.336 7.388
-14.611 2.033
9.063 -12.033
1.469 14.272
-10.884 -9.964
15.569 0.010
-10.949 9.931
1.755 -15.252
8.016 11.678
-14.697 -3.309
12.794 -8.591
-3.208 14.279
-6.971 -13.946
14.396 5.340
-13.502 5.425
6.470 -13.987
4.829 15.102
-13.904 -8.469
14.519 -3.144
-8.752 12.377
-1.755 -15.734
11.287 10.581
-15.436 0.444
11.574 -11.025
-1.091 15.113
-9.704 -11.417
16.334 2.437
-13.200 8.887
3.499 -15.589
8.263 13.487
-15.081 -5.137
14.696 -7.056
-5.499 14.570
-5.493 -15.531
14.075 7.838
-16.251 4.097
8.587 -13.804
2.573 16.123
-12.555 -10.570
15.745 -1.772
-11.449 11.729
0.295 -16.387
11.946 12.214
-16.191 -2.150
13.299 -10.314
-2.569 16.158
-9.344 -14.048
16.334 4.298
-15.626 7.768
6.239 -15.779
6.734 14.870
-14.424 -6.734
15.428 -4.971
-8.074 15.057
-3.678 -16.369
13.296 9.632
-16.764 2.381
11.706 -12.832
-0.197 17.424
-11.684 -12.635
17.567 0.323
-14.218 10.340
3.049 -17.355
9.577 14.704
-16.724 -4.266
15.511 -8.655
-5.009 16.352
-7.546 -15.675
15.781 7.429
-16.275 6.061
7.999 -15.474
4.256 17.147
-14.655 -10.180
17.477 -1.800
-12.032 14.196
-0.657 -18.623
13.454 13.265
-17.277 -0.708
13.804 -12.058
-1.913 18.326
-11.157 -14.367
18.141 4.119
-16.135 9.670
5.270 -17.505
7.820 16.227
-16.999 -6.053
16.662 -6.339
-8.519 17.109
-6.084 -17.695
15.140 9.670
-18.376 3.957
11.132 -15.712
1.561 17.551
-14.003 -11.873
19.406 0.165
-13.344 12.912
1.105 -18.463
11.918 14.784
-19.163 -3.541
15.616 -10.848
-4.259 18.898
-8.646 -17.351
18.097 6.554
-17.461 8.418
7.746 -18.180
5.676 18.120
-16.398 -9.751
