1.625 1.046
-1.455 0.422
0.338 -1.222
-0.042 1.732
-1.328 -1.799
3.310 0.307
-2.249 2.160
0.039 -3.645
1.938 2.798
-3.905 -0.237
2.661 -2.207
-0.381 3.667
-2.000 -3.474
4.185 1.900
-4.317 2.198
1.858 -3.761
1.623 4.610
-5.186 -2.883
5.216 -1.255
-2.621 4.768
-1.215 -5.064
4.807 3.777
-5.385 0.806
4.569 -4.219
0.099 6.388
-3.604 -4.900
5.608 0.892
-4.575 3.953
1.391 -5.546
3.085 5.837
-5.850 -1.156
6.088 -3.207
-2.186 6.520
-2.526 -6.338
6.958 2.782
-6.332 2.310
4.031 -6.264
1.679 7.301
-6.245 -4.925
8.177 -1.214
-5.266 6.189
0.425 -7.449
4.910 5.803
-7.603 -0.158
6.289 -5.140
-1.459 8.160
-4.335 -6.716
7.462 1.084
-6.808 4.637
3.079 -7.776
3.502 7.604
-7.722 -3.874
8.223 -3.010
-3.990 7.403
-1.872 -7.999
6.811 4.613
-8.606 1.300
5.650 -7.088
0.306 8.617
-7.097 -6.592
9.219 0.574
-7.792 6.179
1.329 -9.162
5.164 8.282
-9.443 -1.747
8.047 -4.865
-2.323 9.744
-3.896 -8.546
8.803 3.682
-8.507 3.464
3.991 -9.663
3.667 9.409
-9.033 -5.086
10.336 -2.153
-6.011 9.297
-1.127 -10.752
7.595 7.226
-10.229 0.487
7.774 -7.645
-0.803 10.752
-6.395 -8.222
10.663 1.758
-9.222 5.156
2.636 -10.922
5.708 10.107
-10.979 -2.757
10.290 -4.051
-4.110 10.284
-3.678 -11.290
9.624 5.257
-11.890 2.656
5.590 -8.884
2.499 11.502
-9.370 -7.334
11.799 -1.052
-7.939 7.974
0.734 -10.834
7.049 8.937
-12.061 -1.335
9.641 -7.280
-2.446 11.619
-6.336 -10.005
11.717 3.328
-11.052 4.698
4.385 -11.440
4.292 11.321
-11.732 -5.394
12.470 -4.120
-6.445 11.271
-2.193 -12.412
9.788 7.107
-12.764 1.059
8.086 -10.135
0.036 12.352
-8.355 -8.908
12.335 0.756
-9.730 8.059
1.873 -12.675
7.414 10.695
-12.681 -3.431
11.042 -5.912
-4.118 12.344
-5.301 -11.967
11.370 5.858
-12.744 4.263
6.109 -11.961
3.606 12.937
-11.780 -7.621
13.278 -2.502
-8.271 9.695
-1.247 -13.887
9.809 8.837
-13.619 -0.481
10.731 -8.893
-1.725 14.061
-8.633 -11.476
13.501 2.246
-11.466 7.663
3.408 -13.551
6.145 12.052
-13.501 -5.766
12.992 -5.888
-5.851 13.017
-4.035 -14.091
12.181 7.968
-13.688 2.742
7.986 -12.064
1.929 14.560
-10.369 -9.534
14.355 -0.823
-10.941 9.894
0.733 -15.046
9.238 10.979
-14.603 -2.124
12.883 -8.743
-3.474 14.368
-7.121 -13.601
13.194 5.153
-14.016 5.524
5.753 -14.297
5.373 13.613
-13.604 -7.616
14.908 -3.675
-8.118 12.076
-2.510 -15.205
12.483 9.776
-16.260 0.810
10.242 -10.761
-0.281 15.156
-10.295 -12.027
15.283 2.407
-12.518 9.044
3.376 -15.625
7.592 13.113
-14.443 -3.988
14.879 -7.166
-5.922 14.770
-5.869 -14.860
14.415 6.510
-15.360 4.228
8.189 -14.096
3.642 15.142
-13.273 -9.758
16.047 -1.429
-11.138 12.523
-0.657 -16.243
11.191 11.889
-16.325 -1.685
12.026 -10.316
-2.877 16.136
-8.967 -13.720
16.746 3.387
-14.600 7.322
5.201 -16.006
6.957 14.807
-15.625 -6.366
15.925 -5.626
-8.558 15.208
-3.709 -16.558
13.927 8.514
-15.715 2.538
9.966 -12.783
1.785 16.992
-12.243 -11.471
16.411 0.493
-12.527 11.392
2.469 -17.193
9.630 14.522
-16.766 -3.882
14.711 -9.606
-5.948 16.543
-7.233 -16.068
16.186 6.779
-16.230 5.872
7.964 -15.876
5.048 16.340
-15.052 -8.723
17.228 -2.726
-10.054 14.160
-2.082 -17.294
13.158 11.790
-17.843 -0.182
13.443 -11.312
-1.972 18.504
-11.011 -15.034
18.583 3.409
-14.687 9.126
4.639 -17.731
8.719 16.232
-17.303 -5.611
17.319 -6.790
-7.910 17.068
-5.480 -17.441
15.589 9.025
-17.462 4.548
10.217 -14.608
2.571 18.939
-14.978 -11.216
17.957 -0.512
-12.974 13.601
0.375 -19.252
11.156 13.638
-18.255 -1.949
16.143 -10.771
-3.779 18.179
-9.464 -15.891
18.167 5.529
-17.839 7.843
6.819 -17.749
7.100 18.024
-16.904 -9.491
18.651 -4.752
-9.710 16.777
-3.812 -19.390
14.879 11.796
-19.043 1.152
