1.678 0.959
-1.431 0.497
0.274 -1.238
0.049 1.731
-1.420 -1.727
3.322 0.134
-2.133 2.275
-0.152 -3.642
2.082 2.693
-3.912 -0.033
2.542 -2.343
-0.189 3.682
-2.180 -3.365
4.279 1.678
-4.196 2.421
1.658 -3.853
1.862 4.519
-5.330 -2.607
5.143 -1.527
-2.367 4.899
-1.478 -4.994
4.998 3.520
-5.335 1.086
4.342 -4.453
0.434 6.375
-3.855 -4.705
5.647 0.598
-4.361 4.187
1.099 -5.611
3.386 5.667
-5.902 -0.848
5.912 -3.522
-1.841 6.625
-2.855 -6.198
7.094 2.414
-6.202 2.638
3.698 -6.466
2.058 7.203
-6.494 -4.591
8.102 -1.640
-4.935 6.456
0.034 -7.461
5.207 5.538
-7.600 0.240
6.011 -5.462
-1.030 8.226
-4.681 -6.480
7.509 0.692
-6.556 4.987
2.668 -7.926
3.895 7.411
-7.914 -3.464
8.054 -3.436
-3.597 7.602
-2.288 -7.890
7.043 4.250
-8.526 1.749
5.271 -7.374
0.757 8.589
-7.432 -6.212
9.236 0.090
-7.458 6.578
0.847 -9.219
5.590 8.000
-9.521 -1.251
7.782 -5.279
-1.810 9.852
-4.338 -8.330
8.984 3.217
-8.314 3.904
3.480 -9.859
4.154 9.204
-9.287 -4.606
10.209 -2.691
-5.516 9.599
-1.689 -10.679
7.962 6.819
-10.189 1.021
7.364 -8.042
-0.240 10.779
-6.816 -7.876
10.740 1.198
-8.940 5.631
2.061 -11.045
6.229 9.795
-11.109 -2.178
10.064 -4.584
-3.566 10.485
-4.264 -11.082
9.886 4.746
-11.735 3.275
5.118 -9.164
3.097 11.356
-9.741 -6.834
11.728 -1.668
-7.511 8.379
0.166 -10.857
7.507 8.555
-12.114 -0.702
9.247 -7.774
-1.834 11.731
-6.851 -9.660
11.875 2.710
-10.791 5.270
3.780 -11.654
4.878 11.081
-11.998 -4.773
12.237 -4.767
-5.846 11.593
-2.840 -12.280
10.146 6.585
-12.692 1.725
7.544 -10.544
0.682 12.333
-8.810 -8.459
12.358 0.109
-9.295 8.557
1.207 -12.756
7.963 10.292
-12.843 -2.763
10.717 -6.482
-3.466 12.542
-5.920 -11.673
11.661 5.255
-12.504 4.925
5.474 -12.264
4.279 12.731
-12.163 -6.994
13.129 -3.193
-7.752 10.115
-1.972 -13.803
10.258 8.311
-13.626 0.232
10.251 -9.442
-0.987 14.132
-9.221 -11.009
13.600 1.537
-11.049 8.253
2.694 -13.711
6.767 11.714
-13.784 -5.051
12.667 -6.560
-5.162 13.306
-4.767 -13.861
12.581 7.319
-13.526 3.455
7.344 -12.465
2.688 14.439
-10.854 -8.978
14.292 -1.574
-10.408 10.453
-0.056 -15.064
9.800 10.480
-14.694 -1.357
12.408 -9.405
-2.717 14.530
-7.823 -13.209
13.446 4.456
-13.707 6.250
4.997 -14.579
6.078 13.313
-13.984 -6.894
14.695 -4.450
-7.475 12.485
-3.303 -15.053
12.977 9.109
-16.195 1.660
9.664 -11.282
0.512 15.150
-10.910 -11.471
15.388 1.604
-12.027 9.686
2.554 -15.780
8.268 12.698
-14.632 -3.227
14.484 -7.935
-5.141 15.059
-6.638 -14.533
14.736 5.747
-15.118 5.026
7.440 -14.505
4.429 14.930
-13.765 -9.050
15.950 -2.266
-10.467 13.089
-1.506 -16.187
11.798 11.287
-16.391 -0.829
11.470 -10.931
-2.028 16.264
-9.672 -13.232
16.900 2.506
-14.196 8.076
4.357 -16.256
7.723 14.423
-15.936 -5.540
15.609 -6.452
-7.750 15.635
-4.570 -16.341
14.354 7.773
-15.561 3.357
9.284 -13.287
2.672 16.875
-12.826 -10.814
16.414 -0.367
-11.913 12.032
1.565 -17.298
10.377 13.998
-16.946 -3.000
14.188 -10.363
-5.074 16.832
-8.064 -15.667
16.518 5.922
-15.900 6.713
7.122 -16.271
5.897 16.053
-15.488 -7.923
17.062 -3.624
-9.299 14.667
-2.984 -17.162
13.757 11.085
-17.828 0.752
12.833 -12.000
-1.001 18.582
-11.783 -14.437
18.736 2.432
-14.190 9.882
3.705 -17.950
9.556 15.754
-17.573 -4.698
16.940 -7.687
-7.006 17.458
-6.386 -17.130
16.040 8.197
-17.200 5.456
9.439 -15.123
3.558 18.778
-15.544 -10.416
17.906 -1.451
-12.244 14.262
-0.633 -19.245
11.854 13.036
-18.332 -0.991
15.557 -11.601
-2.823 18.352
-10.283 -15.374
18.431 4.570
-17.405 8.766
5.880 -18.082
8.034 17.628
-17.378 -8.594
18.377 -5.721
-8.819 17.262
-4.821 -19.164
15.476 11.001
-18.957 2.147
