10.64777, 12.25909
8.55863, 15.41839
3.41024, 18.35779
1.13681, 19.27075
2.51004, 16.72633
-0.59101, 17.46585
-1.63812, 16.04397
0.79040, 15.38389
7.51044, 17.95242
7.85147, 13.78094
6.16446, 14.31835
3.71023, 12.02185
5.35017, 10.85379
6.67272, 12.28506
8.42006, 9.87890
8.62842, 12.16347
-5.25771, 14.57340
-6.54698, 15.83840
-7.58563, 12.00914
-4.79493, 12.89172
-7.92092, 10.11103
-5.51412, 10.93405
-3.06844, 12.04892
-1.91746, 14.28463
-0.03911, 13.51484
1.68083, 13.06818
3.30026, 13.90753
4.21814, 16.02892
6.65371, 16.29184
-2.88395, 17.82424
-3.60852, 16.05533
-6.88436, 17.65867
1.37764, 8.69201
3.27866, 8.86814
2.00959, 10.91581
6.01955, 9.12080
3.88318, 7.21314
1.95920, 6.61799
3.28457, 5.31265
3.32169, 2.56471
0.14900, 10.62210
-1.17872, 11.80587
-3.73310, 10.15870
-2.31051, 8.97676
-2.48275, 7.18819
-1.93390, 5.38995
-0.37399, 8.28807
0.26611, 5.37531
-14.42896, 12.42294
-14.06641, 10.70280
-10.99939, 12.13162
-11.95358, 10.44575
-10.51376, 8.00581
-8.82534, 8.30143
-10.14656, 10.51884
-9.12247, 12.97343
5.17727, 2.46830
5.35538, 5.16994
5.88757, 6.91981
8.71662, 5.81803
7.64651, 7.20545
-9.73610, 14.63818
-8.87460, 16.88871
-11.84436, 13.61718
-4.64304, 4.03567
-2.64342, 3.81239
-4.08233, 6.34648
-12.54394, 7.05550
-13.82686, 8.77613
-15.53934, 8.42032
-16.07540, 6.75490
-17.62142, 5.51773
-5.30076, 8.00971
-7.00200, 8.50189
-5.82951, 5.88503
-8.55068, 6.13273
-9.15797, 3.53138
-6.62044, 3.77596
-6.32886, 1.97886
-3.09348, 1.40043
-11.78824, 0.32026
-8.55894, -1.32046
-10.44462, -2.78921
-9.11230, -4.07665
-7.77411, -2.92758
-6.34258, -1.07018
-3.57110, -1.02981
-4.85045, 0.75646
-14.32278, 5.01759
-13.00629, 3.78339
-11.05637, 3.73358
-11.93081, 5.31187
-10.11812, 5.24955
-7.52259, 0.29745
-8.13490, 2.04965
-9.97096, 1.85916
-12.18378, -2.26353
-13.39328, 1.14099
-11.93184, 2.11530
-13.50709, -4.29168
-14.85553, -3.10605
-15.32096, -5.82051
-17.82791, -5.41395
-17.15898, -7.07439
-14.38853, 2.73824
-15.89370, 4.07459
-19.09197, 3.60997
-17.03538, 1.92056
-19.11529, -1.03164
-15.57127, 0.78465
-17.05025, -1.44354
-14.64881, -0.81666
-10.36427, -10.18988
-13.40504, -8.56933
-13.33557, -11.23148
-12.04726, -12.50282
-14.66618, -12.66281
-10.92062, -15.30577
-10.23898, -13.23347
-6.34665, -9.25840
-15.11920, -8.93421
-15.27366, -10.93092
-13.50190, -6.10916
-11.31644, -6.33798
-10.97117, -4.52887
-7.95281, -9.89933
-9.86676, -8.40811
-11.69245, -8.14989
-2.69048, -17.01125
-2.81679, -14.76349
-1.81291, -13.25108
3.03845, -13.25339
2.26486, -16.10024
1.37061, -12.70717
-0.11666, -13.93803
-1.26836, -15.85745
-2.53075, -11.68373
-5.38757, -12.68555
-7.69338, -12.61202
-6.53502, -13.94829
-8.84521, -14.44945
-6.18446, -16.13426
-4.42740, -15.66592
-4.37461, -19.00120
-6.00819, -3.34990
-6.51279, -5.30686
-9.34923, -5.93507
-8.00381, -7.59404
-6.11277, -11.07161
-3.34310, -9.95733
-4.62768, -8.76821
-3.02309, -5.19344
0.47430, -15.86674
-1.18848, -17.97724
2.44096, -18.93638
3.52089, -17.46543
5.36222, -17.50536
4.72079, -15.65908
-4.20838, -3.41391
-5.07217, -6.31652
3.59758, -11.54801
3.50317, -8.92459
4.79345, -10.19132
10.04172, -11.87534
7.49467, -10.44250
8.21769, -12.14440
5.73234, -11.76114
4.82211, -13.95555
1.56398, -7.42373
0.19131, -5.41068
-1.09883, -6.62667
0.32642, -8.67859
-3.29541, -7.54514
-1.81939, -8.98276
-0.34329, -12.15528
1.41417, -10.09046
-1.69786, -0.35311
-1.73577, -2.58279
-0.14464, -1.45932
-1.34714, -4.58718
0.96105, -3.76353
2.02427, -0.89789
3.54801, 0.77254
1.66015, 3.09609
6.62495, -13.40865
6.94469, -15.70496
8.77020, -15.89508
9.22626, -14.10959
12.49234, -14.77887
1.10042, 0.64598
-0.94428, 3.26004
-1.32727, 1.45219
8.99440, -7.75958
9.29962, -4.69298
11.03750, -4.29125
13.75979, -7.82097
12.86981, -6.23781
10.32836, -6.46964
11.30827, -8.33355
9.71540, -10.11802
3.74021, -1.27983
5.46472, -2.58381
3.81938, -4.52700
2.24939, -5.49951
6.02542, -5.15423
5.27779, -6.82555
6.68659, -7.86406
7.79725, -5.70836
7.24871, 1.84396
5.20038, -0.21956
6.68767, -1.27384
7.41423, -2.96790
8.15972, -0.28991
9.08462, -2.18455
10.75048, 0.97148
10.47705, 2.80107
12.08856, -11.15118
11.42599, -13.11879
13.82775, -12.56224
13.52617, -9.81271
16.84196, -7.95765
10.21469, 4.70528
8.76997, 3.05407
7.03960, 4.50376
17.16292, -4.00694
18.16569, -2.03399
15.67775, -2.91445
16.39318, 5.73351
14.68588, 6.30193
12.08594, 4.26079
14.65520, 3.60716
13.86653, 1.43237
16.99692, -0.47837
14.57366, -1.26701
12.59426, 0.19552
11.79607, -1.48430
12.72683, -2.92244
14.70313, -4.38562
15.14693, -6.16615
17.40774, -6.24380
10.58485, 8.30192
10.38134, 6.47557
12.65305, 5.96039
12.91070, 8.39721
14.71880, 8.15538
16.53116, 7.94607
16.08466, 10.08220
14.06904, 10.90535
16.06587, 2.48766
15.41541, 0.44732
17.39388, 1.25552
19.77320, -0.05147
18.83159, 4.05738
12.39446, 12.85897
12.30280, 10.73799
10.32604, 10.13420
