-1.351 -1.382
1.512 -0.086
-0.602 1.116
0.428 -1.678
0.893 2.050
-3.158 -1.039
2.674 -1.603
-0.852 3.544
-1.264 -3.160
3.754 1.103
-3.087 1.557
1.190 -3.489
1.174 3.833
-3.655 -2.786
4.699 -1.179
-2.650 3.251
-0.553 -4.856
4.412 3.968
-5.365 0.059
3.619 -4.063
0.054 5.208
-3.842 -4.755
5.429 0.417
-5.395 3.093
1.329 -6.249
2.419 5.581
-5.267 -2.122
5.342 -2.832
-2.594 5.096
-1.704 -6.378
5.444 2.433
-6.651 1.767
3.586 -5.867
1.047 6.742
-6.162 -4.265
6.687 -0.838
-5.328 5.206
-0.006 -7.491
4.988 6.195
-8.242 -0.642
6.515 -4.857
-2.077 7.166
-3.490 -6.752
7.376 1.851
-7.278 3.606
3.244 -7.629
2.726 7.515
-7.032 -2.723
7.671 -3.001
-4.737 6.892
-1.716 -8.194
6.662 5.500
-8.687 1.098
5.542 -6.326
0.039 8.215
-5.610 -6.017
8.679 0.654
-7.089 5.647
1.625 -8.468
5.446 8.010
-8.858 -2.617
8.975 -4.283
-3.340 8.635
-3.184 -9.225
8.814 3.811
-8.930 2.945
4.440 -8.979
1.889 9.200
-7.759 -5.555
9.066 -1.477
-6.048 8.529
-1.474 -9.990
7.670 6.974
-10.555 -0.209
7.934 -7.721
-1.302 10.733
-5.790 -8.739
10.079 1.809
-9.285 5.717
3.183 -10.301
4.398 9.442
-10.001 -4.094
10.140 -2.967
-5.008 10.058
-3.307 -11.127
10.087 5.138
-10.935 1.652
6.302 -9.107
1.064 11.827
-8.207 -7.272
12.183 0.066
-7.432 7.412
0.132 -11.770
7.496 9.241
-11.736 -1.608
9.519 -6.000
-3.134 10.396
-4.876 -10.285
11.458 3.994
-11.023 4.944
4.978 -10.780
3.943 11.167
-10.678 -5.860
11.822 -2.112
-6.828 10.172
-1.656 -11.994
10.231 7.877
-13.075 1.232
8.798 -9.548
-0.633 12.588
-7.954 -9.113
12.679 1.818
-10.144 8.074
2.723 -12.048
6.156 10.549
-11.855 -3.491
11.283 -5.683
-4.655 11.937
-4.839 -12.080
11.595 6.176
-12.083 3.298
6.769 -11.113
2.495 12.848
-9.776 -8.249
13.375 -1.311
-8.625 10.295
-0.627 -13.416
9.781 10.059
-13.501 -0.525
10.227 -7.604
-1.885 13.815
-7.589 -10.804
13.168 3.509
-12.446 6.273
4.821 -13.321
5.853 13.114
-12.659 -5.204
12.888 -4.910
-6.347 12.448
-3.299 -13.120
11.873 8.635
-13.979 2.839
8.610 -11.382
0.787 14.636
-10.094 -10.486
13.955 0.383
-10.478 9.977
1.370 -14.623
7.979 11.609
-14.177 -2.402
12.874 -7.202
-4.073 14.503
-6.553 -12.764
13.760 5.330
-14.509 5.646
6.594 -13.229
3.905 14.847
-11.711 -7.969
14.895 -2.255
-8.800 12.652
-2.198 -14.469
11.560 10.461
-15.352 0.254
10.609 -9.959
-0.948 15.382
-9.985 -12.316
16.030 2.840
-12.386 8.203
3.658 -14.711
7.350 14.022
-14.360 -5.758
14.221 -6.021
-6.779 14.477
-4.473 -14.477
13.188 7.112
-16.104 3.663
9.070 -13.075
2.403 15.795
-12.598 -9.564
15.917 -0.692
-11.129 11.912
-0.170 -15.572
10.759 12.474
-15.961 -2.190
13.653 -9.721
-2.986 15.980
-8.254 -14.087
15.537 5.287
-14.026 7.371
6.406 -15.087
5.677 15.375
-15.567 -7.040
15.866 -3.878
-8.643 14.440
-3.476 -15.987
13.809 9.694
-16.779 1.929
11.737 -12.914
-0.081 16.968
-11.675 -11.408
15.885 1.035
-12.569 10.236
2.053 -16.962
9.373 13.914
-15.887 -4.144
14.754 -8.308
-6.245 16.208
-6.145 -16.305
15.476 7.527
-16.484 6.080
9.491 -14.798
3.463 17.277
-14.264 -10.221
17.131 -2.100
-11.307 13.698
-1.273 -17.055
12.725 11.863
-17.402 -1.189
12.961 -11.559
-1.831 17.323
-10.194 -14.430
17.352 4.161
-15.630 8.026
6.054 -17.597
7.377 17.113
-17.353 -7.472
16.354 -5.617
-8.481 16.248
-4.875 -17.769
15.613 9.333
-18.398 2.752
11.520 -14.871
1.448 18.224
-13.180 -12.278
18.036 -0.535
-13.221 11.958
1.722 -19.035
12.096 14.276
-17.618 -3.510
15.683 -10.362
-4.664 18.682
-7.830 -15.785
17.360 5.975
-18.140 6.895
7.743 -16.877
5.677 17.603
-16.474 -9.445
19.140 -3.662
-10.609 15.779
-2.897 -19.154
14.358 13.026
-19.241 0.468
13.211 -14.186
-0.613 19.752
-11.870 -14.820
18.820 3.128
