0.417 1.887
-1.330 -0.726
1.101 -0.629
-1.250 1.199
0.326 -2.212
2.132 2.551
-3.118 -0.052
2.596 -2.559
-0.596 3.351
-2.604 -2.920
3.443 0.309
-2.854 2.333
1.029 -3.875
1.631 4.297
-4.612 -1.482
3.968 -1.359
-2.097 4.415
-1.649 -5.700
4.586 2.785
-5.220 1.537
2.706 -4.450
0.750 6.067
-4.389 -3.223
6.215 0.225
-4.431 4.603
0.896 -6.016
3.350 4.585
-6.031 -0.419
4.895 -2.955
-1.924 6.315
-3.336 -4.942
6.580 2.014
-6.145 3.086
2.674 -6.278
2.977 6.877
-6.120 -2.822
7.274 -1.604
-3.953 6.363
-0.961 -7.895
6.658 4.900
-8.098 0.681
5.550 -4.986
-0.605 7.577
-5.283 -5.469
8.084 0.784
-6.785 4.763
1.657 -7.820
4.531 6.028
-8.098 -1.506
7.664 -3.348
-2.873 7.864
-2.750 -8.190
7.956 3.659
-8.048 2.442
4.308 -6.995
1.583 8.072
-7.023 -5.141
9.003 -1.048
-5.855 6.330
-0.391 -9.678
6.137 6.903
-9.883 -1.106
7.399 -5.565
-2.172 9.515
-5.469 -7.893
9.138 2.219
-8.514 5.277
3.258 -8.809
3.652 8.816
-8.477 -3.537
9.641 -4.044
-4.028 9.260
-2.826 -9.974
8.851 5.755
-10.816 2.362
6.776 -8.424
0.297 10.479
-7.601 -6.862
10.904 0.053
-8.146 7.063
1.256 -10.340
6.327 8.761
-10.177 -2.840
9.567 -5.892
-3.072 11.194
-5.848 -9.693
10.156 4.376
-10.163 4.402
5.346 -10.603
3.125 10.511
-10.308 -6.493
10.227 -2.365
-6.332 9.922
-1.481 -11.807
9.114 7.567
-11.253 0.064
8.154 -7.170
-1.295 11.308
-7.617 -9.446
11.970 1.628
-9.923 6.521
2.554 -11.564
5.969 10.618
-11.153 -4.454
11.172 -5.028
-4.932 11.057
-4.523 -12.094
11.751 5.863
-12.515 3.457
7.190 -10.352
1.937 11.940
-9.803 -8.243
12.879 -1.494
-8.678 8.790
0.348 -12.209
8.220 9.228
-12.582 -1.138
10.260 -7.674
-2.276 12.813
-6.580 -11.370
12.001 3.585
-11.619 5.857
4.671 -12.226
3.940 12.169
-12.047 -5.955
12.763 -4.183
-6.557 11.721
-2.988 -13.708
11.185 7.581
-12.700 1.052
8.901 -10.733
0.734 13.182
-9.325 -9.938
13.881 1.252
-11.132 8.762
1.961 -14.226
7.997 11.108
-13.536 -2.642
11.966 -7.214
-4.132 12.882
-5.517 -13.605
13.368 4.977
-13.324 5.114
7.066 -12.842
3.029 14.236
-11.645 -7.699
14.167 -2.933
-8.890 11.690
-0.640 -14.072
10.766 9.531
-14.735 -0.689
11.122 -10.160
-1.181 14.299
-8.865 -11.796
15.302 2.874
-12.589 7.747
4.530 -14.669
5.731 12.954
-13.837 -5.956
14.156 -6.091
-5.779 13.445
-4.286 -14.990
13.168 7.897
-14.270 2.849
8.933 -12.558
1.969 15.732
-12.108 -10.882
14.850 -0.419
-10.879 10.556
1.169 -15.788
9.148 12.477
-15.255 -2.403
13.405 -8.708
-3.853 14.654
-7.438 -13.007
15.607 5.400
-14.609 6.307
6.307 -14.680
5.641 14.777
-13.878 -7.824
15.743 -4.232
-8.085 13.310
-2.542 -16.276
12.393 10.294
-16.728 1.038
10.979 -11.989
-0.437 16.321
-10.396 -12.699
15.802 1.154
-13.411 9.423
3.305 -16.053
9.495 14.203
-15.519 -5.092
14.969 -7.692
-5.497 15.409
-6.601 -15.527
15.264 7.229
-16.789 4.761
9.035 -14.362
3.883 15.855
-12.939 -9.273
16.079 -2.048
-10.706 13.315
-0.604 -16.766
11.297 11.913
-16.916 -0.744
13.866 -10.460
-3.399 17.090
-9.161 -14.568
17.207 3.549
-15.877 7.548
6.190 -16.498
6.708 16.215
-15.654 -7.269
16.838 -5.654
-7.932 15.152
-4.534 -16.796
14.145 10.205
-17.112 2.964
10.709 -13.739
1.029 17.637
-12.532 -12.702
17.510 1.446
-14.438 11.740
2.780 -18.427
10.784 15.513
-16.852 -3.874
15.786 -9.313
-5.251 17.661
-8.323 -16.174
17.073 7.386
-17.639 6.537
8.401 -16.237
4.702 17.388
-15.595 -9.077
17.543 -3.166
-11.521 15.250
-2.725 -18.512
13.103 12.290
-18.790 0.509
13.832 -13.396
-1.694 17.538
-11.580 -14.246
19.044 3.732
-15.492 10.237
4.482 -17.945
8.995 16.724
-18.185 -7.005
17.345 -7.790
-7.662 17.792
-5.307 -18.646
16.583 9.771
-18.712 5.062
10.958 -16.444
2.246 18.855
-14.324 -12.601
