1.473 1.251
-1.498 0.226
0.497 -1.167
-0.271 1.711
-1.078 -1.959
3.241 0.742
-2.515 1.844
0.521 -3.608
1.551 3.030
-3.839 -0.752
2.930 -1.836
-0.863 3.584
-1.523 -3.708
3.897 2.436
-4.570 1.608
2.339 -3.482
0.999 4.784
-4.760 -3.543
5.336 -0.555
-3.228 4.380
-0.534 -5.181
4.265 4.379
-5.444 0.086
5.087 -3.578
-0.746 6.345
-2.924 -5.334
5.441 1.626
-5.057 3.313
2.113 -5.313
2.286 6.193
-5.646 -1.920
6.459 -2.374
-3.029 6.173
-1.666 -6.617
6.529 3.677
-6.581 1.452
4.824 -5.676
0.698 7.459
-5.539 -5.708
8.266 -0.122
-6.039 5.438
1.406 -7.327
4.099 6.401
-7.515 -1.162
6.914 -4.263
-2.525 7.896
-3.409 -7.231
7.253 2.062
-7.362 3.696
4.080 -7.300
2.466 8.001
-7.142 -4.861
8.549 -1.896
-4.934 6.811
-0.798 -8.176
6.141 5.473
-8.702 0.151
6.537 -6.278
-0.836 8.581
-6.163 -7.473
9.062 1.788
-8.541 5.094
2.529 -8.906
4.023 8.892
-9.129 -2.981
8.620 -3.758
-3.592 9.351
-2.731 -8.986
8.239 4.814
-8.891 2.308
5.234 -9.051
2.390 9.811
-8.281 -6.236
10.529 -0.767
-7.187 8.420
0.305 -10.807
6.572 8.167
-10.203 -0.870
8.717 -6.550
-2.218 10.551
-5.251 -8.995
10.337 3.153
-9.823 3.891
4.058 -10.477
4.321 10.774
-10.518 -4.185
10.736 -2.655
-5.434 9.650
-2.152 -11.678
8.844 6.483
-12.137 1.060
6.716 -8.067
0.955 11.731
-8.318 -8.509
11.834 0.518
-8.924 6.854
2.160 -10.641
5.805 9.790
-11.778 -2.919
10.519 -5.941
-3.961 11.194
-4.958 -10.755
11.174 4.848
-11.576 3.195
5.859 -10.760
2.757 11.789
-10.915 -6.899
12.905 -2.434
-7.879 10.320
-0.532 -12.593
8.762 8.339
-12.792 -0.639
9.355 -8.977
-1.598 12.248
-7.104 -9.935
12.127 2.381
-10.710 6.701
3.533 -12.316
5.934 11.582
-12.116 -5.078
11.727 -4.400
-5.714 11.691
-3.671 -12.563
10.496 7.311
-13.196 2.540
7.637 -11.048
1.864 13.301
-10.668 -9.112
13.492 -0.724
-9.480 8.516
0.601 -13.930
8.555 10.056
-13.436 -2.278
11.813 -7.395
-3.570 13.710
-7.039 -12.517
13.086 4.012
-12.379 6.080
5.170 -12.981
4.497 12.759
-12.620 -7.501
13.657 -4.118
-7.522 12.129
-2.136 -14.501
11.020 9.509
-13.930 0.908
9.511 -10.902
-0.013 14.687
-9.017 -10.822
14.338 1.082
-12.154 8.360
2.716 -14.817
7.704 12.104
-14.193 -4.036
13.926 -6.962
-5.344 13.782
-5.260 -14.423
12.397 6.853
-14.623 3.622
7.593 -13.411
3.526 14.204
-12.477 -9.348
15.263 -1.671
-9.644 10.897
-0.477 -15.404
11.080 11.341
-16.224 -1.347
11.575 -9.312
-2.283 14.986
-8.614 -13.283
14.830 4.407
-13.604 7.309
5.413 -15.041
5.791 14.002
-13.789 -5.864
15.697 -5.135
-7.823 13.857
-3.852 -15.506
13.427 8.359
-15.785 2.159
9.981 -12.889
1.607 15.490
-11.866 -11.427
16.095 0.706
-12.696 10.940
1.497 -16.188
9.520 13.264
-15.959 -3.829
13.285 -8.635
-4.985 15.614
-7.073 -14.785
16.151 5.572
-15.440 5.327
7.273 -15.177
4.938 15.598
-14.645 -8.377
16.529 -3.470
-10.494 13.943
-1.486 -16.903
12.679 10.281
-15.913 0.437
11.569 -11.353
-0.478 17.079
-10.618 -12.989
16.201 2.659
-13.923 9.635
4.721 -16.715
7.625 15.668
-16.105 -6.066
15.852 -7.576
-8.083 15.611
-5.044 -16.883
15.147 8.860
-16.864 3.674
9.994 -14.684
2.843 16.864
-13.766 -10.637
17.437 -0.423
-11.838 12.706
0.223 -17.418
11.483 13.426
-17.662 -2.540
14.821 -9.435
-4.402 18.081
-8.926 -16.358
17.969 5.837
-15.765 7.103
6.944 -16.962
6.495 17.243
-16.408 -7.850
18.065 -4.440
-10.098 15.872
-3.126 -18.012
14.258 11.008
-17.910 2.199
12.060 -13.128
0.043 19.112
-13.363 -13.098
17.867 1.867
-14.659 11.766
2.918 -19.033
9.254 14.994
-17.837 -4.346
17.426 -8.541
-6.151 17.520
-7.279 -17.003
17.276 7.883
-18.720 5.415
9.106 -16.692
4.654 18.805
-15.500 -11.644
19.116 -2.243
-11.844 15.345
-1.214 -19.724
13.189 13.660
-19.028 -1.377
