1.304 -1.426
0.171 1.505
-1.148 -0.539
1.700 0.333
-1.997 1.006
0.861 -3.211
1.750 2.581
-3.586 -0.653
3.084 -1.439
-0.892 3.809
-1.727 -2.995
3.550 0.994
-3.762 1.387
2.578 -3.805
1.439 4.626
-3.394 -2.465
4.818 -0.823
-3.715 4.627
-0.359 -5.353
4.259 3.387
-5.197 0.344
4.533 -4.102
-0.113 5.444
-3.389 -5.214
6.314 0.978
-5.437 2.727
1.824 -5.377
3.125 5.175
-5.232 -2.306
6.273 -2.058
-2.125 5.572
-2.136 -6.542
6.058 3.253
-6.673 1.422
3.914 -6.390
1.210 6.630
-5.495 -5.029
7.479 -0.424
-5.907 5.326
0.181 -8.265
5.213 6.234
-7.271 -1.674
6.547 -3.862
-1.437 7.467
-4.007 -7.065
7.798 2.813
-7.351 3.142
2.326 -7.173
3.424 7.492
-7.146 -4.345
8.086 -2.171
-5.120 6.959
-1.581 -8.613
6.625 5.180
-8.200 0.498
5.694 -5.937
-0.168 8.702
-6.034 -6.763
8.545 1.150
-7.694 5.885
2.119 -8.990
4.778 8.722
-8.808 -2.853
9.033 -3.694
-3.313 9.013
-3.439 -8.752
9.213 3.932
-9.080 2.400
5.113 -8.057
1.981 8.969
-8.853 -5.563
9.892 -2.029
-6.535 8.047
-0.381 -10.551
8.151 7.491
-10.789 -0.700
8.403 -6.269
-1.244 10.165
-6.226 -8.951
10.463 2.604
-9.182 4.918
3.530 -10.214
3.528 9.959
-10.322 -4.439
10.925 -3.923
-4.567 10.358
-2.259 -10.826
9.445 5.784
-11.749 1.723
6.803 -8.600
0.615 12.167
-7.815 -7.007
11.759 -0.525
-8.808 8.001
0.951 -11.807
6.522 9.170
-10.555 -2.549
9.996 -5.442
-3.348 11.663
-5.551 -10.730
11.041 4.368
-10.930 4.560
5.254 -10.989
2.769 11.685
-10.538 -6.250
11.882 -2.323
-7.294 10.655
-1.960 -12.986
10.024 8.252
-12.604 0.070
8.655 -8.450
-1.107 12.760
-8.628 -9.678
12.181 2.046
-10.189 6.735
2.823 -12.031
6.304 10.949
-12.178 -3.981
11.791 -5.506
-5.519 11.922
-3.967 -11.880
11.473 6.138
-12.689 3.209
7.690 -10.221
2.055 13.281
-10.761 -8.037
13.360 -1.375
-9.497 10.327
-0.229 -13.509
8.163 9.786
-13.899 -1.111
10.363 -8.180
-2.769 13.343
-6.958 -12.076
13.570 4.070
-12.767 6.576
4.489 -12.930
5.622 12.593
-12.783 -5.642
12.915 -4.026
-7.958 12.337
-3.615 -13.799
11.845 7.961
-14.570 1.603
9.906 -10.664
0.397 13.954
-10.546 -9.904
14.677 0.552
-11.145 8.615
1.607 -14.289
7.909 12.452
-14.708 -3.257
12.378 -7.256
-4.554 14.036
-6.447 -14.172
13.577 5.845
-14.606 4.728
7.303 -12.137
3.083 14.746
-13.123 -8.080
14.324 -3.003
-9.799 12.126
-1.111 -15.314
10.536 10.037
-15.411 -0.088
11.740 -10.657
-1.941 16.164
-8.882 -11.908
14.892 2.831
-13.589 8.122
4.948 -14.659
6.805 13.862
-14.832 -5.960
14.205 -5.274
-6.365 13.565
-4.557 -15.874
13.561 8.326
-15.637 3.281
8.846 -13.112
1.579 15.853
-12.515 -10.447
15.539 -1.039
-11.854 11.439
1.296 -16.058
10.468 13.089
-16.122 -2.089
13.604 -9.028
-4.412 15.807
-8.142 -13.592
15.421 5.554
-15.034 6.527
6.161 -15.936
4.758 15.625
-14.900 -7.824
15.768 -4.363
-8.908 14.329
-2.862 -16.645
13.549 10.998
-16.946 0.866
10.739 -12.294
-0.146 15.918
-10.921 -11.978
17.050 1.103
-13.369 10.135
3.251 -16.093
9.118 14.267
-16.531 -5.330
15.937 -7.046
-6.652 15.872
-6.991 -16.119
15.305 8.650
-17.057 4.422
9.409 -14.812
3.053 16.987
-14.308 -10.525
16.957 -2.223
-11.135 13.367
0.216 -17.441
12.264 12.296
-17.398 -0.862
13.838 -10.984
-3.186 17.557
-8.885 -15.157
17.907 5.062
-16.674 8.321
6.491 -17.743
6.521 16.015
-16.696 -7.560
17.469 -5.859
-8.446 16.110
-3.775 -18.215
15.491 10.672
-18.115 2.463
11.523 -13.845
1.541 17.978
-12.678 -12.533
19.101 0.657
-13.579 12.874
2.521 -17.787
11.221 15.080
-18.913 -3.614
15.323 -8.698
-4.997 17.666
-7.897 -17.727
17.283 6.788
-17.259 6.651
8.510 -16.975
4.725 18.906
-16.347 -9.712
18.962 -3.962
-12.204 15.063
-1.541 -19.185
14.901 12.398
-19.755 0.490
14.134 -12.679
-2.073 18.965
