-0.685 1.807
-0.715 -1.335
1.266 0.077
-1.702 0.319
1.484 -1.673
0.388 3.302
-2.580 -1.751
3.573 -0.719
-2.334 2.477
-0.580 -3.869
2.712 2.144
-3.666 0.389
2.982 -2.679
-0.988 4.488
-3.048 -3.766
4.065 1.035
-4.172 2.546
1.741 -5.673
2.313 4.841
-5.209 -1.572
4.701 -2.241
-2.695 5.487
-1.908 -5.100
5.077 3.592
-6.228 1.425
4.044 -4.544
0.293 5.671
-4.817 -3.653
5.714 0.208
-5.068 4.231
-0.085 -5.963
4.403 5.289
-6.832 -0.782
5.675 -3.789
-1.274 7.385
-3.576 -5.713
6.965 2.641
-6.792 3.160
3.519 -7.132
2.888 7.746
-7.149 -3.865
7.374 -1.133
-4.655 6.009
-1.426 -7.469
6.335 5.083
-8.285 0.270
5.668 -5.637
0.491 7.525
-5.952 -5.695
8.246 1.395
-6.710 5.007
2.184 -8.359
4.653 7.418
-8.071 -2.363
7.435 -3.494
-3.096 7.621
-3.061 -8.147
8.107 4.053
-8.365 2.091
4.972 -8.312
1.356 9.137
-7.664 -6.337
9.238 -0.606
-7.027 6.773
-0.254 -9.600
6.431 6.860
-10.014 -0.247
7.549 -5.587
-1.772 9.377
-5.157 -7.601
10.282 1.895
-8.441 5.543
3.097 -9.893
4.255 9.662
-10.344 -3.946
10.283 -3.338
-5.489 8.931
-2.603 -9.904
9.095 6.015
-10.684 1.450
6.712 -7.964
0.497 10.795
-6.960 -7.949
11.232 0.308
-8.700 7.685
0.414 -11.313
6.102 9.223
-10.914 -1.882
10.279 -5.945
-3.141 10.506
-5.070 -11.078
9.852 3.621
-10.731 4.835
5.226 -10.690
3.482 11.322
-9.451 -6.108
10.749 -1.534
-7.276 8.753
-1.202 -12.075
9.125 7.917
-11.874 0.023
8.469 -8.278
-0.819 12.153
-6.893 -9.833
12.102 1.911
-10.181 6.552
2.837 -12.597
6.622 11.341
-12.365 -3.960
11.684 -4.726
-4.917 11.052
-3.689 -12.265
11.595 5.802
-12.075 2.603
6.977 -10.025
1.825 12.223
-9.905 -7.842
12.787 -0.804
-8.920 9.475
0.720 -13.117
8.079 9.571
-12.930 -1.461
10.603 -7.673
-3.366 12.340
-6.820 -11.580
12.970 3.488
-11.905 6.217
5.006 -13.107
5.208 12.467
-11.203 -6.074
13.325 -4.107
-6.604 11.432
-2.361 -13.421
10.930 8.648
-14.113 1.236
9.431 -10.830
0.610 13.673
-9.880 -9.622
13.963 0.516
-10.511 8.516
2.833 -14.405
8.461 11.484
-13.949 -3.017
12.944 -6.877
-5.261 13.571
-5.528 -12.819
13.461 5.303
-13.840 4.914
7.170 -12.125
3.790 13.870
-11.953 -8.645
14.870 -2.412
-8.818 11.318
-0.959 -14.725
11.230 10.784
-14.776 -0.411
11.823 -9.794
-2.297 13.977
-8.317 -12.561
15.181 2.655
-12.198 8.086
4.621 -14.890
6.694 13.818
-13.500 -5.430
14.351 -5.617
-6.967 14.242
-4.173 -15.736
12.655 7.780
-14.883 2.876
9.623 -12.571
0.823 15.449
-11.449 -10.364
15.985 0.054
-11.248 10.153
0.898 -14.957
10.103 13.064
-15.678 -2.722
13.315 -8.830
-3.371 15.453
-7.329 -14.146
15.490 5.079
-14.053 6.710
6.785 -15.011
4.734 15.399
-14.565 -8.291
15.752 -4.020
-9.302 13.418
-1.746 -16.318
12.591 9.619
-16.381 0.541
11.556 -11.623
0.168 17.084
-10.198 -12.758
16.737 1.760
-13.037 9.884
2.979 -16.607
8.814 14.407
-16.655 -5.209
15.425 -7.070
-5.432 15.393
-5.750 -14.844
14.576 7.091
-16.249 5.279
8.675 -14.360
2.930 16.155
-13.747 -9.885
17.330 -1.160
-12.202 12.439
0.312 -17.206
12.455 12.392
-17.418 -2.378
14.213 -10.415
-3.266 17.241
-9.118 -14.654
17.185 4.489
-14.933 8.335
5.403 -16.537
6.248 16.285
-15.941 -6.890
16.483 -5.632
-8.796 15.322
-3.532 -17.491
13.860 10.798
-18.510 1.918
12.416 -13.896
0.529 18.886
-11.980 -12.469
18.309 0.851
-14.065 11.903
1.891 -18.091
10.242 15.529
-18.339 -4.188
15.920 -8.987
-5.587 17.124
-8.079 -16.135
16.413 6.957
-17.990 6.452
7.856 -16.982
4.235 17.458
-16.002 -9.862
18.909 -3.636
-11.021 13.748
-1.889 -18.262
13.892 13.551
-18.568 0.083
13.576 -12.561
-1.631 18.919
-11.380 -15.819
18.779 2.979
-16.154 10.692
5.769 -18.508
8.526 17.256
-18.429 -6.010
18.174 -7.760
-8.445 17.007
-5.086 -18.388
