0.492 -1.869
0.851 1.253
-1.267 0.056
1.660 -0.495
-1.301 1.819
-0.731 -3.243
2.749 1.471
-3.479 1.089
2.062 -2.708
0.981 3.787
-2.921 -1.849
3.605 -0.770
-2.686 2.976
0.513 -4.567
3.425 3.427
-4.151 -0.605
3.883 -2.968
-1.139 5.823
-2.806 -4.573
5.345 1.019
-4.441 2.720
2.106 -5.739
2.430 4.872
-5.424 -3.041
6.045 -2.069
-3.547 4.942
-0.884 -5.609
5.173 3.129
-5.705 0.391
4.598 -4.738
0.708 5.921
-4.932 -4.799
6.876 0.064
-5.248 4.361
0.495 -7.477
4.154 5.308
-7.203 -1.898
6.425 -3.852
-2.754 7.461
-3.681 -7.402
7.513 3.096
-7.216 1.898
4.002 -6.463
2.199 7.279
-6.832 -4.393
8.212 -1.134
-5.048 6.198
-1.275 -7.432
6.514 5.042
-8.346 -0.525
6.150 -5.681
-1.298 8.541
-5.403 -6.891
8.274 1.507
-7.029 4.252
2.282 -7.903
3.896 7.783
-8.487 -3.183
8.100 -2.954
-4.076 8.787
-2.303 -8.945
8.284 5.501
-9.125 1.568
6.281 -7.470
1.256 9.520
-7.113 -6.150
9.985 -0.801
-6.924 6.346
0.782 -9.510
5.923 7.020
-10.424 -0.810
7.815 -6.395
-2.046 10.163
-5.242 -9.164
10.699 2.843
-9.878 4.395
4.526 -9.456
3.624 9.578
-9.674 -5.031
10.474 -2.558
-5.843 8.622
-1.623 -10.684
7.753 7.178
-11.202 0.868
7.849 -8.552
0.771 11.294
-7.033 -8.535
11.051 0.731
-9.601 6.987
2.025 -10.777
6.200 10.487
-10.177 -2.571
10.167 -5.931
-4.080 11.178
-4.647 -10.896
10.037 5.087
-10.530 2.650
6.321 -9.465
2.457 11.883
-9.903 -6.919
11.806 -1.265
-7.557 9.118
-0.456 -12.172
7.883 9.059
-12.235 -0.635
9.441 -7.580
-1.505 12.824
-7.771 -10.586
12.711 2.646
-11.126 5.921
3.735 -11.505
4.951 11.813
-12.138 -4.558
11.736 -3.851
-5.890 10.699
-3.093 -11.965
10.671 6.763
-12.633 2.136
7.881 -10.356
0.655 13.121
-9.035 -8.674
13.012 0.102
-9.743 8.739
2.058 -12.624
7.993 10.803
-13.263 -2.114
11.190 -7.428
-3.608 13.558
-6.483 -11.855
11.777 4.870
-12.822 5.477
5.373 -12.060
3.751 13.101
-11.774 -7.458
13.906 -2.704
-8.247 11.756
-2.036 -13.535
10.832 8.537
-13.941 0.947
9.563 -9.568
-1.312 14.622
-9.615 -10.537
14.188 1.542
-12.155 8.192
3.814 -14.047
6.838 12.171
-13.941 -3.867
13.251 -6.334
-5.863 12.808
-5.219 -13.398
12.791 7.348
-14.536 3.953
7.587 -12.178
2.493 14.544
-12.296 -9.551
14.738 -1.136
-10.734 10.976
0.824 -14.141
9.585 11.623
-15.375 -1.053
11.286 -9.317
-3.039 15.291
-8.102 -13.043
13.994 3.989
-13.685 7.086
5.440 -14.893
5.795 15.213
-13.399 -6.415
14.501 -4.416
-8.257 13.508
-2.433 -15.279
12.469 9.110
-15.903 1.618
10.125 -11.273
0.670 14.969
-11.413 -11.937
15.877 1.068
-12.319 10.173
1.737 -15.721
8.767 13.302
-15.937 -3.432
13.275 -8.143
-5.178 15.638
-6.317 -14.820
15.352 6.723
-15.245 5.645
7.849 -14.317
3.442 16.047
-13.527 -8.250
16.235 -2.251
-10.277 12.767
-1.953 -16.973
11.476 11.622
-16.830 -0.001
11.933 -11.193
-1.227 16.827
-10.272 -13.407
17.108 3.440
-14.601 8.644
3.793 -15.877
7.270 14.162
-15.237 -5.528
15.609 -6.949
-7.126 15.188
-4.603 -15.760
14.705 8.393
-17.114 2.965
10.835 -13.646
1.488 17.145
-13.682 -11.022
17.571 0.544
-13.046 11.844
1.445 -17.488
10.600 13.621
-17.560 -2.668
13.980 -9.851
-3.645 17.011
-7.916 -15.542
16.574 5.186
-15.804 7.324
7.147 -16.157
5.341 17.026
-14.913 -9.290
18.208 -3.842
-10.895 15.118
-2.500 -18.727
13.218 11.149
-18.297 1.067
12.743 -13.308
0.010 18.190
-11.809 -14.373
18.677 2.248
-14.894 10.602
3.766 -17.615
9.721 15.202
-17.050 -5.203
17.217 -8.297
-6.038 17.711
-6.036 -16.920
16.945 8.136
-18.426 5.592
9.524 -14.824
3.788 17.964
-15.232 -12.025
18.458 -2.023
-12.189 13.912
-0.356 -18.986
12.972 14.543
-18.988 -1.000
14.948 -12.322
-3.803 19.010
-10.283 -16.270
18.957 4.051
-17.263 9.617
6.621 -17.796
6.980 17.755
