1.837 -0.599
-0.593 1.394
-0.734 -1.035
1.315 1.127
-2.234 -0.108
2.330 -2.371
0.253 3.108
-2.800 -2.334
3.393 0.267
-2.652 2.876
-0.028 -3.457
2.600 2.613
-3.957 -0.645
4.117 -2.042
-1.025 4.735
-1.740 -3.816
4.598 1.656
-5.512 2.197
2.324 -4.836
2.039 5.045
-4.693 -2.259
5.965 -1.338
-2.779 4.682
-0.382 -6.207
5.013 3.961
-6.075 -0.304
4.236 -3.782
0.172 6.043
-3.419 -4.583
6.473 1.298
-4.593 3.803
1.363 -6.745
3.671 5.814
-6.509 -2.048
6.553 -3.634
-2.211 6.367
-2.306 -7.083
6.719 3.314
-7.764 1.727
4.227 -7.104
1.468 7.993
-5.504 -5.037
7.600 -0.137
-4.927 5.792
-0.008 -8.122
5.402 6.288
-7.945 -0.885
5.557 -5.098
-0.709 8.207
-4.080 -7.300
8.106 2.092
-7.883 3.536
2.865 -8.275
3.215 7.771
-7.382 -3.605
7.879 -2.363
-4.432 7.491
-1.922 -8.858
6.871 5.209
-9.594 1.333
6.271 -6.782
-0.137 9.944
-6.261 -6.820
9.681 1.233
-7.322 6.213
1.316 -9.311
6.082 7.959
-9.085 -2.382
8.418 -4.495
-2.693 8.782
-4.966 -9.201
9.609 3.105
-9.651 3.786
4.864 -9.370
3.406 10.534
-9.045 -5.922
10.400 -1.318
-6.088 8.234
-1.011 -10.857
7.824 7.418
-10.413 -0.241
8.102 -7.152
-1.833 10.405
-6.798 -8.946
11.440 1.965
-9.076 6.766
3.364 -10.535
5.372 9.685
-11.074 -4.286
10.156 -4.136
-5.457 10.893
-3.351 -9.947
10.493 5.333
-11.606 2.626
6.642 -9.808
1.162 11.193
-7.931 -7.416
11.380 0.186
-8.657 8.502
0.452 -12.072
7.458 9.239
-11.758 -1.413
9.984 -6.977
-3.344 11.534
-6.094 -10.629
11.486 3.829
-11.595 5.682
4.689 -12.267
4.661 12.118
-11.004 -6.145
11.694 -3.093
-7.247 10.561
-2.744 -12.672
9.595 7.779
-12.184 0.845
8.382 -9.081
0.095 12.633
-8.639 -9.462
12.974 1.015
-10.674 7.658
2.397 -12.293
6.963 10.992
-12.624 -3.456
11.726 -5.109
-4.751 12.571
-5.408 -12.294
12.305 5.382
-13.351 4.312
6.453 -11.871
2.286 12.537
-11.550 -7.811
13.048 -2.017
-8.980 10.250
-0.109 -13.937
9.806 10.224
-14.350 -0.563
10.274 -9.043
-1.308 13.729
-8.348 -11.205
13.223 2.856
-13.001 6.818
3.648 -13.790
6.390 12.762
-13.470 -5.779
13.873 -4.404
-6.526 12.340
-4.302 -13.813
12.502 7.707
-13.942 2.010
8.435 -11.645
0.752 14.732
-11.197 -10.078
14.346 -0.220
-10.875 9.974
1.367 -15.509
8.938 11.773
-15.041 -3.077
12.333 -6.968
-4.578 14.353
-7.443 -13.494
13.945 4.440
-14.500 5.729
6.574 -13.875
4.228 13.924
-13.370 -7.665
15.465 -3.494
-9.649 13.113
-1.866 -14.738
11.567 9.797
-15.827 0.377
11.524 -10.322
-0.903 15.416
-9.975 -12.491
14.960 2.404
-12.219 8.672
3.851 -16.060
7.703 13.924
-15.225 -4.844
14.156 -7.056
-6.432 14.575
-5.748 -15.255
14.036 6.748
-15.950 4.119
9.035 -13.338
2.665 16.546
-13.003 -9.757
16.286 -1.158
-11.624 11.586
-0.393 -15.840
10.686 12.428
-16.299 -1.723
13.209 -10.836
-3.553 15.942
-9.116 -14.147
15.872 3.967
-14.809 8.084
5.705 -15.897
6.377 16.244
-15.176 -7.591
15.400 -5.412
-7.966 13.782
-3.607 -15.803
14.296 9.356
-16.627 2.238
10.754 -12.406
0.911 16.907
-11.763 -12.779
17.340 1.715
-13.605 10.539
1.853 -17.472
9.061 15.065
-17.023 -4.550
15.483 -8.259
-5.707 16.288
-7.270 -16.206
15.853 6.415
-16.273 6.151
8.776 -15.074
4.619 16.741
-14.718 -9.317
17.453 -2.745
-11.418 13.712
-0.270 -17.568
13.093 13.224
-18.610 -0.969
14.387 -12.246
-2.211 17.150
-10.809 -14.802
18.090 3.503
-15.284 9.862
5.684 -17.713
8.227 16.917
-16.979 -6.776
16.846 -6.376
-7.512 16.406
-4.863 -17.151
16.301 9.978
-18.158 4.518
10.952 -14.240
2.340 18.651
-14.682 -12.459
17.620 -0.025
-13.048 12.915
1.856 -19.318
11.699 14.419
-18.296 -2.710
15.766 -10.584
-5.197 18.782
-9.445 -16.502
18.455 5.890
-18.039 7.101
8.106 -17.457
6.864 18.129
-17.435 -9.301
18.546 -4.075
-11.143 15.486
