-1.902 -0.344
1.183 -0.946
0.155 1.259
-0.624 -1.616
1.915 1.154
-3.176 0.983
1.251 -2.856
1.359 3.382
-2.861 -1.843
3.699 -1.275
-1.614 3.057
-1.051 -3.534
3.178 2.444
-4.593 -0.153
3.147 -3.683
-0.277 4.185
-3.264 -3.638
5.895 0.679
-4.339 3.156
0.596 -5.408
3.061 4.214
-5.886 -1.650
4.667 -2.805
-2.606 5.646
-2.537 -5.864
5.205 3.148
-5.522 1.322
2.714 -5.402
0.837 5.656
-5.084 -4.212
5.847 -1.171
-4.398 5.293
-0.476 -6.860
4.760 4.889
-7.493 0.093
4.966 -4.557
-1.327 7.330
-4.345 -6.103
7.654 2.160
-7.090 4.251
2.497 -7.733
2.458 7.044
-6.757 -3.482
7.084 -2.764
-3.843 7.155
-1.775 -8.097
6.575 4.546
-7.309 1.854
4.515 -6.890
0.131 8.362
-6.146 -5.685
8.617 0.624
-6.445 5.927
0.853 -8.366
4.791 6.674
-8.058 -1.655
7.453 -4.495
-2.507 8.710
-3.580 -7.844
9.079 3.374
-8.737 2.998
4.834 -8.690
2.279 8.973
-7.940 -5.675
9.392 -1.999
-5.573 7.574
-1.582 -9.891
6.869 6.405
-9.542 -0.033
6.534 -6.456
0.010 10.455
-6.988 -7.289
10.292 1.242
-8.725 5.944
1.995 -10.889
5.156 9.502
-9.782 -3.770
9.264 -4.364
-4.257 10.039
-3.372 -10.241
9.054 5.149
-10.524 2.456
6.547 -8.292
1.744 11.100
-9.141 -7.154
11.199 -1.655
-7.957 7.681
-0.139 -11.074
7.718 9.024
-10.903 -1.174
9.968 -7.004
-1.765 10.347
-6.710 -9.670
11.464 3.190
-10.498 5.487
4.284 -10.405
3.468 10.290
-9.932 -5.559
11.653 -3.382
-6.121 10.415
-2.187 -11.671
9.683 6.819
-12.099 1.409
8.413 -8.570
0.327 12.247
-8.298 -8.817
12.903 0.494
-9.944 8.578
1.641 -12.880
6.776 10.628
-11.763 -2.821
11.388 -5.863
-3.592 12.458
-4.760 -11.398
11.128 5.033
-11.685 4.022
5.905 -11.169
3.120 12.427
-10.942 -7.044
13.029 -1.683
-7.939 9.688
-0.920 -12.980
9.477 9.028
-12.747 -1.061
10.143 -8.816
-1.067 13.388
-8.283 -10.572
13.800 2.533
-11.310 7.393
3.931 -12.122
6.467 12.353
-12.444 -4.410
12.766 -4.767
-6.511 12.323
-3.787 -13.651
12.367 7.299
-13.333 3.091
7.661 -11.468
2.038 13.824
-10.289 -8.783
14.680 0.160
-9.750 10.412
0.424 -14.266
9.120 11.474
-14.303 -2.700
11.597 -7.771
-2.761 14.202
-7.354 -12.713
13.229 4.840
-12.947 6.254
6.322 -13.328
5.081 14.181
-12.736 -6.608
14.304 -3.626
-8.557 13.007
-2.289 -14.603
11.784 9.840
-14.162 0.288
10.835 -10.467
0.156 15.410
-10.174 -10.520
15.483 1.830
-12.367 9.100
2.879 -14.264
8.138 13.087
-15.274 -4.255
14.712 -6.971
-5.344 13.861
-5.540 -14.110
14.114 7.171
-15.041 3.625
8.104 -13.145
2.860 15.727
-12.032 -9.209
14.870 -1.842
-11.005 12.315
-0.181 -15.912
11.109 11.483
-15.809 -0.498
12.573 -9.784
-2.171 16.157
-9.159 -12.595
15.996 3.936
-14.279 7.461
5.498 -15.832
6.823 14.755
-14.888 -6.701
15.727 -4.690
-7.163 14.133
-3.517 -16.009
13.534 9.244
-16.767 3.279
10.686 -12.352
1.320 16.778
-12.094 -11.018
16.872 -0.097
-12.560 11.292
2.087 -17.325
9.763 13.878
-16.125 -2.536
13.548 -8.358
-4.316 15.624
-8.152 -15.015
15.700 5.912
-15.350 5.825
7.214 -15.318
4.299 16.829
-14.455 -9.731
16.975 -2.829
-9.915 14.505
-0.836 -17.560
12.831 12.077
-17.548 -0.069
12.747 -11.636
-1.282 17.716
-10.917 -13.164
17.245 2.299
-14.873 9.111
3.870 -16.930
8.542 15.181
-16.668 -5.857
16.554 -6.660
-8.091 15.596
-5.259 -17.850
15.926 9.675
-18.473 3.962
10.077 -14.052
2.499 18.157
-14.267 -11.660
18.133 -1.437
-13.402 12.901
0.776 -18.795
11.738 14.016
-17.856 -2.373
14.392 -10.884
-3.849 17.406
-9.623 -16.513
18.130 4.630
-16.394 7.345
6.781 -17.531
7.021 17.930
-15.526 -8.331
17.612 -5.186
-10.792 16.129
-3.465 -18.242
14.825 11.060
-18.900 1.844
13.480 -14.073
0.493 19.008
-13.457 -13.935
19.249 2.300
-15.413 11.527
2.551 -19.216
10.942 16.455
-18.261 -5.204
17.153 -8.352
