1.927 -0.150
-0.904 1.216
-0.470 -1.178
1.013 1.405
-2.146 -0.631
2.823 -1.757
-0.485 3.080
-2.172 -2.927
3.235 1.057
-3.254 2.172
0.785 -3.367
1.913 3.151
-3.694 -1.558
4.482 -1.017
-2.110 4.361
-0.794 -4.119
4.080 2.691
-5.874 0.840
3.396 -4.154
0.796 5.383
-4.030 -3.299
6.112 0.102
-3.802 3.897
1.088 -6.123
3.942 5.029
-5.833 -1.724
5.006 -2.680
-1.254 5.914
-2.245 -5.259
5.986 2.784
-5.359 2.616
2.910 -6.236
2.201 6.514
-5.844 -3.521
7.224 -1.991
-3.647 5.668
-0.576 -7.426
5.751 4.800
-7.952 -0.147
5.779 -5.911
-0.453 8.114
-4.165 -6.190
7.419 1.654
-6.151 4.471
1.902 -7.897
3.772 7.382
-7.514 -2.729
6.600 -3.648
-2.619 7.810
-2.249 -8.055
7.387 3.940
-8.493 1.583
4.730 -7.369
1.298 8.309
-6.327 -5.240
8.214 -0.444
-6.069 6.239
0.215 -9.061
5.453 6.678
-9.638 -0.960
7.690 -5.117
-2.471 9.633
-4.481 -8.101
9.120 3.475
-8.578 4.317
3.469 -8.740
4.040 9.166
-8.270 -4.452
9.239 -2.389
-4.682 7.902
-2.663 -10.110
8.609 5.277
-10.270 1.411
6.931 -7.964
0.833 11.039
-7.399 -7.883
10.418 1.164
-7.853 6.572
1.570 -10.790
5.861 9.050
-10.064 -2.683
9.556 -5.046
-4.229 9.682
-4.503 -10.294
10.657 4.600
-10.412 4.442
5.747 -9.448
2.944 10.676
-9.756 -6.770
10.844 -1.632
-7.865 9.304
-0.919 -10.456
8.944 7.651
-11.898 -0.177
8.762 -7.972
-1.503 11.152
-5.965 -9.073
11.018 2.857
-10.414 6.228
3.278 -11.627
5.077 10.734
-11.096 -4.138
11.345 -4.433
-5.962 10.424
-3.424 -11.764
10.263 6.423
-12.606 2.796
7.442 -10.821
1.681 12.874
-9.251 -8.560
12.093 -0.256
-9.527 8.561
0.313 -12.961
7.497 9.817
-12.041 -2.044
10.282 -6.856
-2.878 12.302
-6.172 -11.228
12.371 4.037
-12.175 4.934
5.221 -11.385
4.183 12.321
-11.457 -6.327
12.599 -2.208
-7.574 11.101
-2.366 -13.220
10.695 8.124
-13.991 1.052
9.063 -10.021
-0.726 12.723
-9.390 -10.308
13.156 1.108
-11.139 7.851
3.171 -13.572
7.127 12.243
-13.815 -3.922
12.112 -6.374
-4.500 13.037
-5.479 -12.854
12.181 5.885
-14.240 3.570
6.789 -12.546
3.210 13.906
-11.734 -8.784
14.519 -1.018
-9.245 10.460
-0.933 -14.438
10.339 10.431
-14.024 -1.325
10.936 -9.335
-2.733 14.496
-8.513 -12.428
13.996 3.160
-12.915 7.137
4.976 -14.753
5.919 13.545
-13.895 -6.528
13.625 -3.873
-7.824 12.874
-4.062 -14.866
12.510 7.594
-15.440 2.158
9.653 -11.941
0.835 14.528
-11.193 -10.594
15.853 0.240
-12.461 10.476
1.652 -14.764
8.939 12.242
-15.472 -3.355
13.628 -7.323
-4.503 14.772
-6.758 -14.487
13.975 5.855
-13.916 5.556
7.519 -14.704
4.213 15.345
-13.659 -8.288
15.418 -3.530
-9.679 12.654
-2.000 -16.179
12.055 9.859
-16.472 0.253
11.918 -10.840
-1.300 16.709
-10.344 -12.541
16.102 2.704
-14.022 8.528
3.342 -15.488
7.465 14.592
-15.437 -5.507
15.387 -7.426
-7.202 14.659
-5.534 -15.894
14.494 7.588
-16.295 4.376
9.283 -14.110
2.378 17.288
-12.965 -10.946
16.241 -1.639
-10.983 11.523
0.210 -16.208
11.695 12.455
-16.687 -1.735
13.370 -9.530
-3.090 16.648
-8.428 -15.187
16.451 5.745
-15.702 7.044
5.910 -16.546
5.265 16.773
-15.476 -8.426
16.991 -4.386
-9.377 14.490
-3.255 -17.461
13.900 9.963
-17.263 2.152
12.074 -12.587
0.553 17.358
-12.115 -12.517
17.609 1.435
-14.322 10.643
3.869 -17.138
9.617 15.932
-17.860 -5.317
16.863 -8.520
-6.181 16.149
-7.025 -16.928
16.759 7.658
-17.175 5.991
9.690 -15.879
4.019 18.377
-14.910 -10.579
17.873 -2.236
-11.159 14.180
-0.694 -17.813
13.498 13.531
-18.711 0.122
13.994 -11.265
-2.111 18.678
-11.341 -15.562
17.132 4.119
-15.719 9.485
6.346 -18.340
7.981 16.765
-17.146 -6.936
17.813 -6.580
-9.468 17.033
-5.300 -18.261
16.553 10.064
-19.203 2.660
11.983 -15.061
2.409 19.234
-14.759 -13.140
18.984 0.400
-14.472 12.431
