-0.554 -1.851
1.379 0.626
-1.052 0.708
1.159 -1.287
-0.163 2.230
-2.313 -2.388
3.113 -0.177
-2.402 2.742
0.349 -3.385
2.811 2.721
-3.457 -0.056
2.676 -2.536
-0.742 3.940
-1.941 -4.166
4.709 1.141
-3.858 1.646
1.768 -4.557
2.062 5.564
-4.777 -2.441
5.093 -1.915
-2.373 4.636
-1.192 -5.996
4.613 2.893
-6.215 0.230
4.082 -4.915
-0.453 6.066
-3.677 -4.327
6.046 -0.024
-4.666 3.306
1.456 -6.439
3.689 4.685
-6.710 -1.527
5.902 -3.528
-2.207 6.457
-3.473 -6.640
6.311 2.366
-7.137 2.133
3.477 -6.636
1.536 7.803
-6.999 -4.400
8.026 -1.272
-5.170 5.379
0.049 -7.601
5.670 5.067
-8.120 -0.190
6.418 -5.247
-1.079 7.921
-4.960 -5.680
8.187 0.909
-7.398 3.900
2.290 -8.053
3.342 7.967
-8.202 -3.066
7.847 -3.025
-3.784 7.292
-2.170 -7.935
7.380 4.613
-8.902 1.705
5.375 -6.742
1.099 9.624
-6.626 -6.435
9.937 0.380
-6.971 6.092
1.469 -9.648
6.033 7.472
-9.276 -1.543
8.105 -5.886
-2.604 9.024
-4.288 -8.525
8.713 2.906
-9.319 4.740
3.339 -9.530
3.549 9.740
-9.249 -5.091
10.614 -3.148
-6.141 8.898
-1.064 -10.429
8.083 6.287
-10.878 0.746
7.607 -7.641
-0.495 10.404
-6.952 -8.274
10.357 2.087
-9.110 6.577
2.244 -11.389
6.542 9.238
-10.449 -3.621
9.813 -5.134
-4.555 10.966
-3.886 -10.254
10.756 5.721
-10.026 3.107
5.588 -10.359
2.342 11.666
-9.643 -6.879
11.218 -0.888
-7.607 7.748
0.464 -11.373
8.288 8.862
-12.057 -0.747
9.418 -7.231
-1.700 11.720
-6.731 -10.152
11.449 3.625
-10.774 5.833
4.109 -11.389
5.397 11.730
-12.149 -4.987
12.228 -4.364
-6.412 10.851
-2.806 -11.766
10.381 7.503
-12.735 2.433
8.011 -9.402
0.547 12.201
-8.874 -8.601
12.632 0.213
-9.670 8.405
1.331 -12.945
7.395 10.858
-12.231 -2.697
11.159 -6.693
-3.763 12.536
-4.821 -11.848
12.451 5.057
-12.422 5.106
5.681 -12.170
3.984 13.453
-11.710 -6.741
12.589 -1.979
-8.091 11.356
-1.697 -13.093
10.027 9.228
-13.935 -0.232
10.461 -9.554
-0.914 14.331
-8.789 -10.492
13.693 1.643
-11.406 8.071
3.178 -13.150
6.499 13.164
-13.697 -3.984
12.914 -6.076
-6.106 13.325
-4.063 -13.976
12.177 6.826
-13.914 3.963
8.010 -12.310
1.669 13.987
-11.435 -8.717
14.746 -0.392
-10.348 10.947
0.131 -14.347
9.705 11.116
-15.471 -1.746
11.988 -8.648
-3.444 14.961
-6.664 -12.499
14.236 4.927
-13.672 7.111
4.779 -13.833
5.373 14.636
-13.711 -6.911
14.023 -3.886
-7.989 13.179
-3.116 -15.546
12.873 9.966
-14.779 1.506
10.077 -11.325
-0.010 15.831
-10.037 -11.773
15.390 1.280
-12.731 9.666
2.769 -14.897
8.371 12.428
-15.961 -4.242
14.108 -7.360
-5.215 15.102
-6.708 -14.324
14.414 6.786
-15.391 5.374
7.089 -13.867
3.728 16.046
-13.114 -9.358
16.607 -2.260
-10.072 12.761
-0.760 -16.309
11.298 11.903
-15.844 0.006
12.685 -10.380
-2.120 16.252
-10.510 -13.470
15.850 3.941
-14.365 8.768
4.354 -15.771
7.720 15.002
-15.753 -6.092
16.395 -5.978
-7.959 14.986
-5.034 -15.528
13.583 8.300
-15.886 3.220
9.702 -14.063
1.831 16.677
-12.140 -11.054
16.925 -0.497
-13.063 11.447
2.138 -17.293
10.203 13.858
-17.421 -2.280
15.282 -8.690
-4.965 16.907
-7.878 -15.680
16.144 6.103
-16.379 6.872
6.801 -15.692
5.752 16.419
-14.855 -9.142
16.849 -4.209
-9.674 14.486
-2.318 -17.515
13.429 11.750
-17.569 -0.160
13.540 -12.766
-1.423 18.581
-11.891 -14.682
17.091 2.629
-15.062 10.444
3.943 -17.999
9.486 15.521
-17.568 -6.115
17.113 -7.812
-7.189 16.809
-5.963 -16.997
16.218 7.911
-17.264 4.442
10.373 -16.053
4.073 18.263
-13.968 -11.297
18.702 -1.884
-12.814 14.373
0.405 -17.615
12.593 13.360
-19.267 -2.327
14.700 -11.344
-3.156 18.225
-10.196 -16.020
18.649 5.655
-16.728 9.039
6.339 -18.305
6.658 18.207
-17.254 -8.530
18.291 -6.419
-9.725 17.203
-3.621 -18.640
15.209 11.518
