-0.605 1.835
-0.773 -1.303
1.268 0.021
-1.687 0.393
1.410 -1.736
0.531 3.282
-2.654 -1.636
3.539 -0.875
-2.224 2.577
-0.748 -3.840
2.803 2.024
-3.645 0.549
2.863 -2.807
-0.791 4.527
-3.209 -3.629
4.106 0.857
-4.057 2.726
1.492 -5.743
2.522 4.736
-5.273 -1.343
4.599 -2.444
-2.453 5.599
-2.128 -5.012
5.229 3.367
-6.160 1.696
3.842 -4.716
0.540 5.653
-4.972 -3.439
5.718 -0.042
-4.878 4.448
-0.345 -5.953
4.630 5.091
-6.859 -0.484
5.504 -4.033
-0.951 7.433
-3.822 -5.551
7.074 2.334
-6.648 3.453
3.205 -7.279
3.223 7.613
-7.310 -3.549
7.318 -1.454
-4.389 6.206
-1.751 -7.400
6.551 4.802
-8.266 0.631
5.417 -5.879
0.819 7.496
-6.194 -5.430
8.299 1.034
-6.485 5.295
1.817 -8.446
4.973 7.208
-8.166 -2.009
7.275 -3.815
-2.760 7.749
-3.414 -8.006
8.276 3.695
-8.266 2.454
4.605 -8.521
1.753 9.069
-7.933 -5.997
9.203 -1.008
-6.725 7.073
-0.673 -9.579
6.725 6.573
-10.015 0.190
7.298 -5.911
-1.361 9.445
-5.483 -7.369
10.355 1.445
-8.191 5.906
2.662 -10.019
4.672 9.467
-10.506 -3.491
10.128 -3.784
-5.095 9.162
-3.032 -9.781
9.348 5.612
-10.610 1.914
6.359 -8.250
0.967 10.763
-7.300 -7.638
11.234 -0.182
-8.356 8.057
-0.080 -11.320
6.499 8.948
-10.986 -1.404
10.010 -6.388
-2.679 10.633
-5.548 -10.846
10.001 3.188
-10.510 5.299
4.754 -10.908
3.973 11.160
-9.708 -5.690
10.672 -2.002
-6.887 9.062
-1.727 -12.011
9.462 7.511
-11.861 0.541
8.100 -8.640
-0.288 12.177
-7.316 -9.523
12.174 1.381
-9.886 6.990
2.285 -12.709
7.111 11.041
-12.526 -3.417
11.467 -5.231
-4.430 11.256
-4.221 -12.093
11.837 5.290
-11.950 3.127
6.533 -10.320
2.357 12.132
-10.238 -7.402
12.740 -1.361
-8.498 9.855
0.147 -13.136
8.488 9.210
-12.981 -0.896
10.259 -8.128
-2.825 12.475
-7.319 -11.271
13.109 2.919
-11.622 6.731
4.429 -13.313
5.747 12.228
-11.457 -5.580
13.133 -4.684
-6.099 11.710
-2.944 -13.306
11.296 8.163
-14.045 1.850
8.949 -11.231
1.206 13.634
-10.290 -9.182
13.973 -0.094
-10.130 8.966
2.202 -14.515
8.954 11.104
-14.068 -2.406
12.632 -7.435
-4.664 13.788
-6.082 -12.565
13.679 4.711
-13.613 5.513
6.634 -12.426
4.391 13.692
-12.319 -8.115
14.750 -3.058
-8.316 11.692
-1.600 -14.669
11.690 10.283
-14.780 0.234
11.385 -10.300
-1.686 14.064
-8.857 -12.186
15.282 1.990
-11.834 8.610
3.967 -15.077
7.291 13.513
-13.724 -4.836
14.092 -6.237
-6.339 14.533
-4.856 -15.539
12.983 7.221
-14.744 3.522
9.066 -12.978
1.496 15.399
-11.890 -9.855
15.972 -0.644
-10.794 10.634
0.245 -14.982
10.663 12.611
-15.782 -2.035
12.918 -9.402
-2.694 15.586
-7.939 -13.813
15.697 4.399
-13.747 7.317
6.124 -15.293
5.401 15.178
-14.913 -7.648
15.561 -4.703
-8.708 13.811
-2.456 -16.227
12.998 9.060
-16.342 1.255
11.038 -12.116
0.913 17.061
-10.745 -12.301
16.798 1.028
-12.594 10.443
2.252 -16.721
9.434 14.009
-16.866 -4.478
15.102 -7.737
-4.755 15.615
-6.392 -14.579
14.871 6.448
-16.004 5.983
8.040 -14.725
3.632 16.011
-14.165 -9.275
17.263 -1.915
-11.648 12.960
-0.439 -17.204
12.984 11.837
-17.505 -1.616
13.745 -11.025
-2.510 17.367
-9.748 -14.242
17.365 3.735
-14.556 8.979
4.676 -16.757
6.953 15.997
-16.227 -6.188
16.222 -6.346
-8.120 15.691
-4.291 -17.320
14.318 10.183
-18.409 2.724
11.798 -14.425
1.352 18.845
-12.513 -11.935
18.328 0.052
-13.532 12.505
1.100 -18.156
10.910 15.067
-18.504 -3.384
15.513 -9.673
-4.835 17.352
-8.775 -15.767
16.701 6.234
-17.692 7.231
7.108 -17.309
4.992 17.257
-16.417 -9.155
18.733 -4.457
-10.411 14.215
-2.684 -18.162
14.470 12.932
-18.547 0.893
13.016 -13.142
-0.804 18.972
-12.060 -15.308
18.891 2.157
-15.672 11.387
4.957 -18.742
9.270 16.867
-18.674 -5.200
17.818 -8.545
-7.695 17.359
-5.883 -18.148
