-1.919 0.230
0.852 -1.252
0.519 1.157
-1.071 -1.361
2.170 0.540
-2.747 1.873
0.356 -3.098
2.293 2.833
-3.277 -0.921
3.160 -2.306
-0.644 3.397
-2.043 -3.068
3.756 1.402
-4.435 1.204
1.925 -4.446
0.966 4.082
-4.189 -2.518
5.834 -1.085
-3.219 4.292
-1.020 -5.345
4.164 3.128
-6.111 0.154
3.635 -4.053
-0.831 6.163
-4.149 -4.859
5.900 1.478
-4.890 2.887
1.005 -5.962
2.463 5.160
-6.098 -2.531
5.244 -2.838
-2.647 6.352
-2.472 -6.417
5.987 3.274
-7.135 2.292
3.406 -5.816
0.887 7.396
-5.947 -4.555
7.951 -0.186
-5.527 6.148
0.113 -8.126
4.421 6.010
-7.482 -1.342
5.959 -4.724
-1.569 7.969
-4.078 -7.217
7.622 2.412
-6.441 3.921
2.290 -7.913
2.584 7.954
-7.546 -3.627
8.419 -1.937
-4.418 7.560
-1.645 -8.247
6.541 4.970
-8.188 0.788
5.802 -6.487
0.165 9.062
-5.728 -6.444
9.670 0.556
-7.469 5.434
2.065 -9.728
4.817 7.907
-9.258 -3.090
8.389 -4.673
-3.100 8.878
-4.421 -8.989
8.449 4.102
-9.130 2.774
4.347 -8.092
3.084 9.990
-8.823 -4.912
10.202 -1.839
-6.591 8.247
-1.295 -10.995
7.722 7.566
-10.458 -0.727
7.571 -6.895
-1.117 10.846
-6.234 -8.797
10.168 2.259
-9.337 5.442
3.819 -9.851
4.931 10.096
-10.841 -4.150
10.217 -4.874
-5.347 9.681
-3.389 -10.544
10.031 6.355
-10.766 2.084
7.468 -9.625
1.356 10.409
-9.257 -7.270
11.895 -0.322
-8.420 8.332
1.035 -11.205
6.340 8.815
-11.128 -2.393
10.144 -6.659
-2.788 11.754
-5.522 -10.512
11.260 3.670
-11.149 4.905
5.521 -10.665
3.914 11.610
-10.523 -5.987
12.478 -3.322
-6.982 11.123
-2.219 -12.793
9.601 8.165
-12.072 0.763
9.160 -8.952
0.230 12.963
-7.901 -9.495
12.116 1.538
-9.986 7.280
2.360 -12.411
6.637 10.960
-12.530 -3.515
11.958 -5.439
-4.739 11.594
-4.696 -12.135
11.712 5.842
-12.495 2.734
7.102 -11.409
2.917 13.110
-11.025 -7.669
13.934 -1.636
-8.636 10.391
0.193 -12.742
9.813 9.906
-13.191 -0.556
10.800 -8.310
-2.600 13.692
-7.634 -11.934
13.967 3.340
-11.835 6.875
3.950 -13.214
6.012 12.613
-12.417 -5.370
14.078 -4.163
-6.257 12.819
-3.789 -13.760
12.091 8.285
-14.464 1.625
8.799 -10.838
1.537 14.386
-10.767 -9.989
14.067 0.737
-10.536 9.785
2.124 -14.598
9.026 12.060
-14.116 -2.571
12.605 -7.672
-4.354 14.948
-6.481 -13.285
14.157 5.940
-13.451 4.440
7.278 -13.190
4.681 14.683
-12.817 -7.064
15.337 -2.803
-9.144 12.334
-1.443 -14.480
11.626 10.116
-15.850 0.424
12.012 -10.989
-1.032 14.820
-9.444 -11.857
15.599 2.704
-13.310 7.887
3.880 -14.947
7.358 14.191
-14.208 -5.264
13.671 -6.133
-6.897 15.006
-4.851 -15.155
13.994 7.709
-15.256 4.172
9.141 -13.049
2.675 16.081
-12.458 -9.345
16.447 -0.942
-11.454 11.329
0.599 -16.749
10.860 12.097
-16.201 -2.027
13.653 -9.107
-2.691 15.614
-8.069 -14.267
15.654 4.856
-15.062 8.064
6.582 -14.948
6.195 15.648
-14.799 -6.975
16.097 -5.054
-8.684 14.486
-3.100 -17.173
13.412 10.394
-16.158 2.318
10.491 -11.972
0.469 16.202
-12.207 -11.954
16.745 1.035
-12.959 10.081
2.391 -16.762
9.057 14.821
-16.677 -5.051
15.393 -7.695
-5.212 16.779
-5.962 -16.538
15.815 7.770
-16.792 5.094
8.762 -14.870
3.984 17.309
-14.305 -9.372
17.158 -2.873
-11.537 13.082
-1.280 -17.319
12.628 11.998
-17.654 -0.697
13.864 -11.233
-3.148 17.285
-10.275 -15.515
18.067 4.565
-16.492 9.219
5.500 -16.394
7.728 16.619
-17.065 -6.949
16.909 -6.705
-9.016 16.271
-4.785 -18.193
15.340 9.945
-17.764 2.982
10.556 -14.635
1.439 17.769
-14.053 -12.954
18.690 -0.906
-13.510 11.841
1.327 -18.750
11.982 15.073
-17.289 -3.398
15.308 -10.135
-5.573 18.589
-8.676 -16.417
17.422 6.212
-17.522 7.320
8.746 -17.414
6.060 18.023
-16.959 -9.362
19.075 -3.462
-11.342 15.550
-3.212 -19.117
15.297 12.511
-18.984 0.395
13.939 -13.026
