-0.257 1.915
-0.999 -1.139
1.250 -0.212
-1.586 0.696
1.066 -1.966
1.126 3.128
-2.910 -1.120
3.317 -1.511
-1.712 2.942
-1.442 -3.637
3.128 1.474
-3.482 1.210
2.297 -3.285
0.055 4.596
-3.822 -2.977
4.193 0.087
-3.486 3.425
0.410 -5.920
3.350 4.191
-5.430 -0.350
4.071 -3.249
-1.381 5.955
-3.014 -4.535
5.759 2.347
-5.743 2.800
2.909 -5.342
1.571 5.457
-5.520 -2.466
5.613 -1.093
-3.977 5.270
-1.435 -5.788
5.487 4.153
-6.831 0.786
4.668 -4.976
0.433 7.481
-4.778 -4.754
7.382 0.993
-5.899 4.617
1.811 -7.744
4.568 6.890
-7.838 -2.144
6.926 -2.775
-3.172 6.908
-3.082 -6.952
7.322 3.515
-8.009 2.141
4.243 -6.775
2.184 7.218
-7.088 -4.198
8.347 -0.510
-5.401 6.397
0.232 -8.636
6.214 6.170
-8.397 -0.473
6.449 -5.089
-1.288 8.125
-4.828 -7.242
8.815 2.110
-7.673 3.932
2.959 -9.223
3.391 8.592
-8.901 -4.435
8.861 -2.684
-5.309 8.189
-2.423 -9.292
7.819 5.224
-9.809 2.029
6.086 -7.153
0.400 9.534
-6.745 -6.234
10.444 -0.485
-6.965 7.312
0.774 -10.338
6.334 8.446
-10.969 -1.499
9.259 -5.582
-3.322 9.943
-4.780 -9.056
10.221 3.797
-10.077 3.833
4.733 -9.279
2.931 10.402
-8.581 -6.164
11.009 -2.246
-6.732 9.456
-2.161 -11.112
8.034 7.600
-11.056 0.641
8.664 -8.120
-0.678 10.945
-7.449 -9.640
10.416 1.294
-9.356 7.142
2.667 -11.596
5.958 10.238
-10.589 -3.807
10.122 -3.931
-5.103 10.174
-3.907 -11.488
10.682 5.642
-11.559 2.714
6.372 -9.982
1.957 12.022
-8.943 -8.015
12.220 -0.882
-8.432 8.689
-0.092 -12.912
9.020 9.545
-12.941 -1.055
10.309 -7.251
-2.284 11.878
-6.373 -11.110
12.608 3.023
-11.170 5.272
4.523 -11.345
4.548 11.491
-11.425 -5.393
12.273 -3.681
-6.540 11.250
-2.272 -12.939
10.038 7.491
-12.925 1.507
8.588 -9.876
-0.482 12.782
-9.267 -9.732
13.423 0.458
-10.186 8.754
1.905 -13.900
7.898 10.963
-12.288 -3.377
12.047 -7.020
-3.841 12.632
-5.341 -12.537
12.605 5.946
-13.465 4.402
6.731 -12.686
3.693 13.179
-11.804 -7.133
13.717 -2.663
-8.308 10.677
-0.506 -14.672
10.844 9.268
-14.270 0.223
11.049 -9.632
-2.048 14.410
-8.289 -11.232
14.312 2.114
-12.366 7.923
4.235 -13.435
6.835 12.650
-13.601 -5.711
13.936 -5.719
-6.023 13.022
-4.271 -14.125
13.382 7.958
-14.485 2.949
9.296 -12.218
0.930 14.134
-10.948 -10.349
15.387 -0.855
-10.048 10.640
1.126 -15.550
9.652 11.941
-14.380 -2.229
12.705 -8.723
-3.558 15.451
-7.631 -14.381
14.089 4.710
-13.844 6.174
6.524 -14.425
4.303 14.861
-13.500 -7.499
15.581 -3.571
-8.654 12.438
-2.515 -14.771
12.801 10.435
-15.887 0.902
10.968 -11.618
0.219 15.815
-10.344 -12.117
16.239 1.436
-12.167 9.721
3.206 -16.159
8.101 13.926
-16.066 -4.774
14.431 -7.486
-6.019 15.177
-5.399 -15.498
14.443 6.515
-15.833 4.240
8.621 -13.940
4.036 16.601
-12.824 -10.115
16.701 -2.079
-10.458 12.582
-0.863 -16.850
11.850 12.035
-17.402 -1.299
13.421 -10.382
-1.802 16.224
-8.964 -13.155
15.804 3.603
-14.630 8.825
5.194 -15.952
6.515 15.070
-15.630 -6.511
16.616 -5.058
-9.065 14.881
-3.596 -16.829
14.940 9.247
-17.504 1.632
11.482 -13.366
0.727 17.533
-12.202 -12.206
17.755 0.477
-12.656 11.503
1.514 -17.331
9.777 14.445
-17.088 -3.098
14.778 -9.222
-5.095 16.917
-7.404 -16.235
15.947 7.375
-17.593 6.063
8.943 -16.349
4.796 18.274
-14.495 -9.429
18.025 -3.321
-11.001 14.781
-2.258 -18.049
13.495 12.803
-18.811 0.077
13.469 -12.361
-1.560 17.945
-11.526 -13.884
17.563 3.056
-16.060 10.362
3.803 -18.321
8.081 16.044
-17.821 -5.979
17.593 -7.827
-7.618 15.888
-5.979 -17.358
16.602 10.050
-18.066 4.289
10.376 -15.311
2.700 18.796
-14.670 -12.828
18.966 -1.355
-13.310 14.075
1.424 -19.334
12.215 14.874
-19.312 -1.677
15.942 -11.677
-4.370 18.478
-9.121 -16.756
