1.831 -0.618
-0.578 1.400
-0.744 -1.027
1.327 1.113
-2.235 -0.085
2.305 -2.395
0.285 3.105
-2.824 -2.305
3.396 0.231
-2.622 2.904
-0.065 -3.457
2.628 2.586
-3.963 -0.604
4.095 -2.085
-0.975 4.745
-1.780 -3.798
4.615 1.608
-5.489 2.255
2.273 -4.860
2.092 5.023
-4.716 -2.210
5.951 -1.400
-2.730 4.711
-0.447 -6.203
5.055 3.908
-6.078 -0.241
4.196 -3.826
0.235 6.041
-3.466 -4.547
6.486 1.230
-4.553 3.851
1.292 -6.759
3.732 5.775
-6.530 -1.980
6.515 -3.703
-2.145 6.389
-2.380 -7.058
6.753 3.243
-7.745 1.808
4.153 -7.148
1.551 7.977
-5.557 -4.979
7.598 -0.217
-4.866 5.843
-0.093 -8.122
5.467 6.231
-7.954 -0.802
5.503 -5.156
-0.623 8.214
-4.156 -7.257
8.128 2.007
-7.845 3.618
2.778 -8.304
3.297 7.737
-7.419 -3.527
7.854 -2.445
-4.353 7.537
-2.014 -8.837
6.925 5.137
-9.579 1.434
6.200 -6.847
-0.033 9.944
-6.332 -6.755
9.694 1.131
-7.256 6.290
1.219 -9.324
6.165 7.895
-9.109 -2.287
8.370 -4.583
-2.600 8.809
-5.062 -9.148
9.641 3.004
-9.611 3.887
4.765 -9.421
3.516 10.498
-9.107 -5.827
10.386 -1.427
-6.001 8.298
-1.125 -10.846
7.901 7.336
-10.415 -0.132
8.027 -7.236
-1.724 10.424
-6.891 -8.874
11.460 1.845
-9.004 6.861
3.254 -10.569
5.473 9.628
-11.118 -4.170
10.112 -4.242
-5.342 10.949
-3.455 -9.911
10.548 5.223
-11.578 2.747
6.539 -9.877
1.279 11.180
-8.009 -7.332
11.382 0.067
-8.568 8.593
0.326 -12.076
7.555 9.160
-11.772 -1.290
9.911 -7.081
-3.223 11.568
-6.205 -10.564
11.525 3.709
-11.535 5.803
4.560 -12.316
4.788 12.069
-11.068 -6.029
11.661 -3.215
-7.136 10.636
-2.876 -12.642
9.676 7.678
-12.175 0.972
8.286 -9.169
0.228 12.632
-8.738 -9.371
12.984 0.879
-10.593 7.770
2.268 -12.318
7.078 10.919
-12.659 -3.323
11.672 -5.231
-4.619 12.620
-5.536 -12.236
12.361 5.253
-13.305 4.451
6.328 -11.938
2.417 12.513
-11.631 -7.690
13.026 -2.153
-8.873 10.343
-0.255 -13.935
9.913 10.121
-14.355 -0.413
10.179 -9.150
-1.164 13.742
-8.464 -11.117
13.252 2.717
-12.929 6.954
3.504 -13.828
6.523 12.694
-13.530 -5.638
13.826 -4.549
-6.397 12.408
-4.446 -13.768
12.582 7.576
-13.920 2.156
8.312 -11.733
0.907 14.724
-11.302 -9.960
14.343 -0.370
-10.770 10.087
1.205 -15.523
9.061 11.679
-15.072 -2.920
12.259 -7.097
-4.427 14.400
-7.584 -13.416
13.991 4.294
-14.439 5.880
6.429 -13.944
4.373 13.879
-13.449 -7.524
15.428 -3.656
-9.511 13.213
-2.020 -14.718
11.669 9.675
-15.822 0.543
11.416 -10.442
-0.742 15.425
-10.105 -12.386
14.985 2.247
-12.128 8.800
3.683 -16.099
7.848 13.843
-15.275 -4.685
14.081 -7.204
-6.279 14.642
-5.907 -15.194
14.106 6.600
-15.906 4.285
8.895 -13.432
2.839 16.518
-13.105 -9.620
16.273 -1.329
-11.502 11.707
-0.559 -15.835
10.816 12.315
-16.316 -1.552
13.095 -10.974
-3.386 15.978
-9.264 -14.051
15.913 3.801
-14.723 8.239
5.538 -15.956
6.546 16.176
-15.254 -7.431
15.343 -5.573
-7.821 13.865
-3.773 -15.764
14.393 9.206
-16.602 2.412
10.623 -12.518
1.088 16.897
-11.896 -12.656
17.357 1.534
-13.494 10.680
1.670 -17.490
9.218 14.969
-17.070 -4.372
15.396 -8.420
-5.536 16.347
-7.439 -16.129
15.920 6.249
-16.208 6.321
8.618 -15.165
4.794 16.692
-14.815 -9.162
17.423 -2.928
-11.274 13.831
-0.454 -17.564
13.231 13.086
-18.619 -0.774
14.258 -12.396
-2.031 17.172
-10.963 -14.688
18.125 3.313
-15.180 10.021
5.498 -17.771
8.404 16.830
-17.050 -6.598
16.779 -6.552
-7.340 16.484
-5.042 -17.099
16.405 9.806
-18.110 4.708
10.803 -14.354
2.536 18.625
-14.812 -12.304
17.619 -0.210
-12.912 13.051
1.654 -19.336
11.850 14.295
-18.324 -2.518
15.655 -10.748
-5.000 18.835
-9.618 -16.402
18.516 5.696
-17.964 7.289
7.923 -17.541
7.053 18.056
-17.532 -9.118
18.502 -4.269
-10.980 15.601
