-1.774 0.766
0.461 -1.443
0.826 0.962
-1.414 -1.001
2.234 -0.098
-2.101 2.576
-0.539 -3.071
3.003 2.065
-3.403 0.048
2.375 -3.109
0.348 3.440
-2.831 -2.362
3.999 0.277
-3.911 2.414
0.583 -4.809
2.085 3.639
-4.732 -1.224
5.285 -2.697
-1.867 5.030
-2.496 -4.835
4.881 1.816
-5.816 1.883
2.335 -4.919
0.954 6.145
-5.358 -3.481
6.077 -0.258
-3.868 4.157
-0.729 -6.002
3.827 4.248
-6.565 -0.695
4.222 -4.211
-0.734 6.842
-4.192 -5.450
6.670 1.438
-6.190 4.224
1.614 -6.544
2.951 6.839
-6.996 -2.679
7.571 -2.436
-3.553 7.464
-2.200 -7.823
5.946 4.507
-7.555 0.839
4.371 -6.222
0.759 8.087
-5.960 -5.762
7.993 0.148
-5.062 5.589
-0.052 -8.237
4.737 6.892
-8.265 -1.334
7.522 -4.249
-2.088 8.504
-3.920 -7.441
7.684 2.907
-7.627 3.081
3.721 -7.868
2.732 8.642
-7.323 -4.552
9.430 -2.214
-5.618 7.332
-0.782 -9.914
6.864 6.213
-9.754 -0.333
6.717 -6.863
-0.451 9.393
-6.791 -7.363
9.266 1.533
-7.966 5.253
1.870 -8.993
5.795 8.703
-9.855 -2.204
9.260 -4.661
-3.977 9.779
-4.364 -10.174
9.553 5.061
-10.234 2.273
5.301 -8.762
2.010 10.717
-8.476 -6.664
10.391 -0.722
-7.407 7.870
0.864 -10.530
7.595 8.280
-11.573 -0.900
8.412 -7.575
-2.377 10.801
-6.244 -9.147
11.422 3.245
-9.731 5.056
4.427 -11.350
4.256 9.595
-10.940 -4.341
11.314 -3.687
-5.707 10.380
-2.190 -11.037
8.583 6.652
-11.349 0.866
7.835 -9.266
0.665 12.062
-8.280 -8.511
11.839 0.321
-9.297 7.869
2.264 -11.793
7.050 10.020
-11.790 -2.752
11.021 -6.729
-3.536 12.648
-5.761 -11.636
11.525 5.102
-11.358 4.160
6.241 -11.185
3.903 12.364
-10.272 -6.859
12.054 -1.966
-7.507 9.817
-1.262 -12.571
9.476 8.624
-13.012 0.188
9.921 -8.612
-1.251 12.462
-7.949 -10.302
12.889 2.275
-11.204 6.170
3.569 -12.956
6.520 11.741
-12.750 -4.222
12.896 -5.527
-5.329 12.416
-3.434 -12.272
12.222 6.711
-12.806 3.213
7.995 -11.036
1.396 13.867
-10.709 -9.275
14.340 -0.764
-9.395 9.953
0.034 -13.791
9.347 10.386
-13.431 -1.622
12.316 -7.990
-2.359 14.068
-7.541 -12.117
13.946 4.510
-13.407 5.666
5.358 -12.890
5.559 13.357
-13.161 -6.519
13.697 -3.289
-7.323 12.374
-2.110 -14.600
12.080 9.000
-14.265 1.544
9.907 -10.936
0.071 15.569
-9.988 -10.897
15.261 1.675
-11.636 8.077
3.232 -14.714
8.658 12.749
-14.296 -3.133
13.909 -7.043
-5.264 14.423
-5.496 -13.474
14.021 6.397
-15.076 4.908
8.396 -13.948
3.220 14.503
-12.423 -8.687
15.724 -1.837
-10.522 11.342
-0.525 -15.434
11.086 11.517
-15.118 -1.012
11.366 -9.764
-2.351 16.347
-8.956 -13.153
15.607 3.417
-13.443 8.334
5.058 -15.107
7.132 14.659
-14.599 -5.422
15.502 -5.574
-7.764 14.116
-4.182 -16.230
13.849 8.514
-16.109 2.658
10.504 -12.610
1.855 15.735
-11.789 -11.387
16.389 0.210
-12.152 12.010
2.065 -16.202
10.384 13.244
-16.171 -2.484
13.999 -9.418
-4.212 16.356
-7.850 -15.585
15.812 6.157
-14.835 6.811
6.659 -14.459
5.052 15.402
-15.099 -7.995
16.349 -3.764
-9.562 13.346
-2.469 -16.751
12.893 11.638
-17.425 -0.106
12.573 -11.750
-0.231 17.568
-10.414 -14.163
17.370 2.958
-14.654 9.653
4.178 -16.746
8.736 15.465
-16.378 -4.923
15.636 -7.628
-7.346 15.820
-6.146 -16.243
15.516 7.918
-17.125 4.346
10.103 -14.708
1.891 17.468
-14.259 -11.958
18.620 -0.755
-13.194 13.523
0.617 -17.281
12.130 13.740
-18.336 -1.817
14.308 -11.232
-4.024 18.162
-9.755 -16.085
17.533 5.179
-16.185 7.905
5.964 -17.030
6.426 16.628
-17.153 -8.429
17.663 -6.176
-9.590 15.191
-4.053 -18.355
15.770 11.049
-17.542 1.653
11.799 -14.065
-0.064 19.406
-12.981 -13.276
18.469 1.008
-14.721 11.995
3.440 -19.181
10.929 15.559
-18.920 -4.160
17.306 -8.737
-6.459 18.131
-8.509 -17.417
18.220 7.651
-18.090 5.771
9.665 -16.449
