0.985 1.663
-1.490 -0.274
0.850 -0.942
-0.813 1.529
-0.382 -2.203
2.822 1.757
-2.978 0.924
1.667 -3.242
0.480 3.369
-3.386 -1.961
3.368 -0.782
-1.983 3.108
-0.233 -4.002
2.891 3.572
-4.845 0.032
3.345 -2.531
-0.613 4.849
-3.347 -4.900
5.226 1.213
-4.478 3.090
1.181 -5.072
2.607 5.529
-5.176 -1.691
5.974 -1.727
-2.772 5.757
-1.028 -5.995
4.615 3.309
-5.860 1.486
3.727 -4.336
0.145 6.600
-4.713 -3.653
6.880 -0.142
-4.873 4.851
0.579 -6.799
4.976 5.603
-6.696 -0.769
6.409 -3.796
-1.768 7.280
-3.379 -7.200
7.855 2.576
-7.480 3.176
3.715 -6.470
1.792 7.387
-6.727 -3.545
7.925 -1.780
-4.958 6.644
-0.869 -7.947
6.187 4.311
-8.164 1.098
6.235 -5.574
-0.273 8.368
-5.170 -6.921
8.700 0.991
-6.882 4.833
1.908 -7.991
4.025 7.174
-8.277 -2.691
8.225 -3.808
-3.585 7.842
-3.394 -9.072
7.986 4.641
-9.734 2.036
5.290 -7.598
0.909 9.717
-7.661 -5.790
9.374 -0.746
-6.440 7.672
0.343 -9.386
6.223 7.234
-9.158 -0.712
7.896 -6.853
-0.934 10.055
-5.800 -8.592
10.206 2.703
-9.537 5.622
3.806 -10.119
3.555 9.862
-9.364 -4.145
10.375 -3.355
-5.533 9.254
-2.037 -10.215
8.747 6.347
-10.554 0.481
7.248 -8.586
0.578 11.593
-8.583 -7.381
11.015 0.985
-8.280 7.356
1.767 -11.742
6.251 9.009
-11.821 -2.949
8.976 -5.441
-2.916 11.403
-5.094 -10.753
11.021 4.342
-10.670 3.575
5.507 -9.358
2.301 11.147
-10.186 -6.594
11.880 -2.192
-7.389 9.294
-1.186 -11.783
8.987 8.222
-11.986 -0.748
9.043 -8.266
-1.232 12.045
-8.074 -10.076
12.994 1.900
-10.809 7.193
3.597 -12.080
5.569 10.738
-11.887 -4.769
11.768 -5.442
-5.499 11.061
-3.482 -11.707
10.691 6.199
-12.308 2.849
7.350 -10.495
1.840 12.883
-9.802 -8.746
12.520 -0.342
-9.209 9.193
0.619 -13.074
7.544 10.329
-13.305 -1.894
10.818 -7.960
-2.568 13.183
-7.121 -12.089
12.993 3.708
-11.737 4.966
5.103 -12.976
4.814 12.294
-11.962 -6.528
13.577 -3.146
-7.839 11.800
-2.580 -14.127
11.066 8.054
-13.684 1.718
9.115 -10.591
0.098 13.528
-9.490 -11.201
14.254 0.552
-11.061 9.020
2.701 -14.406
7.324 12.578
-13.467 -3.677
12.542 -7.211
-4.794 13.882
-5.003 -13.168
13.204 5.691
-14.213 3.948
7.392 -13.126
3.344 13.953
-12.106 -8.437
15.434 -2.049
-9.540 11.291
-0.278 -15.350
9.490 10.516
-15.006 -1.337
11.546 -10.208
-1.291 14.578
-8.754 -12.901
14.975 3.389
-12.666 7.163
4.564 -14.720
6.784 14.331
-14.902 -6.556
13.976 -5.036
-7.038 13.426
-3.820 -15.363
12.587 8.995
-15.242 2.481
10.015 -12.459
0.917 15.124
-11.129 -10.033
16.513 0.255
-11.909 10.555
1.406 -15.915
9.974 12.275
-15.628 -3.098
13.634 -8.937
-3.523 15.170
-7.499 -14.668
14.988 5.908
-15.567 6.211
6.685 -14.818
4.683 15.641
-13.842 -8.816
15.372 -3.839
-9.797 13.140
-1.874 -16.282
13.457 10.527
-16.333 0.010
11.818 -11.983
-0.409 16.355
-11.120 -12.689
16.759 2.100
-14.462 9.766
4.098 -16.466
8.641 13.849
-15.188 -4.768
14.635 -6.968
-6.012 15.993
-5.811 -15.738
14.453 7.789
-16.302 4.577
9.906 -14.268
2.109 17.297
-13.253 -10.978
17.455 -2.003
-12.725 12.129
0.727 -17.606
11.437 13.309
-17.141 -2.017
14.230 -10.630
-2.802 16.871
-9.553 -14.540
16.625 5.277
-15.330 8.160
5.882 -16.396
6.486 16.434
-15.873 -8.152
17.086 -4.096
-10.049 15.663
-3.114 -18.373
15.090 11.369
-17.219 1.584
12.088 -13.777
0.528 18.418
-12.959 -12.765
18.526 1.683
-14.715 11.719
2.909 -18.049
9.897 15.050
-17.650 -3.752
15.677 -8.487
-6.181 18.085
-8.371 -16.735
16.286 7.582
-17.691 6.353
8.956 -17.046
3.868 17.190
-15.451 -9.917
19.257 -2.403
-11.519 14.563
-1.347 -18.447
13.768 13.078
-19.463 -0.975
14.044 -12.818
-1.722 19.295
-10.865 -16.056
18.805 4.103
-16.195 10.653
5.274 -19.044
8.023 17.210
-17.543 -7.497
