-1.616 -1.060
1.458 -0.409
-0.349 1.219
0.057 -1.731
1.312 1.811
-3.307 -0.336
2.268 -2.140
-0.071 3.644
-1.913 -2.815
3.903 0.271
-2.680 2.184
0.413 -3.663
1.970 3.491
-4.168 -1.936
4.336 -2.160
-1.890 3.744
-1.583 -4.624
5.161 2.928
-5.227 1.210
2.662 -4.745
1.171 5.075
-4.774 -3.819
5.392 -0.759
-4.605 4.179
-0.044 -6.389
3.561 4.931
-5.600 -0.941
4.609 -3.913
-1.440 5.534
-3.034 -5.863
5.840 1.207
-6.116 3.154
2.242 -6.500
2.471 6.360
-6.934 -2.842
6.351 -2.255
-4.086 6.228
-1.615 -7.315
6.202 4.979
-8.187 1.143
5.320 -6.143
-0.490 7.445
-4.859 -5.845
7.601 0.224
-6.334 5.085
1.530 -8.147
4.276 6.754
-7.453 -1.149
6.848 -4.578
-3.147 7.748
-3.436 -7.635
7.688 3.941
-8.249 2.938
4.054 -7.368
1.802 8.015
-6.771 -4.672
8.617 -1.225
-5.711 7.038
-0.231 -8.619
7.039 6.654
-9.214 -0.654
7.846 -6.110
-1.408 9.150
-5.091 -8.326
9.427 1.829
-8.089 4.794
2.408 -9.723
3.821 8.580
-8.771 -3.759
8.537 -3.389
-4.076 9.628
-3.585 -9.440
8.989 5.165
-10.354 2.063
6.091 -9.244
1.034 10.762
-7.531 -7.292
10.233 -0.398
-7.841 7.577
0.897 -10.744
6.323 8.277
-10.647 -1.851
9.267 -5.075
-2.732 10.899
-5.619 -10.157
10.955 2.852
-10.325 3.961
4.199 -10.248
3.579 11.322
-9.578 -5.340
11.913 -2.552
-5.667 8.835
-2.398 -11.523
9.306 7.416
-11.808 0.949
8.009 -7.905
-0.828 10.827
-6.971 -8.998
12.048 1.440
-9.704 7.195
2.547 -11.597
6.249 10.060
-11.688 -3.430
11.092 -4.602
-4.485 11.401
-4.193 -11.358
11.684 5.497
-12.505 4.011
6.543 -11.215
2.085 12.430
-9.725 -7.193
12.773 -0.947
-8.174 10.064
0.072 -12.352
8.277 8.981
-12.328 -0.864
9.800 -7.973
-1.983 12.658
-7.320 -10.759
12.651 3.542
-11.093 5.816
4.225 -12.307
5.196 12.013
-11.319 -5.957
12.781 -4.152
-6.213 11.907
-3.493 -12.968
11.713 7.724
-13.299 2.386
8.355 -9.623
1.126 13.898
-9.732 -8.922
13.614 0.600
-10.809 8.799
1.848 -14.046
8.532 11.551
-13.481 -2.364
11.533 -7.563
-3.526 13.521
-6.039 -12.105
13.450 5.884
-13.043 5.775
5.965 -12.966
3.912 14.126
-12.111 -8.074
13.711 -2.622
-8.091 11.994
-1.802 -14.576
10.286 9.624
-14.362 0.698
11.027 -9.798
-0.864 15.039
-9.141 -11.059
14.584 2.251
-12.959 8.630
3.599 -14.337
7.002 13.662
-13.149 -5.268
14.063 -5.401
-5.878 14.246
-5.254 -13.659
13.537 7.734
-14.939 3.545
8.223 -12.005
2.378 15.227
-12.397 -9.885
16.266 -0.668
-10.335 10.671
0.414 -15.153
10.190 12.116
-15.261 -2.540
12.596 -8.934
-3.512 15.595
-7.477 -13.179
14.408 4.114
-14.941 7.036
6.051 -14.717
5.739 14.911
-14.357 -6.636
15.397 -4.093
-8.312 14.024
-3.510 -15.173
13.187 9.873
-16.059 1.288
11.247 -12.426
0.515 16.249
-11.087 -11.986
16.309 1.828
-12.116 10.210
3.017 -16.110
8.847 13.797
-16.716 -3.533
14.663 -7.195
-5.341 15.960
-6.828 -14.868
15.569 6.503
-15.974 5.487
8.690 -15.133
3.564 16.590
-13.853 -8.635
15.737 -2.400
-10.077 12.696
-1.637 -17.007
12.142 11.577
-16.406 -0.636
12.626 -11.282
-2.619 17.171
-9.503 -14.605
16.731 4.029
-14.794 9.478
6.092 -16.491
7.092 16.130
-16.126 -6.920
16.280 -5.730
-8.102 15.806
-4.906 -16.384
14.975 8.854
-17.251 2.575
10.177 -14.072
1.931 17.312
-13.055 -11.904
17.840 0.338
-13.542 11.195
2.134 -18.486
10.880 15.129
-18.553 -3.571
14.767 -8.997
-4.794 17.690
-8.577 -16.308
17.253 5.762
-17.377 6.639
8.058 -16.998
5.328 17.488
-15.509 -9.161
17.501 -4.395
-10.345 14.518
-2.405 -18.961
14.879 11.346
-17.961 0.356
13.092 -13.488
-0.543 19.248
-11.036 -13.735
18.238 2.108
-16.237 10.630
3.938 -18.146
9.325 15.973
-18.118 -5.687
17.907 -7.687
-6.973 17.689
-6.942 -18.085
16.820 9.638
-18.692 4.589
9.856 -16.692
3.642 19.423
-14.776 -11.925
19.053 -0.986
