0.953 1.681
-1.484 -0.303
0.868 -0.925
-0.842 1.514
-0.339 -2.210
2.788 1.811
-2.995 0.867
1.729 -3.209
0.415 3.378
-3.347 -2.025
3.382 -0.717
-2.042 3.069
-0.156 -4.006
2.822 3.627
-4.844 -0.061
3.393 -2.466
-0.706 4.836
-3.252 -4.963
5.202 1.313
-4.537 3.004
1.278 -5.049
2.500 5.578
-5.142 -1.790
6.006 -1.612
-2.882 5.702
-0.913 -6.014
4.550 3.397
-5.888 1.373
3.810 -4.264
0.018 6.602
-4.642 -3.743
6.882 -0.010
-4.966 4.756
0.710 -6.786
4.868 5.697
-6.680 -0.898
6.481 -3.672
-1.908 7.244
-3.240 -7.263
7.804 2.726
-7.540 3.032
3.838 -6.398
1.650 7.420
-6.658 -3.674
7.958 -1.627
-5.085 6.547
-0.716 -7.962
6.103 4.429
-8.183 0.941
6.340 -5.453
-0.434 8.361
-5.036 -7.019
8.680 1.158
-6.974 4.700
2.061 -7.953
3.886 7.250
-8.224 -2.849
8.297 -3.649
-3.735 7.771
-3.219 -9.136
7.896 4.793
-9.771 1.848
5.435 -7.495
0.722 9.733
-7.548 -5.936
9.386 -0.566
-6.586 7.547
0.523 -9.377
6.083 7.353
-9.142 -0.888
8.026 -6.701
-1.127 10.035
-5.634 -8.702
10.152 2.898
-9.643 5.438
4.000 -10.044
3.365 9.928
-9.283 -4.324
10.437 -3.155
-5.709 9.146
-1.840 -10.252
8.623 6.513
-10.562 0.278
7.411 -8.445
0.355 11.602
-8.440 -7.544
10.994 1.197
-8.419 7.195
1.992 -11.706
6.077 9.128
-11.762 -3.175
9.079 -5.267
-3.134 11.345
-4.887 -10.849
10.936 4.553
-10.736 3.370
5.686 -9.251
2.087 11.189
-10.058 -6.788
11.920 -1.964
-7.567 9.151
-0.959 -11.804
8.827 8.393
-11.969 -0.978
9.200 -8.091
-1.463 12.019
-7.880 -10.229
12.956 2.149
-10.945 6.984
3.828 -12.009
5.362 10.843
-11.794 -4.996
11.870 -5.215
-5.710 10.953
-3.257 -11.771
10.570 6.403
-12.361 2.612
7.550 -10.352
1.592 12.916
-9.633 -8.933
12.524 -0.102
-9.383 9.015
0.870 -13.059
7.344 10.472
-13.266 -2.149
10.969 -7.750
-2.821 13.131
-6.887 -12.224
12.919 3.957
-11.830 4.739
5.351 -12.876
4.578 12.384
-11.835 -6.757
13.635 -2.885
-8.064 11.648
-2.309 -14.174
10.910 8.265
-13.714 1.455
9.316 -10.414
-0.162 13.527
-9.274 -11.381
14.241 0.826
-11.232 8.806
2.977 -14.352
7.081 12.717
-13.394 -3.935
12.678 -6.969
-5.060 13.788
-4.749 -13.262
13.093 5.944
-14.287 3.674
7.643 -12.981
3.076 14.014
-11.942 -8.668
15.470 -1.752
-9.755 11.106
0.017 -15.352
9.287 10.696
-14.977 -1.624
11.740 -9.984
-1.570 14.550
-8.504 -13.067
14.908 3.676
-12.802 6.919
4.845 -14.630
6.508 14.458
-14.773 -6.841
14.070 -4.767
-7.294 13.288
-3.525 -15.434
12.412 9.235
-15.287 2.188
10.252 -12.265
0.627 15.139
-10.934 -10.245
16.505 0.572
-12.109 10.324
1.712 -15.885
9.737 12.465
-15.565 -3.397
13.803 -8.674
-3.814 15.099
-7.216 -14.809
14.872 6.194
-15.683 5.911
6.969 -14.687
4.382 15.728
-13.671 -9.081
15.443 -3.543
-10.048 12.950
-1.562 -16.315
13.252 10.783
-16.330 -0.303
12.045 -11.753
-0.723 16.345
-10.875 -12.900
16.715 2.421
-14.647 9.487
4.413 -16.384
8.374 14.012
-15.094 -5.058
14.766 -6.685
-6.318 15.874
-5.507 -15.847
14.301 8.065
-16.386 4.263
10.178 -14.075
1.776 17.334
-13.039 -11.231
17.490 -1.667
-12.956 11.883
1.065 -17.588
11.180 13.526
-17.099 -2.345
14.431 -10.355
-3.126 16.814
-9.272 -14.720
16.521 5.595
-15.484 7.864
6.196 -16.280
6.170 16.555
-15.713 -8.455
17.161 -3.767
-10.348 15.467
-2.761 -18.429
14.869 11.657
-17.246 1.253
12.350 -13.543
0.174 18.425
-12.711 -13.011
18.490 2.039
-14.937 11.435
3.255 -17.990
9.607 15.237
-17.575 -4.090
15.837 -8.184
-6.527 17.963
-8.048 -16.893
16.137 7.894
-17.810 6.012
9.281 -16.871
3.538 17.261
-15.257 -10.211
19.300 -2.033
-11.797 14.339
-0.992 -18.469
13.515 13.340
-19.441 -1.349
14.288 -12.546
-2.092 19.259
-10.555 -16.261
18.722 4.463
-16.396 10.340
5.639 -18.940
7.691 17.361
-17.396 -7.832
