15.62230, 4.42764
15.60410, 8.21517
12.90562, 13.49383
11.50320, 15.50261
11.25904, 12.62159
9.06912, 14.93841
7.41437, 14.32200
9.08503, 12.43990
16.11455, 10.90951
14.11577, 7.23222
12.99840, 8.60565
9.68731, 8.02787
10.41997, 6.15250
12.31034, 6.62597
12.45493, 3.65580
13.88022, 5.45335
3.58039, 15.07343
3.19425, 16.83790
0.22838, 14.20243
3.04681, 13.41286
-1.09151, 12.79775
1.37307, 12.16855
4.02999, 11.76228
6.21727, 13.00280
7.36750, 11.33015
8.56211, 10.01463
10.37679, 9.83022
12.30643, 11.10273
14.48840, 9.98910
7.34672, 16.49383
5.77182, 15.41042
3.90865, 18.54576
5.91218, 6.51882
7.59933, 5.62527
7.65865, 8.03358
10.03116, 4.33587
7.19895, 3.90941
5.26316, 4.46491
5.65742, 2.64693
4.18382, 0.32722
5.94094, 8.80661
5.47815, 10.52415
2.43881, 10.54454
2.98199, 8.77658
1.85851, 7.37428
1.33312, 5.56906
4.22530, 7.13995
3.16599, 4.35216
-5.27130, 18.29584
-5.90980, 16.65797
-2.56107, 16.17417
-4.28262, 15.28597
-4.41386, 12.45592
-2.83917, 11.77878
-2.73055, 14.35767
-0.52958, 15.85083
5.68370, -0.76949
7.31206, 1.39361
8.71554, 2.56643
10.47950, 0.09542
10.34377, 1.84232
-0.13150, 17.57984
1.82169, 18.99128
-2.45467, 17.87991
-1.67534, 5.91926
-0.12439, 4.63751
0.05916, 7.54584
-6.63299, 12.77239
-6.76433, 14.91463
-8.39211, 15.55460
-9.75259, 14.45456
-11.72367, 14.26588
-0.04966, 9.60474
-1.20370, 10.94812
-1.65550, 8.11640
-3.79684, 9.81369
-5.72940, 7.96950
-3.47217, 6.78470
-4.21221, 5.12129
-1.82169, 2.86571
-9.68862, 6.72279
-7.88485, 3.58164
-10.26696, 3.38518
-9.85707, 1.57837
-8.10814, 1.80712
-5.89324, 2.57747
-3.55205, 1.09369
-3.64447, 3.28890
-9.23735, 12.04116
-8.81155, 10.28757
-7.20720, 9.17819
-7.07469, 10.97765
-5.59202, 9.93295
-6.13176, 4.36799
-5.68468, 6.16945
-7.32533, 7.01541
-11.43438, 4.77735
-10.58226, 8.28840
-8.82587, 8.30344
-13.65222, 3.80486
-14.13134, 5.53531
-16.00713, 3.51880
-17.88224, 5.23171
-18.23170, 3.47604
-10.54045, 10.16990
-11.06818, 12.11228
-13.99879, 13.47476
-13.20297, 10.93500
-16.55988, 9.60359
-12.59984, 9.18282
-15.05747, 8.12818
-12.70477, 7.33780
-14.25206, -2.85144
-15.90911, 0.16959
-17.30868, -2.09603
-16.92680, -3.86527
-19.20582, -2.56513
-17.51886, -6.82759
-15.81378, -5.46681
-10.38021, -4.27190
-17.54325, 0.80289
-18.76582, -0.78331
-14.64306, 2.28122
-12.93964, 0.89307
-11.66013, 2.21781
-12.07513, -3.92874
-12.86013, -1.63293
-14.24641, -0.41718
-11.56604, -12.76120
-10.44093, -10.81119
-8.77278, -10.09535
-4.71460, -12.75370
-6.92075, -14.71226
-5.81110, -11.38340
-7.72957, -11.59897
-9.74427, -12.57444
-8.51522, -8.39079
-11.45426, -7.66478
-13.34342, -6.34068
-13.10584, -8.09309
-15.31334, -7.24748
-14.00946, -10.11419
-12.28277, -10.68440
-14.06487, -13.50415
-6.86172, 0.48679
-8.35551, -0.87442
-11.07293, 0.15303
-10.85552, -1.97183
-11.17735, -5.91720
-8.24966, -6.50138
-8.67343, -4.80298
-5.37335, -2.69035
-8.29117, -13.53643
-10.83816, -14.39195
-8.32636, -17.18186
-6.61727, -16.54235
-5.09838, -17.58402
-4.62415, -15.68789
-5.39076, -0.55228
-7.70291, -2.50811
-3.31294, -11.63286
-1.95544, -9.38599
-1.56941, -11.15245
1.90006, -15.43534
0.55334, -12.84172
0.22644, -14.66170
-1.64335, -12.98012
-3.60657, -14.31791
-2.75628, -7.06829
-2.80261, -4.63222
-4.54798, -4.94328
-4.47894, -7.44067
-6.88893, -4.50905
-6.44103, -6.52022
-6.94304, -9.98314
-4.34184, -9.21769
-1.61406, 0.63421
-2.86667, -1.21075
-0.92010, -1.14191
-3.63901, -3.10074
-1.25660, -3.67542
1.20219, -1.85973
3.39186, -1.29632
3.08446, 1.68166
-1.79857, -14.84746
-2.78839, -16.94400
-1.36497, -18.10267
-0.00569, -16.85836
2.36078, -19.20677
1.27451, -0.06201
0.99494, 3.24494
-0.31545, 1.94190
3.27733, -11.41794
5.21189, -9.01905
6.88605, -9.63449
7.23122, -14.07866
7.35340, -12.26661
5.09986, -11.06899
4.89921, -13.16521
2.58925, -13.78620
2.42889, -3.11892
3.15788, -5.15432
0.71710, -5.87938
-1.12912, -5.83347
2.21959, -7.61217
0.67885, -8.60130
1.28903, -10.24170
3.39877, -9.04604
7.07515, -2.42617
4.23126, -3.03126
4.89849, -4.72782
4.57885, -6.54319
6.66902, -4.71055
6.40551, -6.80236
9.52756, -5.07366
10.30058, -3.39301
4.00930, -15.95016
2.37750, -17.23379
4.69195, -18.08320
5.94513, -15.61736
9.73544, -15.88072
11.12372, -1.65598
9.01069, -2.24658
8.35658, -0.08604
12.16726, -12.75065
14.08666, -11.64884
11.52274, -11.02327
16.85669, -4.17870
15.73933, -2.76822
12.44614, -3.05254
14.23810, -5.00631
12.38733, -6.39425
13.96048, -9.70717
11.50095, -9.04019
10.64549, -6.73255
9.05779, -7.70110
9.04914, -9.41414
9.90165, -11.72062
9.29806, -13.45351
11.14730, -14.75643
13.40285, 1.15087
12.23252, -0.26591
13.85131, -1.94090
15.40121, -0.04294
16.78175, -1.23534
18.18366, -2.40287
18.97971, -0.37094
17.74384, 1.42151
14.80550, -6.71549
13.14400, -8.06662
15.24206, -8.47367
16.51733, -10.87014
17.97928, -6.91642
17.41234, 3.97318
16.17427, 2.24861
14.18958, 2.82578
