-0.436 1.883
-0.888 -1.227
1.265 -0.094
-1.644 0.544
1.246 -1.857
0.826 3.220
-2.792 -1.389
3.445 -1.192
-1.981 2.768
-1.093 -3.756
2.975 1.761
-3.581 0.877
2.596 -3.054
-0.378 4.580
-3.525 -3.324
4.167 0.481
-3.793 3.082
0.966 -5.855
2.940 4.488
-5.373 -0.860
4.358 -2.851
-1.935 5.799
-2.574 -4.798
5.512 2.879
-5.981 2.247
3.398 -5.045
1.050 5.580
-5.263 -2.974
5.691 -0.560
-4.455 4.872
-0.884 -5.897
5.072 4.651
-6.875 0.140
5.116 -4.515
-0.273 7.489
-4.309 -5.182
7.256 1.684
-6.308 4.041
2.532 -7.540
3.899 7.289
-7.602 -2.872
7.156 -2.111
-3.808 6.578
-2.414 -7.211
6.959 4.188
-8.174 1.378
4.862 -6.345
1.495 7.391
-6.661 -4.846
8.358 0.277
-5.979 5.861
1.044 -8.576
5.605 6.727
-8.315 -1.261
6.900 -4.459
-2.047 7.967
-4.125 -7.664
8.577 2.930
-8.009 3.193
3.814 -8.904
2.568 8.873
-8.444 -5.253
9.074 -1.838
-6.056 7.653
-1.538 -9.479
7.293 5.936
-9.957 1.097
6.733 -6.548
-0.499 9.529
-6.129 -6.842
10.443 0.500
-7.622 6.624
1.743 -10.219
5.511 9.005
-10.779 -2.525
9.743 -4.686
-4.243 9.586
-3.906 -9.466
9.819 4.742
-10.393 2.868
5.585 -8.792
1.939 10.631
-7.963 -6.944
11.172 -1.200
-7.592 8.781
-1.106 -11.266
7.283 8.322
-11.068 -0.402
9.390 -7.268
-1.705 10.832
-6.509 -10.299
10.248 2.268
-9.987 6.230
3.746 -11.294
4.968 10.754
-10.184 -4.787
10.447 -2.961
-6.037 9.649
-2.809 -11.805
10.103 6.623
-11.764 1.614
7.284 -9.338
0.817 12.153
-8.149 -8.821
12.249 0.272
-9.212 7.857
1.124 -12.863
8.082 10.351
-12.784 -2.268
10.946 -6.249
-3.392 11.611
-5.300 -11.660
12.267 4.196
-11.617 4.198
5.570 -10.869
3.446 11.868
-10.867 -6.444
12.564 -2.510
-7.570 10.585
-1.044 -13.095
9.288 8.402
-13.009 0.284
9.480 -9.024
-1.683 12.680
-8.310 -10.561
13.320 1.719
-10.964 7.756
3.204 -13.659
6.831 11.657
-11.916 -4.519
12.654 -5.855
-5.013 12.214
-4.138 -12.984
11.990 7.106
-13.820 3.116
7.895 -11.996
2.436 13.468
-11.080 -8.212
13.907 -1.360
-9.275 9.848
0.877 -14.655
9.924 10.247
-14.228 -1.121
11.906 -8.549
-3.395 14.154
-7.196 -11.962
14.050 3.452
-13.057 6.724
5.481 -12.976
5.614 13.237
-13.003 -6.966
14.413 -4.382
-7.222 12.398
-2.923 -14.464
12.574 9.182
-14.698 1.573
10.404 -11.289
-0.404 14.159
-9.925 -11.333
15.400 0.597
-11.005 9.647
2.585 -15.375
8.485 12.796
-14.106 -3.572
13.469 -7.489
-4.996 15.047
-6.244 -15.035
13.584 6.015
-14.364 4.844
7.852 -13.747
2.886 15.200
-12.734 -8.736
15.848 -2.089
-9.786 11.568
-1.114 -14.942
11.762 11.593
-15.901 -0.597
12.012 -10.534
-1.270 15.766
-9.158 -13.036
16.031 2.958
-13.028 8.533
4.712 -15.785
6.754 14.626
-15.545 -6.264
15.071 -6.094
-7.420 14.543
-3.916 -15.937
13.766 7.845
-16.161 2.731
9.894 -13.067
2.456 16.908
-11.815 -11.277
16.822 -0.498
-11.596 11.542
0.727 -16.856
10.665 13.096
-17.203 -2.931
14.338 -9.073
-3.321 15.982
-7.687 -13.940
15.394 5.074
-15.396 7.409
6.672 -15.393
5.068 15.616
-14.948 -7.953
17.019 -3.471
-10.426 13.962
-1.996 -17.093
14.003 10.612
-17.580 -0.023
12.689 -12.226
-0.926 17.523
-10.999 -13.300
17.632 2.146
-13.682 10.261
3.139 -17.112
8.374 15.301
-16.721 -4.692
15.580 -7.790
-6.664 16.362
-5.843 -16.860
15.182 8.843
-18.086 4.381
10.442 -15.435
3.055 18.645
-13.543 -10.751
18.257 -1.609
-12.343 13.680
-0.550 -18.181
12.231 14.016
-18.735 -1.693
14.573 -11.039
-3.242 17.719
-10.168 -14.907
17.197 4.695
-16.964 8.804
5.510 -17.882
6.536 16.734
-17.179 -7.630
18.252 -6.136
-9.080 15.100
-4.319 -17.844
15.582 11.567
-18.389 2.570
11.771 -14.267
0.919 18.967
-13.397 -14.152
19.009 0.436
-14.576 12.760
3.237 -19.114
10.761 15.958
-19.068 -3.487
16.970 -10.125
-6.090 17.985
-7.504 -17.540
