-5.36043, -15.32730
-2.25120, -17.49026
3.61917, -18.31775
6.06906, -18.32542
3.85235, -16.46906
7.00706, -16.00957
7.45424, -14.30129
4.95376, -14.58592
-0.34034, -19.45714
-2.19960, -15.70737
-0.43344, -15.58294
0.99774, -12.54174
-0.95787, -12.06282
-1.65748, -13.88167
-4.17066, -12.29210
-3.51954, -14.49181
10.27358, -11.59660
11.93921, -12.29525
11.48839, -8.35333
9.22180, -10.20521
11.09810, -6.46576
9.16618, -8.12036
7.30604, -10.06050
7.06328, -12.56334
5.03341, -12.54262
3.27021, -12.76355
2.07588, -14.14220
2.00743, -16.45263
-0.15833, -17.59747
9.27002, -15.49476
9.28920, -13.58329
12.92572, -13.86177
1.93383, -8.58540
0.23266, -9.45195
2.16891, -10.88528
-2.22058, -10.70014
-0.94095, -8.13775
0.62662, -6.87340
-1.08746, -6.15061
-2.13800, -3.61114
3.78905, -9.92443
5.46036, -10.53339
7.22469, -8.05848
5.46590, -7.48629
4.96461, -5.76079
3.78977, -4.29293
3.41198, -7.56244
1.74025, -5.09277
17.99976, -6.20749
17.02688, -4.74332
14.70552, -7.20489
14.96874, -5.28569
12.72880, -3.55103
11.26934, -4.44999
13.31681, -6.02174
13.27287, -8.68104
-3.89772, -4.20766
-3.06429, -6.78370
-2.91176, -8.60633
-5.94770, -8.62866
-4.44043, -9.52209
14.45855, -10.00091
14.49022, -12.41050
16.03989, -8.27276
5.80618, -2.03292
3.86571, -2.56482
6.13961, -4.38730
14.26374, -1.91741
16.09193, -3.04175
17.55149, -2.07798
17.43378, -0.33237
18.41280, 1.38877
7.88667, -5.48215
9.64933, -5.31042
7.59235, -3.31253
10.21227, -2.53654
9.81468, 0.10500
7.54742, -1.06048
6.61202, 0.50145
3.39206, -0.15738
11.07125, 4.06110
7.46415, 4.39152
8.67314, 6.45341
6.95921, 7.15699
6.14072, 5.59457
5.49740, 3.33949
2.93725, 2.27723
4.78641, 1.09059
15.16300, 0.63380
13.48346, 1.29376
11.65331, 0.61906
13.04935, -0.52405
11.34208, -1.13639
7.09946, 2.50508
8.31625, 1.10346
9.95176, 1.95932
10.48341, 6.60803
12.86601, 3.89200
11.86838, 2.44636
10.96304, 8.98174
12.65430, 8.37872
12.08309, 11.07290
14.56270, 11.62209
13.32724, 12.91752
14.38131, 2.77592
16.27392, 2.09080
19.07374, 3.70505
16.53825, 4.51432
17.37920, 8.02635
14.75790, 5.02839
15.30820, 7.64552
13.30873, 6.17513
5.86210, 13.29991
9.28657, 12.91852
8.23771, 15.36632
6.57062, 16.07121
8.94479, 17.18820
4.48745, 18.25895
4.62034, 16.08148
2.47362, 10.94893
10.74435, 13.89134
10.14958, 15.80366
10.28622, 10.66851
8.17102, 10.07304
8.51914, 8.26448
3.72897, 12.13831
6.05866, 11.46045
7.85044, 11.89558
-3.79004, 16.80050
-2.84158, 14.75874
-3.21511, 12.98233
-7.72352, 11.19070
-8.05737, 14.12184
-5.97191, 11.29987
-5.04515, 12.99341
-4.68477, 15.20264
-1.96862, 11.79147
0.31532, 13.77859
2.48491, 14.56284
0.91457, 15.37611
2.87573, 16.69595
-0.21940, 17.27755
-1.67878, 16.19273
-2.96104, 19.27213
4.34379, 5.33401
4.08906, 7.33886
6.49220, 8.97132
4.62873, 10.01525
1.58588, 12.54717
-0.57551, 10.48778
1.05771, 9.85790
0.88860, 5.94317
-6.30736, 14.56694
-5.54277, 17.14268
-9.26964, 16.69187
-9.72915, 14.92586
-11.45476, 14.28214
-10.17613, 12.80386
2.64786, 4.72801
2.37721, 7.74431
-7.61247, 9.39944
-6.55475, 6.99684
-8.22195, 7.69673
-13.72096, 7.32087
-10.82462, 6.93134
-12.12567, 8.24529
-9.67475, 8.80815
-9.64040, 11.18359
-4.19804, 6.31935
-2.17833, 4.95650
-1.42923, 6.56334
-3.51217, 7.94287
0.27209, 8.22890
-1.63089, 9.01889
-4.17542, 11.42080
-5.04487, 8.85249
1.44698, 0.95587
0.65778, 3.04155
-0.40519, 1.40939
-0.44442, 4.76020
-2.28449, 3.14148
-2.21280, 0.08579
-3.01092, -2.02966
-0.39773, -3.49051
-11.11326, 10.00886
-12.25939, 12.02421
-14.02583, 11.52588
-13.78939, 9.69830
-17.07147, 9.11253
-0.78359, -1.00708
2.08275, -2.67987
1.77015, -0.85852
-11.22607, 3.88403
-10.37580, 0.92190
-11.84197, -0.09394
-15.67644, 2.17908
-14.26417, 1.03719
-11.98854, 2.19228
-13.58818, 3.56178
-12.76800, 5.80874
-3.94836, -0.19380
-6.03280, 0.38014
-5.22255, 2.79398
-4.12341, 4.27807
-7.50417, 2.56108
-7.42749, 4.39039
-9.12044, 4.83441
-9.35533, 2.42081
-6.05321, -4.39347
-4.91302, -1.71882
-6.68473, -1.28918
-7.98618, 0.01618
-7.68865, -2.74767
-9.24855, -1.32928
-9.62942, -4.87759
-8.69888, -6.47642
-15.35499, 5.89122
-15.46689, 7.96437
-17.49266, 6.55922
-16.19582, 4.11606
-18.59073, 1.16645
-7.75104, -8.14867
-7.01923, -6.08030
-4.87547, -6.78746
-17.42818, -2.62295
-17.63039, -4.82685
-15.64432, -3.08889
-13.11149, -11.38852
-11.31501, -11.28539
-9.65403, -8.42758
-12.28289, -8.77025
-12.35423, -6.45797
-15.96927, -5.84009
-14.00933, -4.21134
-11.62944, -4.83835
-11.50893, -2.98245
-12.90548, -1.99037
-15.28272, -1.36162
-16.35342, 0.12864
-18.48272, -0.63514
-6.76512, -11.62730
-7.25132, -9.85513
-9.55252, -10.21641
-8.89091, -12.57581
-10.66029, -13.01966
-12.42161, -13.49530
-11.21692, -15.31495
-9.03979, -15.33450
-14.00752, -8.25167
-14.15757, -6.11541
-15.69700, -7.59788
-18.39095, -7.26326
-15.99685, -10.73276
-6.76154, -16.53050
-7.46059, -14.52593
-5.84717, -13.23404
