-1.819 -0.653
1.323 -0.738
-0.054 1.267
-0.348 -1.697
1.699 1.455
-3.295 0.445
1.705 -2.610
0.782 3.560
-2.518 -2.290
3.858 -0.647
-2.096 2.749
-0.453 -3.659
2.731 2.935
-4.505 -0.909
3.712 -3.113
-0.964 4.082
-2.618 -4.127
5.702 1.642
-4.800 2.397
1.481 -5.236
2.323 4.661
-5.533 -2.599
5.066 -1.996
-3.502 5.139
-1.534 -6.202
4.614 3.964
-5.665 0.392
3.568 -4.880
-0.108 5.717
-4.319 -4.993
5.960 -0.189
-5.211 4.495
0.663 -6.844
3.887 5.608
-7.406 -1.145
5.650 -3.675
-2.519 7.010
-3.278 -6.736
7.193 3.394
-7.694 3.022
3.739 -7.215
1.262 7.353
-6.089 -4.550
7.443 -1.556
-4.972 6.423
-0.414 -8.279
5.735 5.569
-7.515 0.622
5.590 -6.050
-1.251 8.269
-5.123 -6.622
8.396 2.037
-7.335 4.782
2.222 -8.111
3.624 7.373
-7.674 -2.962
8.093 -3.203
-3.910 8.177
-2.236 -8.327
8.398 4.827
-9.112 1.515
6.203 -7.773
0.767 9.226
-6.894 -6.908
9.594 -0.422
-6.747 6.550
0.072 -10.017
5.718 7.451
-9.406 -1.608
7.510 -5.289
-1.715 10.314
-5.689 -8.343
9.946 2.923
-9.586 4.423
3.765 -10.411
3.517 10.223
-9.026 -5.333
9.857 -2.775
-5.855 9.198
-1.636 -10.657
8.080 6.572
-10.785 0.685
7.826 -7.098
-0.112 11.235
-7.835 -8.564
11.318 0.216
-9.115 6.262
1.691 -10.945
6.123 10.174
-10.560 -2.957
10.988 -5.263
-3.448 9.914
-5.022 -10.645
10.780 5.038
-11.260 3.679
5.942 -9.556
1.722 10.721
-8.878 -7.122
12.052 -1.412
-7.756 9.262
-0.231 -11.872
8.425 8.323
-12.165 -0.607
9.712 -7.064
-1.699 12.133
-6.729 -10.066
12.644 2.617
-11.223 6.819
3.744 -12.432
4.929 11.600
-11.136 -4.723
12.199 -3.903
-5.598 11.694
-2.814 -12.027
10.145 6.801
-12.189 2.038
7.668 -10.041
1.027 12.771
-9.629 -8.753
13.128 0.491
-9.429 8.244
1.235 -12.953
7.857 10.468
-12.397 -3.150
11.459 -7.021
-3.262 13.028
-6.424 -11.794
13.192 4.776
-12.375 5.425
5.878 -11.307
4.339 13.251
-11.546 -6.403
13.378 -2.595
-8.456 11.079
-1.482 -14.089
10.993 9.240
-13.661 0.848
9.448 -10.046
-0.272 13.970
-8.698 -10.361
14.452 2.581
-11.335 8.660
2.773 -14.000
7.102 12.822
-13.661 -5.023
12.720 -5.751
-5.067 13.551
-5.155 -13.753
12.248 6.957
-13.802 4.032
8.435 -12.102
2.671 14.825
-11.470 -8.619
14.706 -1.216
-10.586 11.417
0.153 -14.781
9.998 11.650
-14.015 -2.053
12.414 -8.535
-2.389 15.225
-8.298 -12.055
14.968 4.361
-13.699 6.934
5.194 -13.593
5.866 14.251
-14.362 -6.718
15.661 -4.447
-7.558 12.789
-3.135 -14.831
12.737 9.403
-15.433 1.093
10.162 -11.628
0.225 15.984
-10.347 -11.069
14.970 0.637
-12.886 10.330
2.448 -15.723
9.061 13.159
-15.510 -3.101
14.016 -7.575
-4.808 15.577
-6.955 -13.934
15.128 6.522
-15.314 5.002
8.035 -14.708
4.294 15.679
-13.578 -9.067
16.285 -2.030
-9.397 12.757
-0.827 -16.370
11.823 11.351
-17.079 0.466
12.578 -10.419
-1.468 16.766
-10.110 -12.863
16.656 2.689
-14.251 9.064
4.918 -16.743
7.339 15.299
-15.486 -5.163
14.741 -6.008
-6.835 14.697
-5.562 -16.155
14.509 8.423
-16.101 3.212
9.643 -13.918
1.462 17.307
-12.650 -11.983
17.209 0.012
-12.173 12.669
2.074 -17.457
10.662 14.029
-17.296 -2.964
14.493 -9.372
-4.188 17.261
-8.595 -14.786
16.629 5.114
-16.173 6.531
6.611 -16.059
5.919 16.383
-15.473 -8.528
17.426 -3.836
-10.554 14.046
-2.241 -18.474
14.111 12.171
-18.874 0.859
12.258 -12.196
-0.532 18.321
-12.147 -13.855
18.121 1.575
-15.348 10.512
3.868 -18.410
9.263 15.761
-17.219 -5.287
15.991 -8.359
-6.670 16.532
-6.765 -17.875
17.117 7.559
-17.382 4.539
9.582 -16.171
3.965 18.843
-13.938 -10.779
18.226 -2.208
-13.306 14.126
-0.407 -18.564
12.796 13.355
-18.945 -1.300
15.618 -11.655
-2.651 18.828
-10.972 -15.965
18.606 5.445
-17.104 8.825
5.688 -18.531
8.076 18.036
-17.152 -8.147
18.296 -5.406
