-1.582 -1.110
1.471 -0.363
-0.387 1.208
0.112 -1.728
1.254 1.851
-3.295 -0.440
2.334 -2.068
-0.185 3.640
-1.824 -2.873
3.892 0.394
-2.748 2.099
0.528 -3.648
1.859 3.552
-4.105 -2.066
4.402 -2.023
-2.007 3.683
-1.437 -4.672
5.067 3.089
-5.262 1.045
2.810 -4.659
1.011 5.109
-4.651 -3.967
5.413 -0.589
-4.734 4.032
0.157 -6.387
3.404 5.041
-5.568 -1.117
4.730 -3.766
-1.613 5.486
-2.848 -5.956
5.799 1.390
-6.212 2.960
2.445 -6.427
2.270 6.435
-6.841 -3.059
6.419 -2.054
-4.279 6.097
-1.384 -7.362
6.042 5.172
-8.219 0.885
5.510 -5.973
-0.723 7.426
-4.673 -5.995
7.590 0.463
-6.490 4.883
1.785 -8.095
4.062 6.885
-7.413 -1.383
6.989 -4.361
-3.388 7.646
-3.194 -7.739
7.560 4.181
-8.337 2.677
4.284 -7.237
1.550 8.068
-6.621 -4.882
8.651 -0.954
-5.929 6.855
0.040 -8.622
6.827 6.872
-9.188 -0.943
8.034 -5.861
-1.695 9.102
-4.827 -8.482
9.365 2.125
-8.236 4.538
2.713 -9.642
3.549 8.695
-8.649 -4.033
8.639 -3.120
-4.376 9.496
-3.286 -9.548
8.822 5.444
-10.414 1.737
6.379 -9.048
0.695 10.789
-7.299 -7.525
10.240 -0.076
-8.075 7.327
1.234 -10.711
6.060 8.472
-10.584 -2.185
9.422 -4.781
-3.073 10.807
-5.298 -10.328
10.860 3.195
-10.445 3.635
4.519 -10.111
3.222 11.429
-9.405 -5.638
11.987 -2.177
-5.942 8.653
-2.035 -11.593
9.068 7.704
-11.832 0.578
8.253 -7.649
-1.168 10.795
-6.685 -9.212
11.997 1.818
-9.925 6.887
2.910 -11.512
5.930 10.251
-11.574 -3.795
11.231 -4.251
-4.840 11.255
-3.834 -11.484
11.506 5.861
-12.625 3.616
6.892 -11.004
1.693 12.490
-9.495 -7.494
12.797 -0.546
-8.486 9.802
0.460 -12.344
7.991 9.237
-12.295 -1.250
10.045 -7.662
-2.380 12.590
-6.978 -10.984
12.533 3.937
-11.270 5.464
4.610 -12.168
4.816 12.170
-11.126 -6.310
12.905 -3.749
-6.584 11.706
-3.084 -13.072
11.464 8.088
-13.367 1.967
8.653 -9.355
0.689 13.926
-9.447 -9.223
13.589 1.027
-11.080 8.455
2.288 -13.981
8.165 11.813
-13.400 -2.786
11.764 -7.197
-3.949 13.403
-5.656 -12.289
13.259 6.303
-13.218 5.362
6.369 -12.772
3.466 14.242
-11.851 -8.450
13.787 -2.190
-8.464 11.734
-1.343 -14.625
9.978 9.943
-14.377 0.247
11.330 -9.447
-1.336 15.005
-8.790 -11.340
14.506 2.708
-13.223 8.219
4.048 -14.217
6.570 13.876
-12.977 -5.679
14.226 -4.957
-6.322 14.055
-4.823 -13.817
13.287 8.156
-15.043 3.074
8.596 -11.741
1.898 15.294
-12.080 -10.269
16.279 -0.157
-10.665 10.341
0.889 -15.133
9.804 12.430
-15.174 -3.018
12.871 -8.534
-4.000 15.477
-7.060 -13.407
14.272 4.565
-15.155 6.563
6.510 -14.520
5.267 15.084
-14.142 -7.083
15.518 -3.608
-8.748 13.756
-3.031 -15.275
12.870 10.282
-16.091 0.783
11.632 -12.066
0.005 16.257
-10.705 -12.328
16.244 2.339
-12.431 9.825
3.522 -16.008
8.409 14.069
-16.596 -4.057
14.882 -6.731
-5.840 15.784
-6.357 -15.075
15.357 6.988
-16.138 4.982
9.161 -14.852
3.041 16.693
-13.575 -9.066
15.804 -1.905
-10.471 12.373
-1.102 -17.050
11.772 11.953
-16.378 -1.151
12.974 -10.880
-3.157 17.080
-9.040 -14.897
16.596 4.552
-15.085 9.008
6.607 -16.291
6.582 16.345
-15.901 -7.423
16.452 -5.216
-8.595 15.544
-4.389 -16.530
14.690 9.320
-17.323 2.032
10.614 -13.746
1.386 17.364
-12.674 -12.308
17.821 0.898
-13.887 10.764
2.713 -18.410
10.399 15.464
-18.431 -4.152
15.042 -8.529
-5.347 17.531
-8.060 -16.569
17.063 6.301
-17.577 6.089
8.588 -16.736
4.776 17.647
-15.214 -9.644
17.630 -3.844
-10.795 14.186
-1.809 -19.027
14.516 11.808
-17.963 -0.209
13.509 -13.070
-1.148 19.221
-10.600 -14.075
18.162 2.680
-16.562 10.114
4.506 -18.013
8.819 16.258
-17.930 -6.253
18.140 -7.121
-7.525 17.462
-6.371 -18.294
16.509 10.162
-18.827 3.999
10.376 -16.374
3.030 19.527
-14.394 -12.384
19.074 -0.387
