1.25243, -16.18925
4.96883, -16.92004
10.67672, -15.31816
12.92307, -14.34045
10.14715, -13.53166
12.85112, -11.84289
12.57394, -10.09894
10.39875, -11.36463
7.50912, -17.95298
4.29945, -15.26678
5.86665, -14.44293
5.95472, -11.08296
3.97154, -11.43048
4.06202, -13.37714
1.12187, -12.93180
2.60224, -14.68428
14.06836, -6.48913
15.87434, -6.45936
13.87709, -3.03109
12.54602, -5.63785
12.76102, -1.45959
11.65708, -3.75118
10.73366, -6.27538
11.51738, -8.66471
9.65038, -9.46164
8.12469, -10.37265
7.58523, -12.11508
8.45123, -14.25818
6.92829, -16.17698
14.71630, -10.46190
13.96554, -8.70393
17.40730, -7.49725
5.22162, -7.08403
4.01223, -8.56128
6.36130, -9.09545
2.26760, -10.69027
2.40936, -7.82965
3.33652, -6.04184
1.47648, -6.06899
-0.50620, -4.16595
7.45859, -7.56443
9.23372, -7.45025
9.85446, -4.47490
8.01402, -4.65792
6.86145, -3.27943
5.19568, -2.40758
6.16392, -5.55321
3.64051, -3.96377
18.97679, 1.55099
17.49745, 2.50064
16.36128, -0.68640
15.83088, 1.17675
13.08261, 1.86477
12.10758, 0.45500
14.61413, -0.16122
15.64279, -2.61390
-1.87774, -5.41947
-0.07917, -7.44326
0.79311, -9.05087
-1.97781, -10.29161
-0.23855, -10.50384
17.25900, -3.34588
18.25653, -5.53952
18.01234, -1.12786
6.13363, 0.47231
4.57061, -0.79470
7.38528, -1.54948
13.83147, 3.97757
15.95740, 3.68289
16.90648, 5.15206
16.09706, 6.70313
16.30170, 8.67262
9.42507, -1.84977
10.97004, -0.98402
8.28350, 0.01857
10.37055, 1.78219
8.94473, 4.04114
7.33715, 2.06262
5.85282, 3.11685
3.16924, 1.21932
8.50518, 8.16866
5.06948, 7.02135
5.34773, 9.39530
3.49555, 9.35062
3.37410, 7.59098
3.69146, 5.26751
1.77420, 3.26580
3.94437, 2.92250
13.62944, 6.67508
11.82628, 6.60430
10.42167, 5.25088
12.15944, 4.76530
10.84228, 3.51838
5.49380, 5.14742
7.17135, 4.35309
8.32491, 5.79417
6.94319, 10.26451
10.21655, 8.73522
9.88413, 7.01051
6.42826, 12.63081
8.21926, 12.75845
6.61330, 14.99581
8.66305, 16.49536
7.01109, 17.18495
12.05265, 8.32234
14.06102, 8.45574
15.97588, 11.05922
13.32893, 10.78111
12.68731, 14.33495
11.49211, 10.53621
10.94404, 13.15381
9.70422, 11.00375
0.02184, 14.53449
3.31080, 15.56172
1.36651, 17.38150
-0.44331, 17.35685
1.28165, 19.33393
-3.23016, 18.52276
-2.23325, 16.58235
-2.13590, 11.01979
4.25461, 17.03845
2.94134, 18.55042
5.13052, 13.90327
3.43306, 12.50783
4.47877, 10.99172
-1.46449, 12.61345
0.94118, 12.92917
2.40696, 14.04780
-10.22332, 13.86020
-8.53417, 12.37186
-8.16218, 10.59513
-11.57021, 7.14245
-13.05407, 9.69220
-10.01021, 7.94647
-9.84233, 9.86969
-10.40034, 12.03746
-6.54215, 10.00573
-5.24955, 12.74329
-3.57816, 14.33345
-5.34296, 14.44694
-4.07770, 16.44375
-7.14557, 15.73222
-8.04583, 14.15230
-10.45770, 16.45658
1.83345, 6.63013
0.79436, 8.36351
2.33866, 10.82422
0.21274, 11.03110
-3.59118, 12.12641
-4.74251, 9.37195
-2.99385, 9.45166
-1.57519, 5.79911
-11.63056, 10.80317
-11.96577, 13.46901
-15.19712, 11.55821
-14.90804, 9.75644
-16.22937, 8.47341
-14.46439, 7.63375
0.52414, 5.39356
-0.93609, 8.04668
-10.74853, 5.54690
-8.81430, 3.77208
-10.62222, 3.74281
-15.50638, 1.18834
-12.69774, 1.99583
-14.41720, 2.67602
-12.39922, 4.17655
-13.32257, 6.36546
-6.38404, 4.09900
-3.98687, 3.66291
-3.94682, 5.43533
-6.40858, 5.86128
-3.05845, 7.64426
-5.11846, 7.60273
-8.41384, 8.77930
-8.17764, 6.07812
0.94073, 1.45686
-0.62024, 3.04943
-0.93752, 1.12765
-2.32029, 4.18010
-3.35453, 1.95828
-2.06066, -0.81088
-1.94118, -3.06871
1.03881, -3.35599
-14.19904, 4.69779
-16.05857, 6.08249
-17.47573, 4.91617
-16.52464, 3.33776
-19.29447, 1.48216
-0.31271, -1.23711
2.98427, -1.61670
1.96594, -0.07461
-11.84047, -0.95583
-9.87128, -3.32638
-10.80549, -4.84587
-15.23021, -4.30581
-13.47806, -4.78374
-11.85864, -2.81138
-13.87384, -2.20035
-14.02600, 0.18678
-3.53747, -1.76449
-5.67681, -2.07679
-5.90513, 0.45915
-5.49521, 2.25987
-7.90071, -0.67120
-8.56578, 1.03466
-10.29443, 0.76075
-9.53936, -1.54370
-3.77676, -6.45602
-3.80779, -3.54864
-5.60277, -3.86736
-7.31915, -3.19521
-5.93579, -5.60637
-7.93425, -4.93460
-6.85676, -8.33675
-5.36205, -9.42671
-16.42795, -0.77754
-17.36372, 1.07579
-18.65383, -1.02510
-16.48435, -2.74096
-17.49169, -6.40443
-3.82200, -10.57695
-3.98328, -8.38887
-1.73608, -8.17470
-14.90404, -9.40696
-14.20335, -11.50627
-13.08334, -9.11658
-7.42811, -15.69817
-5.82460, -14.88165
-5.45239, -11.59723
-7.72180, -12.96767
-8.71655, -10.87908
-12.27505, -11.76636
-11.13508, -9.48719
-8.70388, -9.10473
-9.33951, -7.35691
-11.01704, -7.00983
-13.44652, -7.38964
-15.02592, -6.45543
-16.66865, -8.01066
-1.52100, -13.36591
-2.67851, -11.93863
-4.64042, -13.19440
-3.08626, -15.08888
-4.52801, -16.20649
-5.94960, -17.34998
-4.11510, -18.53195
-2.11373, -17.67475
-9.50942, -13.18604
-10.50548, -11.29026
-11.31920, -13.26647
-13.92046, -14.04289
-10.33370, -16.25749
0.45311, -17.85415
-0.99272, -16.29962
-0.03464, -14.46817
