-1.812 0.672
0.536 -1.417
0.774 1.004
-1.359 -1.073
2.236 0.019
-2.233 2.463
-0.377 -3.095
2.891 2.220
-3.401 -0.130
2.534 -2.980
0.167 3.453
-2.703 -2.507
3.979 0.486
-4.032 2.206
0.834 -4.772
1.892 3.743
-4.661 -1.470
5.419 -2.417
-2.128 4.925
-2.240 -4.959
4.779 2.069
-5.906 1.576
2.589 -4.790
0.631 6.187
-5.168 -3.756
6.082 0.060
-4.081 3.949
-0.414 -6.031
3.600 4.443
-6.520 -1.037
4.437 -3.984
-1.091 6.795
-3.901 -5.662
6.586 1.786
-6.402 3.894
1.954 -6.450
2.589 6.984
-6.846 -3.041
7.688 -2.037
-3.939 7.268
-1.787 -7.927
5.702 4.812
-7.588 0.442
4.691 -5.985
0.334 8.115
-5.650 -6.066
7.974 0.566
-5.348 5.317
0.379 -8.229
4.369 7.131
-8.184 -1.765
7.734 -3.849
-2.531 8.383
-3.525 -7.636
7.521 3.306
-7.778 2.677
4.127 -7.663
2.276 8.773
-7.074 -4.929
9.533 -1.717
-5.994 7.028
-0.262 -9.941
6.529 6.564
-9.723 -0.843
7.067 -6.502
-0.942 9.356
-6.397 -7.708
9.173 2.016
-8.230 4.829
2.338 -8.883
5.331 8.994
-9.726 -2.717
9.491 -4.170
-4.484 9.558
-3.826 -10.389
9.275 5.554
-10.339 1.735
5.752 -8.472
1.446 10.807
-8.116 -7.098
10.414 -0.177
-7.808 7.471
1.414 -10.470
7.151 8.666
-11.510 -1.504
8.797 -7.125
-2.939 10.661
-5.757 -9.461
11.237 3.838
-9.982 4.540
5.015 -11.103
3.748 9.805
-10.698 -4.908
11.491 -3.090
-6.243 10.067
-1.610 -11.137
8.223 7.092
-11.379 0.271
8.309 -8.843
0.033 12.080
-7.823 -8.932
11.806 0.940
-9.696 7.372
2.879 -11.659
6.516 10.375
-11.630 -3.365
11.358 -6.143
-4.193 12.445
-5.144 -11.921
11.242 5.698
-11.560 3.560
6.817 -10.843
3.250 12.551
-9.899 -7.388
12.141 -1.333
-8.011 9.410
-0.602 -12.619
9.012 9.108
-13.004 -0.493
10.358 -8.081
-1.902 12.380
-7.399 -10.704
12.752 2.946
-11.512 5.575
4.243 -12.751
5.897 12.067
-12.511 -4.884
13.167 -4.844
-5.971 12.120
-2.787 -12.435
11.854 7.341
-12.956 2.539
8.562 -10.602
0.668 13.921
-10.209 -9.822
14.361 -0.013
-9.903 9.448
0.756 -13.771
8.791 10.861
-13.327 -2.323
12.717 -7.335
-3.092 13.925
-6.897 -12.495
13.691 5.234
-13.685 4.957
6.026 -12.592
4.852 13.630
-12.801 -7.199
13.850 -2.568
-7.961 11.974
-1.343 -14.690
11.592 9.620
-14.326 0.795
10.466 -10.402
-0.744 15.551
-9.404 -11.405
15.152 2.471
-12.043 7.457
3.998 -14.525
7.979 13.185
-14.112 -3.877
14.258 -6.306
-6.012 14.128
-4.783 -13.743
13.667 7.122
-15.313 4.112
9.115 -13.489
2.456 14.651
-11.951 -9.325
15.799 -1.012
-11.101 10.776
0.284 -15.440
10.468 12.081
-15.045 -1.802
11.862 -9.155
-3.203 16.202
-8.255 -13.604
15.407 4.229
-13.861 7.619
5.842 -14.822
6.356 15.012
-14.295 -6.179
15.772 -4.755
-8.493 13.690
-3.327 -16.426
13.384 9.227
-16.226 1.811
11.149 -12.043
1.029 15.811
-11.177 -11.989
16.355 1.067
-12.763 11.357
2.910 -16.072
9.676 13.770
-16.019 -3.327
14.473 -8.672
-5.063 16.113
-7.023 -15.975
15.468 6.976
-15.171 6.026
7.406 -14.091
4.239 15.645
-14.660 -8.775
16.524 -2.903
-10.247 12.828
-1.588 -16.857
12.267 12.297
-17.395 -1.018
13.171 -11.076
-1.151 17.532
-9.658 -14.689
17.192 3.863
-15.139 8.873
5.049 -16.504
7.914 15.901
-16.098 -5.774
16.013 -6.799
-8.164 15.414
-5.287 -16.542
15.080 8.719
-17.329 3.444
10.859 -14.159
0.975 17.543
-13.613 -12.687
18.634 0.221
-13.884 12.814
1.521 -17.225
11.394 14.356
-18.216 -2.774
14.876 -10.467
-4.969 17.926
-8.900 -16.573
17.238 6.089
-16.577 7.047
6.847 -16.695
5.547 16.942
-16.689 -9.315
17.962 -5.244
-10.372 14.668
-3.087 -18.542
15.170 11.859
-17.605 0.732
12.519 -13.428
-1.079 19.377
-12.269 -13.938
18.390 1.973
-15.329 11.208
4.439 -18.975
10.100 16.110
-18.676 -5.144
17.739 -7.819
-7.399 17.768
-7.586 -17.839
17.794 8.594
-18.367 4.816
10.513 -15.920
