1.866 -0.502
-0.665 1.361
-0.678 -1.071
1.254 1.194
-2.225 -0.225
2.451 -2.246
0.090 3.117
-2.674 -2.477
3.374 0.444
-2.799 2.734
0.153 -3.454
2.460 2.746
-3.917 -0.852
4.218 -1.824
-1.272 4.675
-1.538 -3.902
4.505 1.894
-5.619 1.906
2.574 -4.707
1.772 5.144
-4.568 -2.502
6.027 -1.024
-3.020 4.530
-0.057 -6.219
4.799 4.218
-6.051 -0.622
4.428 -3.555
-0.145 6.044
-3.174 -4.756
6.396 1.635
-4.786 3.557
1.714 -6.665
3.362 5.998
-6.392 -2.386
6.735 -3.286
-2.542 6.242
-1.933 -7.194
6.536 3.661
-7.843 1.318
4.593 -6.873
1.047 8.059
-5.233 -5.318
7.597 0.261
-5.224 5.526
0.417 -8.112
5.065 6.562
-7.888 -1.300
5.816 -4.800
-1.138 8.158
-3.692 -7.504
7.986 2.513
-8.057 3.118
3.294 -8.113
2.804 7.928
-7.183 -3.986
7.992 -1.947
-4.817 7.249
-1.456 -8.946
6.589 5.561
-9.651 0.829
6.618 -6.444
-0.657 9.923
-5.895 -7.139
9.604 1.738
-7.637 5.822
1.802 -9.229
5.657 8.266
-8.948 -2.855
8.641 -4.048
-3.148 8.629
-4.478 -9.448
9.433 3.604
-9.836 3.276
5.348 -9.103
2.850 10.698
-8.723 -6.387
10.455 -0.772
-6.510 7.905
-0.442 -10.895
7.425 7.817
-10.386 -0.785
8.465 -6.718
-2.375 10.295
-6.320 -9.290
11.322 2.561
-9.417 6.282
3.911 -10.344
4.858 9.953
-10.834 -4.859
10.359 -3.598
-6.019 10.592
-2.826 -10.109
10.199 5.875
-11.727 2.015
7.146 -9.447
0.574 11.238
-7.533 -7.821
11.355 0.781
-9.090 8.038
1.083 -12.032
6.965 9.617
-11.668 -2.027
10.336 -6.445
-3.943 11.343
-5.529 -10.933
11.270 4.425
-11.877 5.067
5.324 -12.005
4.021 12.345
-10.668 -6.713
11.840 -2.477
-7.790 10.167
-2.077 -12.798
9.175 8.271
-12.212 0.206
8.846 -8.630
-0.566 12.621
-8.132 -9.901
12.903 1.692
-11.060 7.089
3.037 -12.151
6.378 11.342
-12.426 -4.112
11.978 -4.488
-5.402 12.305
-4.757 -12.560
12.007 6.019
-13.559 3.607
7.065 -11.517
1.627 12.640
-11.125 -8.405
13.135 -1.331
-9.505 9.766
0.621 -13.923
9.258 10.723
-14.300 -1.314
10.733 -8.493
-2.025 13.642
-7.750 -11.627
13.056 3.544
-13.340 6.129
4.365 -13.580
5.713 13.079
-13.149 -6.476
14.084 -3.672
-7.163 11.982
-3.573 -14.020
12.082 8.351
-14.028 1.277
9.033 -11.187
-0.020 14.752
-10.654 -10.650
14.338 0.531
-11.382 9.391
2.177 -15.416
8.310 12.225
-14.859 -3.860
12.680 -6.313
-5.323 14.093
-6.727 -13.866
13.694 5.164
-14.780 4.962
7.291 -13.512
3.493 14.126
-12.950 -8.354
15.627 -2.680
-10.322 12.590
-1.092 -14.815
11.039 10.389
-15.825 -0.452
12.049 -9.705
-1.709 15.348
-9.307 -12.996
14.814 3.184
-12.657 8.021
4.686 -15.836
6.963 14.308
-14.951 -5.634
14.505 -6.306
-7.186 14.219
-4.942 -15.535
13.663 7.473
-16.144 3.278
9.721 -12.847
1.796 16.663
-12.475 -10.424
16.324 -0.304
-12.214 10.961
0.436 -15.838
10.021 12.970
-16.187 -2.573
13.758 -10.130
-4.382 15.734
-8.363 -14.605
15.643 4.792
-15.212 7.298
6.529 -15.576
5.518 16.555
-14.757 -8.375
15.662 -4.599
-8.676 13.346
-2.775 -15.970
13.787 10.091
-16.721 1.364
11.388 -11.826
0.025 16.932
-11.078 -13.378
17.227 2.620
-14.138 9.812
2.765 -17.351
8.260 15.518
-16.761 -5.435
15.894 -7.437
-6.552 15.967
-6.412 -16.564
15.496 7.236
-16.573 5.291
9.553 -14.594
3.737 16.960
-14.210 -10.074
17.573 -1.828
-12.120 13.096
0.650 -17.558
12.383 13.891
-18.534 -1.941
15.008 -11.476
-3.105 17.011
-10.019 -15.347
17.881 4.444
-15.779 9.049
6.603 -17.391
7.331 17.324
-16.602 -7.655
17.157 -5.486
-8.360 15.991
-3.958 -17.382
15.757 10.817
-18.370 3.562
11.683 -13.647
1.361 18.747
-14.010 -13.210
17.597 0.897
-13.706 12.215
2.865 -19.194
10.929 15.011
-18.130 -3.663
16.299 -9.744
-6.173 18.484
-8.569 -16.974
18.121 6.847
-18.386 6.147
9.008 -17.009
5.906 18.463
-16.925 -10.201
18.733 -3.099
-11.938 14.881
