-0.663 1.815
-0.731 -1.327
1.267 0.061
-1.698 0.340
1.463 -1.691
0.428 3.297
-2.602 -1.719
3.564 -0.763
-2.303 2.506
-0.627 -3.862
2.738 2.111
-3.661 0.434
2.949 -2.715
-0.933 4.500
-3.094 -3.728
4.077 0.985
-4.141 2.597
1.672 -5.693
2.372 4.812
-5.228 -1.508
4.673 -2.299
-2.628 5.520
-1.970 -5.076
5.120 3.529
-6.210 1.501
3.988 -4.593
0.362 5.667
-4.862 -3.594
5.716 0.138
-5.016 4.293
-0.158 -5.961
4.467 5.234
-6.841 -0.699
5.628 -3.858
-1.184 7.400
-3.646 -5.669
6.997 2.555
-6.753 3.242
3.432 -7.175
2.982 7.710
-7.195 -3.777
7.360 -1.223
-4.582 6.065
-1.517 -7.451
6.397 5.005
-8.281 0.371
5.599 -5.706
0.583 7.518
-6.021 -5.622
8.262 1.294
-6.648 5.088
2.081 -8.385
4.744 7.360
-8.099 -2.265
7.392 -3.585
-3.002 7.659
-3.160 -8.109
8.156 3.953
-8.339 2.193
4.871 -8.373
1.467 9.119
-7.741 -6.243
9.230 -0.718
-6.944 6.858
-0.372 -9.596
6.515 6.781
-10.016 -0.125
7.480 -5.679
-1.657 9.398
-5.249 -7.538
10.305 1.769
-8.372 5.646
2.976 -9.931
4.373 9.609
-10.391 -3.820
10.241 -3.464
-5.380 8.998
-2.724 -9.872
9.168 5.903
-10.665 1.580
6.615 -8.046
0.629 10.789
-7.057 -7.863
11.234 0.171
-8.605 7.790
0.276 -11.317
6.214 9.148
-10.936 -1.748
10.206 -6.070
-3.012 10.544
-5.205 -11.015
9.896 3.500
-10.671 4.966
5.095 -10.753
3.620 11.279
-9.525 -5.992
10.730 -1.666
-7.168 8.841
-1.349 -12.059
9.221 7.805
-11.873 0.169
8.367 -8.381
-0.670 12.162
-7.013 -9.748
12.124 1.763
-10.101 6.676
2.683 -12.630
6.760 11.259
-12.412 -3.809
11.626 -4.868
-4.782 11.111
-3.839 -12.219
11.665 5.660
-12.042 2.751
6.854 -10.109
1.974 12.200
-10.000 -7.720
12.777 -0.960
-8.804 9.583
0.559 -13.125
8.195 9.472
-12.947 -1.303
10.509 -7.802
-3.215 12.380
-6.961 -11.495
13.011 3.330
-11.828 6.362
4.845 -13.167
5.360 12.403
-11.276 -5.937
13.274 -4.270
-6.464 11.512
-2.525 -13.392
11.034 8.514
-14.097 1.408
9.298 -10.944
0.777 13.665
-9.997 -9.501
13.969 0.345
-10.406 8.644
2.657 -14.438
8.601 11.380
-13.985 -2.846
12.859 -7.034
-5.095 13.634
-5.684 -12.750
13.524 5.138
-13.779 5.083
7.021 -12.212
3.959 13.823
-12.058 -8.498
14.839 -2.593
-8.679 11.425
-1.139 -14.712
11.361 10.646
-14.780 -0.230
11.702 -9.937
-2.126 14.004
-8.470 -12.458
15.212 2.469
-12.099 8.234
4.439 -14.945
6.863 13.735
-13.566 -5.265
14.281 -5.792
-6.793 14.326
-4.365 -15.684
12.749 7.625
-14.847 3.058
9.469 -12.687
1.012 15.438
-11.574 -10.223
15.985 -0.142
-11.123 10.289
0.715 -14.967
10.262 12.940
-15.710 -2.530
13.206 -8.992
-3.182 15.493
-7.501 -14.055
15.551 4.890
-13.970 6.882
6.601 -15.093
4.921 15.340
-14.666 -8.112
15.702 -4.212
-9.138 13.531
-1.945 -16.296
12.707 9.464
-16.374 0.741
11.413 -11.764
0.377 17.081
-10.353 -12.633
16.758 1.555
-12.916 10.043
2.776 -16.642
8.989 14.299
-16.717 -5.005
15.337 -7.258
-5.244 15.458
-5.930 -14.773
14.661 6.912
-16.184 5.477
8.499 -14.465
3.127 16.118
-13.867 -9.716
17.315 -1.372
-12.049 12.587
0.102 -17.209
12.606 12.239
-17.446 -2.165
14.085 -10.588
-3.055 17.280
-9.296 -14.542
17.239 4.279
-14.830 8.517
5.201 -16.602
6.447 16.207
-16.024 -6.695
16.413 -5.833
-8.609 15.428
-3.745 -17.446
13.991 10.628
-18.485 2.144
12.245 -14.047
0.760 18.878
-12.132 -12.322
18.318 0.628
-13.918 12.074
1.670 -18.113
10.431 15.402
-18.389 -3.964
15.809 -9.181
-5.377 17.191
-8.276 -16.035
16.497 6.756
-17.910 6.671
7.648 -17.077
4.448 17.405
-16.121 -9.666
18.863 -3.866
-10.852 13.881
-2.112 -18.237
14.056 13.380
-18.566 0.310
13.422 -12.726
-1.399 18.938
-11.573 -15.679
18.814 2.750
-16.022 10.889
5.543 -18.577
8.736 17.150
-18.501 -5.784
18.078 -7.981
-8.236 17.109
-5.310 -18.324
