-1.261 -1.464
1.515 0.009
-0.671 1.076
0.532 -1.648
0.762 2.102
-3.087 -1.235
2.770 -1.432
-1.073 3.484
-1.063 -3.233
3.677 1.337
-3.178 1.360
1.407 -3.407
0.931 3.899
-3.473 -3.010
4.764 -0.882
-2.849 3.078
-0.247 -4.881
4.154 4.237
-5.358 -0.278
3.867 -3.828
-0.273 5.201
-3.536 -4.986
5.392 0.757
-5.579 2.748
1.719 -6.154
2.064 5.722
-5.123 -2.448
5.509 -2.491
-2.909 4.923
-1.300 -6.472
5.281 2.770
-6.749 1.346
3.947 -5.630
0.622 6.795
-5.882 -4.643
6.727 -0.417
-5.644 4.861
0.464 -7.477
4.589 6.496
-8.185 -1.158
6.807 -4.438
-2.523 7.022
-3.059 -6.958
7.245 2.311
-7.490 3.142
3.716 -7.410
2.249 7.671
-6.847 -3.159
7.845 -2.513
-5.160 6.581
-1.198 -8.286
6.304 5.908
-8.739 0.550
5.928 -5.965
-0.477 8.201
-5.221 -6.357
8.621 1.197
-7.430 5.191
2.154 -8.349
4.932 8.336
-8.676 -3.168
9.226 -3.711
-3.876 8.408
-2.599 -9.407
8.558 4.357
-9.097 2.379
4.995 -8.682
1.308 9.300
-7.395 -6.031
9.141 -0.905
-6.572 8.132
-0.844 -10.063
7.217 7.442
-10.521 -0.871
8.404 -7.207
-1.973 10.630
-5.230 -9.086
9.946 2.438
-9.626 5.123
3.824 -10.081
3.796 9.699
-9.724 -4.714
10.307 -2.324
-5.630 9.723
-2.602 -11.312
9.744 5.762
-11.017 0.962
6.861 -8.694
0.320 11.870
-7.735 -7.773
12.155 0.830
-7.883 6.930
0.871 -11.738
6.901 9.693
-11.612 -2.342
9.877 -5.391
-3.781 10.179
-4.220 -10.571
11.185 4.706
-11.311 4.242
5.645 -10.446
3.234 11.393
-10.289 -6.519
11.931 -1.366
-7.453 9.724
-0.900 -12.074
9.716 8.504
-13.126 0.408
9.380 -8.977
-1.422 12.523
-7.366 -9.595
12.540 2.610
-10.631 7.421
3.474 -11.854
5.481 10.915
-11.612 -4.228
11.618 -4.963
-5.395 11.621
-4.071 -12.360
11.184 6.892
-12.266 2.533
7.454 -10.666
1.684 12.980
-9.238 -8.846
13.431 -0.468
-9.254 9.733
0.216 -13.429
9.130 10.653
-13.442 -1.372
10.684 -6.947
-2.749 13.670
-6.896 -11.259
12.922 4.329
-12.815 5.479
5.648 -12.992
5.018 13.455
-12.307 -5.989
13.170 -4.091
-7.116 12.025
-2.469 -13.301
11.308 9.363
-14.130 1.956
9.307 -10.819
-0.133 14.657
-9.416 -11.099
13.903 1.259
-11.083 9.299
2.285 -14.508
7.235 12.087
-13.998 -3.287
13.301 -6.379
-4.976 14.219
-5.739 -13.150
13.398 6.184
-14.835 4.724
7.412 -12.789
2.965 15.063
-11.187 -8.688
15.007 -1.316
-9.577 12.074
-1.286 -14.578
10.880 11.166
-15.338 -0.710
11.214 -9.273
-1.912 15.292
-9.192 -12.919
15.820 3.841
-12.876 7.409
4.574 -14.452
6.455 14.455
-13.970 -6.648
14.571 -5.116
-7.674 14.022
-3.555 -14.729
12.716 7.926
-16.302 2.645
9.873 -12.479
1.406 15.915
-11.972 -10.336
15.929 0.309
-11.855 11.190
0.809 -15.552
9.955 13.125
-15.792 -3.188
14.236 -8.844
-3.983 15.761
-7.353 -14.577
15.174 6.252
-14.461 6.475
7.341 -14.655
4.701 15.701
-15.094 -8.004
16.078 -2.874
-9.533 13.869
-2.465 -16.174
13.173 10.542
-16.867 0.871
12.525 -12.151
-1.146 16.929
-10.936 -12.119
15.789 2.030
-13.186 9.426
3.114 -16.799
8.481 14.475
-15.595 -5.133
15.246 -7.365
-7.250 15.784
-5.109 -16.659
14.972 8.484
-16.833 5.033
10.401 -14.173
2.371 17.460
-13.594 -11.097
17.229 -1.021
-12.145 12.961
-0.200 -17.101
11.955 12.639
-17.293 -2.279
13.662 -10.722
-2.915 17.173
-9.268 -15.041
17.056 5.242
-16.103 7.028
7.146 -17.182
6.288 17.542
-16.850 -8.547
16.675 -4.579
-9.484 15.684
-3.750 -18.040
14.996 10.295
-18.534 1.592
12.431 -14.118
0.301 18.279
-12.383 -13.081
18.034 0.599
-13.946 11.105
2.914 -18.889
11.176 15.008
-17.363 -4.609
16.303 -9.356
-5.828 18.352
-6.823 -16.245
16.950 7.053
-18.538 5.743
8.787 -16.357
4.561 17.925
-15.848 -10.461
19.332 -2.453
-11.579 15.082
-1.689 -19.298
13.512 13.901
-19.233 -0.741
14.075 -13.328
-1.852 19.674
-10.916 -15.536
18.586 4.304
