-1.603 -1.079
1.463 -0.391
-0.364 1.215
0.078 -1.730
1.290 1.827
-3.303 -0.377
2.294 -2.112
-0.115 3.643
-1.879 -2.838
3.899 0.319
-2.707 2.151
0.458 -3.658
1.927 3.515
-4.144 -1.987
4.362 -2.107
-1.936 3.721
-1.526 -4.643
5.125 2.991
-5.241 1.146
2.720 -4.713
1.109 5.089
-4.727 -3.877
5.400 -0.693
-4.656 4.123
0.034 -6.389
3.501 4.975
-5.588 -1.010
4.656 -3.856
-1.507 5.516
-2.962 -5.900
5.825 1.278
-6.154 3.079
2.322 -6.472
2.393 6.390
-6.899 -2.927
6.379 -2.177
-4.161 6.178
-1.525 -7.334
6.140 5.055
-8.201 1.043
5.395 -6.077
-0.580 7.438
-4.787 -5.904
7.598 0.317
-6.395 5.007
1.629 -8.128
4.194 6.806
-7.438 -1.240
6.904 -4.494
-3.241 7.709
-3.342 -7.676
7.639 4.035
-8.284 2.837
4.144 -7.318
1.704 8.036
-6.713 -4.754
8.631 -1.120
-5.797 6.968
-0.125 -8.621
6.957 6.739
-9.205 -0.767
7.920 -6.014
-1.520 9.133
-4.989 -8.388
9.404 1.944
-8.147 4.695
2.527 -9.693
3.716 8.626
-8.724 -3.866
8.578 -3.285
-4.193 9.578
-3.469 -9.483
8.925 5.274
-10.378 1.936
6.204 -9.169
0.902 10.774
-7.442 -7.384
10.237 -0.272
-7.933 7.481
1.028 -10.733
6.221 8.354
-10.624 -1.981
9.328 -4.961
-2.865 10.864
-5.495 -10.225
10.919 2.986
-10.373 3.835
4.324 -10.196
3.441 11.365
-9.512 -5.457
11.943 -2.406
-5.775 8.765
-2.257 -11.552
9.215 7.529
-11.818 0.805
8.105 -7.806
-0.961 10.816
-6.860 -9.082
12.030 1.587
-9.791 7.076
2.689 -11.565
6.126 10.136
-11.645 -3.572
11.148 -4.466
-4.624 11.346
-4.054 -11.409
11.616 5.639
-12.553 3.858
6.679 -11.134
1.933 12.455
-9.637 -7.311
12.784 -0.791
-8.296 9.964
0.223 -12.350
8.167 9.081
-12.317 -1.014
9.897 -7.853
-2.138 12.633
-7.188 -10.848
12.606 3.696
-11.163 5.680
4.375 -12.255
5.049 12.075
-11.245 -6.095
12.831 -3.996
-6.358 11.830
-3.335 -13.010
11.618 7.866
-13.327 2.223
8.472 -9.520
0.956 13.911
-9.622 -9.040
13.606 0.766
-10.915 8.666
2.019 -14.022
8.390 11.655
-13.451 -2.529
11.624 -7.422
-3.691 13.477
-5.891 -12.178
13.377 6.047
-13.113 5.615
6.123 -12.892
3.739 14.173
-12.011 -8.221
13.742 -2.455
-8.237 11.894
-1.624 -14.597
10.167 9.749
-14.369 0.523
11.146 -9.663
-1.048 15.028
-9.006 -11.170
14.555 2.429
-13.063 8.471
3.774 -14.292
6.835 13.747
-13.083 -5.428
14.128 -5.229
-6.051 14.173
-5.087 -13.722
13.441 7.899
-14.982 3.362
8.369 -11.904
2.191 15.255
-12.275 -10.035
16.273 -0.470
-10.465 10.544
0.599 -15.147
10.041 12.240
-15.229 -2.727
12.704 -8.779
-3.702 15.551
-7.316 -13.269
14.357 4.290
-15.026 6.853
6.230 -14.642
5.556 14.980
-14.275 -6.811
15.446 -3.905
-8.482 13.921
-3.324 -15.214
13.066 10.033
-16.073 1.092
11.398 -12.287
0.317 16.254
-10.939 -12.120
16.286 2.027
-12.240 10.062
3.214 -16.072
8.677 13.905
-16.671 -3.737
14.750 -7.015
-5.536 15.893
-6.646 -14.950
15.488 6.692
-16.039 5.291
8.875 -15.026
3.361 16.632
-13.746 -8.804
15.765 -2.208
-10.232 12.572
-1.429 -17.025
12.000 11.725
-16.397 -0.836
12.763 -11.127
-2.828 17.137
-9.324 -14.720
16.681 4.233
-14.909 9.296
6.293 -16.415
6.895 16.216
-16.040 -7.116
16.349 -5.531
-8.295 15.706
-4.705 -16.442
14.866 9.036
-17.281 2.365
10.348 -13.947
1.720 17.334
-12.908 -12.063
17.835 0.556
-13.677 11.028
2.359 -18.459
10.694 15.261
-18.508 -3.798
14.875 -8.816
-5.010 17.630
-8.377 -16.411
17.181 5.973
-17.457 6.426
8.265 -16.898
5.114 17.552
-15.396 -9.350
17.553 -4.181
-10.521 14.391
-2.174 -18.989
14.740 11.527
-17.964 0.136
13.256 -13.327
-0.778 19.240
-10.868 -13.869
18.211 2.331
-16.365 10.431
4.159 -18.096
9.129 16.086
-18.047 -5.908
18.000 -7.468
-7.189 17.603
-6.721 -18.169
16.701 9.843
-18.747 4.360
10.060 -16.570
3.405 19.466
-14.629 -12.105
19.063 -0.753
