1.656 -0.997
-0.264 1.492
-0.947 -0.843
1.535 0.802
-2.201 0.397
1.737 -2.834
0.945 2.971
-3.253 -1.644
3.366 -0.503
-1.937 3.399
-0.805 -3.362
3.122 1.961
-4.000 0.261
3.552 -2.916
0.066 4.844
-2.554 -3.327
4.853 0.579
-4.876 3.381
1.176 -5.234
3.122 4.457
-5.080 -1.146
5.511 -2.646
-1.654 5.187
-1.769 -5.962
5.776 2.731
-5.988 1.070
3.277 -4.638
1.527 5.850
-4.362 -3.697
6.599 -0.191
-3.620 4.739
-0.190 -6.879
4.885 4.839
-6.803 -0.532
5.568 -5.015
-0.723 6.701
-3.841 -6.382
7.292 1.717
-7.176 3.429
2.521 -7.873
3.228 7.458
-6.496 -3.670
7.374 -1.843
-3.498 6.752
-1.835 -7.912
6.678 4.912
-7.940 0.924
4.268 -6.217
1.155 8.156
-5.617 -6.195
8.369 0.215
-6.885 5.218
0.930 -8.707
4.881 6.848
-8.004 -1.852
7.146 -4.075
-2.633 8.296
-3.865 -8.198
7.866 3.530
-9.048 3.457
4.585 -8.018
2.104 9.719
-7.635 -5.237
9.711 -0.977
-5.737 7.701
-0.812 -9.368
7.717 6.387
-9.388 -0.278
7.191 -6.273
-0.648 9.162
-6.908 -7.848
10.061 0.864
-8.552 5.860
2.631 -10.224
5.688 9.498
-10.145 -3.736
9.837 -3.624
-4.079 9.393
-3.427 -10.351
9.292 5.468
-10.200 2.108
6.285 -8.791
0.554 10.551
-8.636 -7.188
11.589 -0.659
-7.321 8.634
0.908 -11.022
7.413 8.228
-11.754 -1.685
8.965 -6.314
-2.866 11.841
-5.503 -8.938
11.423 2.836
-10.718 5.169
4.265 -11.051
3.650 10.644
-9.396 -5.442
11.131 -2.379
-6.523 10.232
-2.275 -11.864
9.346 7.324
-11.775 1.268
8.159 -9.044
-0.664 11.991
-8.329 -8.985
12.053 1.148
-10.020 8.145
1.809 -13.007
7.268 10.759
-12.105 -3.512
10.699 -5.644
-4.686 11.920
-5.524 -11.730
11.099 5.421
-11.682 3.564
6.124 -10.734
2.935 12.288
-10.546 -7.276
12.869 -1.930
-8.677 9.863
-0.430 -12.517
9.257 9.144
-13.078 -0.527
10.277 -7.616
-1.801 13.317
-8.035 -10.762
13.200 2.476
-12.039 7.205
3.617 -13.018
5.047 11.702
-13.011 -5.013
12.260 -4.900
-6.445 12.007
-3.241 -13.555
11.855 7.756
-14.109 2.679
7.977 -11.122
1.814 13.672
-10.654 -9.040
13.527 -0.192
-11.134 9.568
0.453 -14.257
9.097 10.997
-14.425 -2.601
12.527 -7.411
-3.583 13.492
-7.299 -12.492
13.915 4.697
-13.133 5.095
5.599 -13.244
4.047 14.186
-13.177 -7.300
13.929 -3.441
-8.353 12.165
-2.157 -15.419
11.358 9.461
-15.348 0.385
10.449 -9.563
-1.232 15.015
-10.288 -11.474
14.586 1.189
-12.840 8.844
3.284 -14.999
7.251 12.616
-14.751 -4.461
14.283 -6.884
-6.452 14.947
-5.134 -13.940
13.475 6.944
-15.336 3.928
8.907 -12.650
2.588 15.224
-12.529 -9.927
15.118 -1.023
-9.955 11.199
0.140 -16.515
10.638 11.835
-15.924 -1.295
12.205 -10.060
-2.988 15.649
-9.032 -13.571
15.194 3.417
-14.615 7.601
5.803 -15.029
6.319 15.523
-14.865 -6.582
15.608 -4.792
-8.720 13.904
-3.946 -15.345
13.208 9.705
-16.269 1.988
10.433 -13.530
0.124 16.332
-12.065 -11.734
16.358 0.295
-12.611 11.209
1.983 -16.773
9.867 14.393
-16.494 -3.983
13.788 -8.738
-4.661 15.221
-7.070 -14.586
16.034 5.900
-15.697 5.920
7.687 -14.507
4.691 16.269
-14.336 -9.806
17.282 -2.229
-10.886 13.329
-2.125 -17.441
12.218 12.640
-17.610 -0.604
13.228 -11.530
-1.897 17.155
-10.729 -14.155
16.890 2.685
-14.472 9.654
5.160 -16.661
8.267 15.273
-16.437 -5.767
16.388 -6.601
-8.041 15.929
-4.215 -17.057
15.732 9.939
-18.351 3.243
11.263 -15.169
1.704 17.208
-13.861 -11.991
18.414 -0.657
-12.674 13.047
1.554 -18.537
11.822 14.633
-18.069 -2.783
14.980 -10.002
-3.629 17.676
-8.596 -15.617
18.128 6.055
-16.676 8.487
7.469 -16.339
6.476 17.646
-17.108 -8.837
17.163 -3.988
-9.808 15.519
-2.537 -19.240
14.643 11.417
-18.437 1.476
12.981 -13.859
-0.839 19.469
-12.915 -13.955
19.307 1.587
-15.979 10.977
3.971 -18.833
10.766 16.120
-19.081 -5.141
17.154 -8.143
-7.374 17.595
