0.334 -1.903
0.953 1.178
-1.258 0.162
1.613 -0.632
-1.144 1.921
-0.999 -3.171
2.863 1.236
-3.375 1.376
1.828 -2.871
1.295 3.692
-3.066 -1.598
3.528 -1.069
-2.427 3.190
0.129 -4.594
3.699 3.128
-4.187 -0.255
3.621 -3.283
-0.648 5.898
-3.179 -4.322
5.411 0.568
-4.198 3.083
1.619 -5.895
2.829 4.652
-5.660 -2.577
5.851 -2.567
-3.121 5.221
-1.351 -5.515
5.417 2.685
-5.652 0.867
4.185 -5.106
1.201 5.841
-5.316 -4.370
6.857 -0.512
-4.864 4.785
-0.132 -7.493
4.583 4.942
-7.336 -1.289
6.080 -4.377
-2.120 7.665
-4.288 -7.068
7.746 2.457
-7.031 2.495
3.447 -6.775
2.801 7.070
-7.175 -3.806
8.088 -1.818
-4.512 6.599
-1.892 -7.299
6.913 4.479
-8.361 0.175
5.653 -6.175
-0.579 8.620
-5.961 -6.414
8.371 0.809
-6.649 4.826
1.613 -8.066
4.534 7.430
-8.723 -2.462
7.825 -3.621
-3.327 9.097
-3.044 -8.721
8.716 4.789
-8.961 2.326
5.634 -7.969
2.049 9.382
-7.603 -5.533
9.883 -1.634
-6.369 6.903
-0.017 -9.542
6.490 6.500
-10.455 0.065
7.253 -7.026
-1.188 10.298
-5.990 -8.694
10.900 1.938
-9.475 5.206
3.719 -9.802
4.413 9.241
-10.061 -4.204
10.223 -3.426
-5.101 9.081
-2.511 -10.511
8.326 6.504
-11.090 1.802
7.106 -9.179
1.713 11.190
-7.722 -7.916
11.073 -0.197
-8.983 7.766
1.116 -10.909
7.056 9.932
-10.356 -1.711
9.635 -6.761
-3.130 11.480
-5.542 -10.469
10.428 4.229
-10.271 3.522
5.507 -9.961
3.443 11.636
-10.447 -6.067
11.659 -2.248
-6.768 9.718
-1.473 -12.091
8.614 8.368
-12.245 0.391
8.773 -8.344
-0.427 12.905
-8.630 -9.899
12.888 1.573
-10.592 6.831
2.759 -11.777
5.922 11.357
-12.476 -3.526
11.373 -4.820
-4.975 11.155
-4.083 -11.664
11.199 5.847
-12.410 3.186
6.987 -10.979
1.751 13.020
-9.729 -7.888
12.975 -0.988
-8.978 9.524
0.994 -12.752
8.869 10.097
-13.393 -0.996
10.529 -8.338
-2.461 13.813
-7.452 -11.271
12.143 3.868
-12.319 6.531
4.345 -12.467
4.834 12.741
-12.356 -6.447
13.631 -3.858
-7.234 12.405
-3.161 -13.317
11.508 7.600
-13.813 2.110
8.729 -10.335
-0.083 14.681
-10.463 -9.695
14.268 0.350
-11.426 9.180
2.625 -14.316
7.832 11.556
-14.216 -2.687
12.674 -7.420
-4.771 13.254
-6.322 -12.914
13.361 6.252
-14.155 5.155
6.541 -12.770
3.701 14.285
-13.052 -8.488
14.591 -2.365
-9.778 11.835
-0.362 -14.160
10.524 10.780
-15.409 0.237
10.467 -10.228
-1.749 15.492
-9.165 -12.319
14.279 2.804
-13.044 8.206
4.175 -15.296
7.048 14.675
-13.889 -5.271
14.081 -5.614
-7.097 14.151
-3.703 -15.021
13.188 8.035
-15.712 2.943
9.146 -12.080
1.920 14.860
-12.372 -10.940
15.910 -0.264
-11.425 11.169
0.415 -15.811
9.850 12.522
-16.168 -2.087
12.547 -9.225
-3.852 16.017
-7.535 -14.239
15.861 5.415
-14.720 6.900
6.623 -14.923
4.773 15.702
-14.170 -7.089
15.990 -3.601
-9.173 13.583
-3.366 -16.750
12.408 10.621
-16.771 1.407
10.954 -12.152
0.186 16.871
-11.358 -12.501
17.336 1.996
-13.827 9.836
2.451 -16.138
8.429 13.504
-15.646 -4.234
14.972 -8.230
-5.830 15.731
-5.905 -15.319
15.356 7.133
-16.806 4.387
9.655 -14.505
2.918 16.960
-14.557 -9.839
17.555 -0.928
-12.009 12.894
-0.023 -17.548
11.702 12.686
-17.722 -1.189
13.107 -10.986
-2.209 17.256
-9.189 -14.825
16.950 3.781
-15.136 8.621
5.770 -16.699
6.746 16.519
-15.638 -8.009
17.823 -5.353
-9.592 15.977
-4.059 -18.452
14.105 10.003
-18.144 2.594
11.585 -14.328
1.532 18.125
-12.971 -13.334
18.799 0.678
-13.954 11.811
2.279 -17.868
10.959 14.335
-17.426 -3.758
16.463 -9.709
-4.535 18.154
-7.431 -16.356
17.566 6.689
-17.893 7.114
8.250 -15.569
5.278 17.584
-16.185 -10.708
18.224 -3.561
-10.982 14.883
-1.943 -18.890
14.143 13.406
-19.005 0.592
13.864 -13.530
-2.199 19.261
-11.608 -15.352
19.229 2.450
-16.398 11.028
5.108 -18.288
8.442 17.109
