-1.890 0.403
0.735 -1.324
0.621 1.106
-1.190 -1.258
2.210 0.341
-2.565 2.114
0.074 -3.117
2.540 2.614
-3.346 -0.620
2.938 -2.583
-0.333 3.441
-2.313 -2.871
3.867 1.056
-4.308 1.601
1.514 -4.602
1.332 3.977
-4.400 -2.128
5.711 -1.609
-2.817 4.566
-1.501 -5.230
4.431 2.737
-6.072 0.707
3.253 -4.366
-0.269 6.213
-4.572 -4.463
6.010 0.938
-4.608 3.318
0.461 -6.028
2.921 4.916
-6.302 -1.968
4.966 -3.302
-2.060 6.566
-3.043 -6.166
6.259 2.717
-6.897 2.929
2.865 -6.101
1.553 7.285
-6.335 -3.998
7.902 -0.906
-4.947 6.623
-0.624 -8.102
4.947 5.585
-7.573 -0.658
5.506 -5.245
-0.841 8.079
-4.715 -6.818
7.809 1.711
-6.059 4.489
1.563 -8.088
3.294 7.687
-7.843 -2.928
8.209 -2.693
-3.714 7.930
-2.386 -8.064
6.965 4.357
-8.083 1.526
5.190 -6.987
0.985 9.010
-6.289 -5.899
9.681 -0.323
-6.946 6.089
1.175 -9.875
5.514 7.438
-9.500 -2.238
7.931 -5.414
-2.282 9.122
-5.217 -8.551
8.786 3.319
-8.841 3.590
3.596 -8.452
3.977 9.669
-9.232 -4.092
9.994 -2.756
-5.817 8.811
-2.286 -10.832
8.376 6.835
-10.481 0.224
6.915 -7.553
-0.129 10.903
-7.006 -8.195
10.331 1.328
-8.805 6.266
2.911 -10.156
5.825 9.608
-11.172 -3.150
9.733 -5.780
-4.447 10.125
-4.331 -10.193
10.565 5.420
-10.533 3.051
6.565 -10.263
2.293 10.243
-9.878 -6.401
11.817 -1.399
-7.631 9.060
0.015 -11.253
7.113 8.204
-11.299 -1.374
9.499 -7.551
-1.711 11.959
-6.452 -9.968
11.546 2.635
-10.659 5.895
4.531 -11.121
4.950 11.207
-11.023 -5.009
12.125 -4.439
-5.945 11.710
-3.369 -12.539
10.302 7.262
-11.953 1.854
8.311 -9.746
1.404 12.889
-8.729 -8.739
12.206 0.434
-9.285 8.155
1.226 -12.574
7.603 10.313
-12.797 -2.365
11.416 -6.501
-3.669 11.975
-5.776 -11.660
12.194 4.756
-12.196 3.855
6.039 -12.005
4.093 12.791
-11.675 -6.639
13.729 -2.893
-7.659 11.131
-0.963 -12.707
10.670 8.976
-13.187 0.642
10.003 -9.255
-1.349 13.872
-8.684 -11.193
14.212 2.060
-11.163 7.919
2.736 -13.517
7.131 12.017
-12.852 -4.222
13.643 -5.422
-5.070 13.333
-5.021 -13.360
12.792 7.155
-14.257 2.929
7.780 -11.591
2.834 14.187
-11.628 -8.972
14.076 -0.541
-9.606 10.699
0.792 -14.730
10.082 11.193
-14.291 -1.281
11.858 -8.783
-2.981 15.281
-7.659 -12.643
14.637 4.633
-12.993 5.641
6.053 -13.795
5.992 14.199
-13.405 -5.873
15.019 -4.182
-7.989 13.112
-2.749 -14.289
12.495 9.020
-15.746 1.859
10.966 -12.032
0.315 14.852
-10.480 -10.952
15.780 1.279
-12.540 9.061
2.510 -15.237
8.614 13.466
-14.627 -3.955
13.059 -7.347
-5.509 15.569
-6.205 -14.653
14.635 6.409
-14.816 5.538
7.920 -13.823
4.122 15.772
-13.253 -8.178
16.293 -2.429
-10.380 12.321
-0.921 -16.734
11.912 11.063
-16.318 -0.550
12.771 -10.307
-1.265 15.794
-9.329 -13.477
16.030 3.417
-14.269 9.396
5.200 -15.483
7.587 15.022
-15.371 -5.605
15.573 -6.492
-7.336 15.213
-4.644 -16.821
14.299 9.135
-15.882 3.773
9.363 -12.874
1.936 16.093
-13.240 -10.799
16.770 -0.487
-11.992 11.214
0.862 -16.910
10.363 13.939
-17.066 -3.518
14.632 -9.059
-3.669 17.182
-7.437 -15.929
16.454 6.305
-16.261 6.595
7.379 -15.603
5.536 16.877
-15.096 -8.037
16.827 -4.417
-10.304 14.074
-2.844 -17.132
13.664 10.804
-17.644 0.906
12.789 -12.443
-1.568 17.500
-11.639 -14.520
18.407 2.908
-15.588 10.675
3.991 -16.825
9.202 15.851
-17.624 -5.374
16.231 -8.210
-7.505 17.021
-6.414 -17.684
16.178 8.514
-17.421 4.580
9.186 -15.531
3.043 17.565
-15.169 -11.627
18.531 -2.596
-12.381 13.017
-0.378 -18.793
13.299 13.925
-17.526 -1.817
14.327 -11.481
-3.865 19.018
-10.128 -15.563
17.913 4.607
-16.786 8.878
7.132 -18.135
7.669 17.399
-17.738 -7.786
18.682 -5.176
-9.886 16.514
-4.931 -18.747
16.367 11.073
-18.870 2.114
12.701 -14.236
