-1.759 -0.800
1.379 -0.627
-0.158 1.258
-0.208 -1.719
1.574 1.589
-3.320 0.174
1.913 -2.462
0.487 3.612
-2.321 -2.489
3.898 -0.329
-2.315 2.568
-0.152 -3.683
2.481 3.149
-4.415 -1.276
3.955 -2.798
-1.295 3.989
-2.271 -4.328
5.548 2.104
-4.980 1.995
1.905 -5.097
1.933 4.836
-5.302 -3.043
5.212 -1.575
-3.912 4.835
-1.020 -6.307
4.274 4.329
-5.678 -0.073
3.956 -4.572
-0.576 5.689
-3.895 -5.330
5.956 0.300
-5.562 4.053
1.221 -6.767
3.415 5.907
-7.287 -1.748
5.932 -3.200
-3.085 6.780
-2.715 -6.982
6.890 3.972
-7.916 2.382
4.318 -6.884
0.655 7.432
-5.696 -5.033
7.546 -0.941
-5.481 5.994
0.265 -8.285
5.259 6.020
-7.541 0.004
6.067 -5.572
-1.924 8.139
-4.563 -7.019
8.200 2.719
-7.703 4.165
2.879 -7.902
3.007 7.645
-7.406 -3.581
8.328 -2.529
-4.567 7.829
-1.547 -8.482
7.974 5.499
-9.205 0.763
6.819 -7.239
0.008 9.258
-6.305 -7.450
9.596 0.366
-7.261 5.975
0.893 -9.977
5.088 7.894
-9.243 -2.373
7.918 -4.656
-2.555 10.138
-4.987 -8.781
9.673 3.729
-9.916 3.623
4.605 -10.067
2.668 10.477
-8.558 -6.054
10.051 -1.958
-6.589 8.688
-0.757 -10.755
7.515 7.212
-10.805 -0.201
8.381 -6.433
-1.032 11.188
-7.107 -9.178
11.262 1.143
-9.598 5.494
2.582 -10.770
5.269 10.641
-10.282 -3.812
11.382 -4.345
-4.249 9.598
-4.133 -11.021
10.331 5.905
-11.523 2.744
6.705 -9.037
0.838 10.826
-8.265 -7.825
12.127 -0.420
-8.489 8.595
0.743 -11.851
7.714 8.986
-12.075 -1.602
10.258 -6.244
-2.687 11.953
-5.881 -10.583
12.387 3.644
-11.744 5.877
4.750 -12.084
3.962 11.965
-10.711 -5.620
12.478 -2.890
-6.538 11.196
-1.819 -12.217
9.554 7.609
-12.315 1.033
8.465 -9.379
-0.023 12.813
-8.880 -9.513
13.043 1.565
-10.073 7.444
2.293 -12.809
6.973 11.076
-12.097 -4.156
11.996 -6.059
-4.318 12.717
-5.436 -12.281
12.757 5.841
-12.778 4.393
6.785 -10.788
3.239 13.562
-10.982 -7.328
13.546 -1.490
-9.335 10.349
-0.323 -14.163
10.199 10.110
-13.684 -0.274
10.240 -9.238
-1.416 13.901
-7.820 -11.039
14.192 3.757
-12.006 7.702
3.911 -13.726
6.027 13.361
-13.203 -6.126
13.149 -4.689
-6.161 13.090
-4.011 -14.129
11.637 7.937
-14.086 2.887
9.398 -11.370
1.447 14.994
-10.726 -9.530
14.756 -0.007
-11.486 10.511
1.364 -14.719
9.010 12.430
-13.800 -3.195
13.072 -7.489
-3.629 14.978
-7.282 -12.695
14.561 5.572
-14.221 5.789
6.290 -13.122
4.679 14.684
-13.763 -7.872
15.972 -3.149
-8.581 12.127
-1.910 -15.038
11.923 10.415
-15.470 -0.176
11.081 -10.756
-1.085 15.948
-9.406 -11.880
14.868 1.862
-13.689 9.239
3.728 -15.470
7.952 13.857
-15.204 -4.361
14.589 -6.401
-6.068 15.130
-5.790 -14.457
14.542 7.739
-15.673 3.730
9.213 -14.000
2.995 15.978
-12.790 -10.149
16.397 -0.689
-10.411 11.944
0.517 -16.382
10.853 12.282
-17.059 -0.935
13.390 -9.353
-2.836 16.589
-9.022 -13.648
16.380 4.044
-14.946 7.866
6.273 -16.284
6.060 15.849
-15.011 -6.414
15.184 -4.780
-8.017 14.088
-4.219 -16.556
13.770 9.583
-16.310 1.882
10.751 -13.081
0.039 17.369
-11.626 -12.980
17.150 1.422
-13.170 11.629
3.497 -17.229
9.476 14.855
-16.995 -4.371
15.212 -8.153
-5.589 16.860
-7.354 -15.440
16.154 6.459
-16.654 5.184
7.904 -15.463
4.557 16.813
-14.722 -9.767
17.682 -2.396
-11.670 13.134
-0.720 -18.595
13.066 13.287
-18.881 -0.691
13.216 -11.151
-2.031 18.215
-10.971 -14.803
17.931 3.055
-16.157 9.219
5.363 -18.031
7.941 16.467
-16.728 -6.680
16.622 -7.021
-8.002 15.930
-5.278 -18.369
16.440 8.936
-17.695 3.099
10.875 -15.332
2.408 19.104
-13.008 -11.885
18.345 -0.707
-14.419 12.989
1.115 -18.535
11.659 14.359
-18.774 -2.848
16.520 -10.336
-4.185 18.548
-9.627 -16.810
18.097 6.952
-17.770 7.394
7.187 -18.003
6.571 18.637
-16.426 -9.525
18.677 -3.889
