1.805 0.691
-1.338 0.710
0.081 -1.266
0.313 1.704
-1.668 -1.490
3.303 -0.376
-1.760 2.574
-0.707 -3.576
2.469 2.342
-3.871 0.566
2.154 -2.705
0.377 3.667
-2.669 -2.992
4.485 1.004
-3.776 3.035
1.049 -4.061
2.531 4.181
-5.666 -1.761
4.849 -2.296
-1.590 5.204
-2.225 -4.709
5.478 2.714
-5.106 1.890
3.609 -5.064
1.404 6.233
-4.530 -4.060
5.672 -0.273
-3.670 4.805
0.228 -5.713
4.213 5.082
-5.963 0.065
5.304 -4.385
-0.806 6.829
-3.769 -5.688
7.380 1.300
-5.725 3.556
2.665 -6.956
3.136 6.803
-7.120 -3.544
7.756 -2.861
-3.889 7.135
-1.108 -7.378
5.993 4.676
-7.474 1.400
5.105 -6.317
0.241 8.286
-5.617 -5.688
7.526 -0.465
-5.716 5.932
1.424 -8.241
4.983 6.727
-8.351 -2.213
7.434 -4.628
-2.391 8.063
-3.468 -7.447
7.611 3.122
-8.158 3.033
4.081 -8.093
2.062 8.372
-8.295 -5.001
9.141 -1.324
-6.364 7.642
-0.573 -9.240
6.748 7.051
-9.600 0.221
6.882 -6.407
-0.282 10.013
-5.561 -7.569
9.370 1.804
-7.619 5.130
1.931 -10.275
5.513 8.460
-9.883 -3.131
9.677 -4.221
-3.982 10.330
-3.302 -10.295
8.912 5.520
-9.913 2.568
6.047 -9.074
1.412 10.689
-7.941 -6.740
10.797 -0.459
-7.973 6.933
0.347 -11.230
7.654 8.727
-11.311 -0.453
9.244 -6.070
-1.920 10.907
-5.909 -10.300
10.495 3.177
-11.095 5.031
3.655 -9.839
4.798 10.748
-10.672 -5.263
11.334 -3.443
-6.141 9.429
-1.497 -10.755
8.727 7.306
-12.079 1.159
7.948 -9.097
-0.018 11.874
-8.249 -8.498
12.150 0.861
-9.857 6.859
1.953 -12.095
6.516 10.204
-12.587 -2.881
11.364 -6.583
-4.003 12.351
-4.685 -11.701
11.034 4.956
-12.278 3.647
5.842 -11.574
2.561 12.084
-10.000 -7.012
12.229 -1.783
-7.876 9.878
-0.759 -12.790
9.444 8.953
-13.115 -0.766
9.599 -8.045
-1.506 12.925
-7.636 -10.630
12.328 3.409
-11.603 6.780
3.534 -12.957
6.176 11.926
-13.089 -5.051
12.486 -5.164
-6.113 11.182
-4.061 -13.339
11.409 6.644
-13.430 2.314
8.686 -10.899
1.187 14.117
-10.797 -9.468
13.675 -0.562
-9.657 9.846
0.564 -13.962
8.479 10.541
-14.395 -2.883
11.514 -8.421
-3.066 13.939
-6.832 -12.968
13.553 5.308
-12.838 5.483
5.350 -13.442
4.866 13.857
-12.100 -7.212
13.883 -3.742
-8.687 11.923
-2.360 -14.878
11.287 8.858
-14.728 0.907
10.823 -11.192
-0.463 14.775
-9.752 -11.857
13.969 2.346
-12.590 8.273
2.708 -15.171
8.043 12.226
-14.874 -4.673
13.841 -6.646
-5.477 13.481
-5.567 -14.371
14.218 7.017
-15.750 4.118
7.825 -12.628
2.824 14.893
-12.537 -9.667
15.452 -0.769
-10.404 11.412
0.109 -15.985
10.113 11.283
-14.954 -0.950
13.100 -10.057
-2.777 15.669
-8.783 -13.346
15.441 3.425
-14.171 7.279
5.133 -15.473
6.661 14.077
-14.988 -6.837
15.416 -4.680
-8.342 14.536
-3.965 -15.766
13.385 9.349
-16.324 1.689
9.663 -12.557
0.484 16.383
-11.583 -11.596
17.085 -0.109
-12.794 10.153
1.818 -16.731
9.838 13.072
-16.596 -3.037
14.438 -8.764
-5.267 16.637
-7.017 -15.449
15.374 5.486
-14.864 5.698
7.142 -14.551
5.222 16.268
-14.330 -8.725
16.165 -2.874
-9.932 13.713
-1.099 -17.334
12.396 12.246
-17.205 -0.372
12.436 -12.412
-2.439 17.410
-10.366 -14.249
17.230 3.326
-14.686 9.067
4.549 -17.170
8.283 14.962
-16.518 -5.461
16.306 -6.191
-6.946 15.917
-5.575 -16.503
15.291 8.850
-17.503 3.471
10.846 -13.822
1.853 18.516
-13.853 -12.464
18.888 -0.463
-12.511 11.937
0.915 -18.305
11.854 14.106
-18.084 -1.955
15.564 -10.188
-4.252 18.324
-8.931 -15.952
17.105 5.647
-16.163 8.023
7.014 -16.389
6.389 18.013
-16.955 -7.916
17.473 -4.174
-9.918 15.967
-3.570 -18.922
13.709 11.069
-18.268 1.826
13.599 -13.845
0.018 18.568
-12.514 -13.620
18.913 1.697
-15.859 11.325
3.045 -18.769
10.636 16.191
-18.488 -5.834
17.285 -8.465
-6.074 18.408
-7.696 -18.201
16.977 8.504
-18.405 5.022
