-10.11341, 12.70351
-13.60052, 11.22509
-17.42892, 6.69857
-18.74090, 4.62959
-15.98883, 5.51614
-17.28108, 2.60179
-16.07384, 1.31309
-14.98225, 3.58065
-16.28314, 10.65624
-12.11936, 10.23137
-12.95521, 8.67055
-11.14441, 5.83891
-9.69705, 7.23853
-10.86334, 8.79976
-8.17905, 10.07935
-10.38739, 10.70055
-15.28751, -2.51388
-16.76628, -3.55103
-13.19042, -5.27011
-13.54966, -2.36531
-11.38520, -5.94569
-11.75583, -3.42921
-12.40634, -0.82132
-14.39487, 0.71781
-13.29566, 2.42443
-12.54304, 4.03417
-13.07322, 5.77944
-14.99182, 7.06854
-14.80649, 9.51125
-18.05133, 0.41256
-16.44408, -0.62225
-18.61755, -3.55104
-8.29540, 2.93856
-8.12215, 4.83984
-10.36681, 3.96519
-7.87109, 7.58089
-6.38470, 5.13264
-6.15013, 3.13243
-4.62512, 4.19772
-1.91644, 3.73345
-10.41708, 2.08222
-11.82298, 0.99247
-10.66889, -1.81931
-9.24750, -0.63594
-7.52027, -1.13123
-5.65212, -0.91928
-8.21744, 1.14265
-5.23680, 1.24123
-14.84438, -11.92345
-13.08698, -11.88043
-13.93295, -8.60439
-12.44920, -9.84983
-9.78773, -8.87877
-9.77072, -7.16475
-12.19177, -8.05975
-14.41863, -6.60549
-1.48349, 5.54039
-4.10743, 6.20786
-5.73101, 7.05002
-4.13213, 9.63091
-5.69133, 8.83156
-16.16732, -6.90547
-18.22318, -5.64827
-15.54763, -9.16449
-4.81422, -3.82985
-4.23028, -1.90440
-6.98416, -2.85741
-9.22331, -11.04813
-11.14892, -11.99600
-11.11114, -13.74465
-9.57130, -14.57523
-8.63658, -16.32082
-8.84157, -3.75234
-9.63554, -5.33540
-6.84883, -4.65943
-7.58828, -7.28989
-5.14116, -8.36107
-4.91921, -5.82147
-3.09906, -5.86226
-1.94072, -2.78647
-2.46313, -11.53248
-0.26139, -8.65625
0.83912, -10.77802
2.34780, -9.70262
1.46184, -8.17745
-0.10358, -6.43140
0.36179, -3.69897
-1.62771, -4.63137
-7.54369, -13.16856
-6.09025, -12.09903
-5.68593, -10.19084
-7.39714, -10.76302
-7.00553, -8.99204
-1.66336, -7.34241
-3.49780, -7.62516
-3.64509, -9.46519
0.00531, -12.39226
-3.56261, -12.96108
-4.25428, -11.34655
1.75834, -14.06301
0.34684, -15.17280
2.93103, -16.12511
2.07442, -18.51600
3.82895, -18.16086
-5.31449, -13.64859
-6.90276, -14.88502
-7.02876, -18.11440
-4.99285, -16.40012
-2.46912, -18.98321
-3.60915, -15.16754
-1.68779, -17.02781
-1.86655, -14.55234
8.13052, -12.04768
5.98296, -14.74221
8.61320, -15.15904
10.09802, -14.12398
9.77807, -16.72821
13.05935, -13.52701
11.14597, -12.47914
7.94678, -7.92759
6.02935, -16.49416
7.96448, -17.00990
3.54634, -14.38912
4.16960, -12.28195
2.45370, -11.61278
8.28428, -9.62364
6.46924, -11.23380
5.88264, -12.98186
16.23609, -5.74549
14.00295, -5.46006
12.69882, -4.19737
13.58517, 0.57233
16.24338, -0.70710
12.74416, -0.96804
13.68338, -2.65471
15.36077, -4.13691
11.02690, -4.61756
11.49132, -7.60911
10.99883, -9.86291
12.52381, -8.96747
12.59559, -11.33030
14.73706, -9.02114
14.59676, -7.20815
17.88581, -7.76405
2.19890, -6.51805
4.03113, -7.37084
4.13193, -10.27425
6.00830, -9.25369
9.77225, -8.02805
9.18137, -5.10170
7.77806, -6.14807
4.55556, -3.91890
15.68749, -2.42513
17.45963, -4.44468
19.06412, -1.05080
17.81460, 0.27911
18.18942, 2.08233
16.25716, 1.78810
2.58983, -4.76005
5.28642, -6.13833
12.01024, 1.43288
9.41355, 1.81814
10.89420, 2.85596
13.50645, 7.70946
11.63343, 5.46618
13.43859, 5.86694
12.60884, 3.49305
14.60062, 2.19817
7.58443, 0.18492
5.35494, -0.79791
6.31546, -2.28804
8.59275, -1.26059
6.81825, -4.61522
8.50078, -3.42590
11.88918, -2.55266
10.17921, -0.44835
0.03779, -1.73378
2.22322, -2.17738
1.40853, -0.40816
4.26487, -2.16053
3.87565, 0.25911
1.25174, 1.82675
-0.11303, 3.62938
-2.74170, 2.19657
14.39143, 4.07048
16.70754, 3.96639
17.22716, 5.72670
15.55468, 6.50050
16.80794, 9.58991
-0.43463, 1.19972
-3.37754, -0.33437
-1.66974, -1.04040
9.26875, 7.42971
6.30912, 8.28867
6.23081, 10.07066
10.19752, 12.10412
8.47870, 11.51755
8.24350, 8.97641
10.25477, 9.60024
11.71909, 7.70886
1.94000, 3.44435
3.53641, 4.90235
5.14722, 2.93044
5.81734, 1.20952
6.16597, 4.98524
7.67305, 3.94555
8.95091, 5.14151
7.03371, 6.62642
-0.49211, 7.46337
1.16358, 5.07328
2.47124, 6.34354
4.26934, 6.74922
1.77204, 7.97025
3.80351, 8.53440
1.00390, 10.74750
-0.84488, 10.81206
13.16742, 9.85400
14.98134, 8.84395
14.87179, 11.30692
12.11335, 11.51144
10.89361, 15.10978
-2.76501, 10.90111
-1.40473, 9.17967
-3.14548, 7.74246
7.06754, 16.14532
5.31037, 17.49083
5.72269, 14.88411
-2.65008, 17.16352
-3.52012, 15.58840
-1.98696, 12.66003
-0.87606, 15.06715
1.11859, 13.89537
3.56780, 16.62513
3.90163, 14.09872
2.10287, 12.41900
3.60911, 11.32806
5.19279, 11.98115
6.99161, 13.65771
8.82320, 13.76960
9.31155, 15.97840
-6.23397, 11.92051
-4.47529, 11.38758
-3.55475, 13.52736
-5.90381, 14.22478
-5.33653, 15.95853
-4.80045, 17.70240
-6.98218, 17.65266
-8.15886, 15.82080
0.48176, 16.25019
2.36941, 15.23880
1.93528, 17.33142
3.65399, 19.43272
-0.55765, 19.25566
-10.38493, 14.53028
-8.31617, 14.05363
-8.08273, 11.99994
