-10.92316, -12.01437
-8.90623, -15.22025
-3.82585, -18.27570
-1.57372, -19.24000
-2.88887, -16.66508
0.19460, -17.47476
1.27371, -16.07701
-1.13921, -15.36200
-7.91580, -17.77741
-8.16210, -13.59926
-6.48772, -14.17481
-3.98202, -11.93458
-5.59504, -10.72961
-6.94971, -12.13051
-8.64201, -9.68533
-8.90215, -11.96458
4.92573, -14.68894
6.18596, -15.98286
7.31122, -12.17815
4.50121, -12.99719
7.68949, -10.28814
5.26463, -11.05634
2.79429, -12.11544
1.59289, -14.32446
-0.26751, -13.51225
-1.97688, -13.02668
-3.61494, -13.82907
-4.58070, -15.92909
-7.02162, -16.13669
2.47882, -17.88509
3.24334, -16.13306
6.48196, -17.81031
-1.57448, -8.65851
-3.47901, -8.79147
-2.25673, -10.86741
-6.22493, -8.98188
-4.04582, -7.12318
-2.10884, -6.57184
-3.40425, -5.23676
-3.37903, -2.48869
-0.38994, -10.61598
0.91057, -11.82957
3.50166, -10.24078
2.10626, -9.02687
2.31903, -7.24267
1.81112, -5.43244
0.18586, -8.29443
-0.38799, -5.36789
14.14340, -12.74709
13.81997, -11.01918
10.72132, -12.37804
11.71351, -10.71425
10.32943, -8.24227
8.63473, -8.49952
9.90531, -10.74633
8.82579, -13.17706
-5.23193, -2.35021
-5.47130, -5.04711
-6.04305, -6.78445
-8.84637, -5.61878
-7.80801, -7.03012
9.40150, -14.85530
8.48915, -17.08571
11.53237, -13.88240
4.55029, -4.13997
2.55624, -3.87138
3.93729, -6.43747
12.38064, -7.33827
13.62419, -9.08757
15.34431, -8.77070
15.91801, -7.11787
17.49170, -5.91609
5.11767, -8.12791
6.80731, -8.65856
5.69449, -6.01577
8.40934, -6.32515
9.07549, -3.73824
6.53307, -3.92519
6.28233, -2.12193
3.06091, -1.47025
11.77794, -0.58762
8.58669, 1.12594
10.50521, 2.55153
9.20244, 3.86886
7.83853, 2.75045
6.36523, 0.92601
3.59354, 0.94853
4.83204, -0.86630
14.20526, -5.34124
12.91711, -4.07749
10.96882, -3.98346
11.80723, -5.58118
9.99642, -5.47775
7.51390, -0.46804
8.08631, -2.23368
9.92621, -2.08490
12.23200, 1.98653
13.36395, -1.44455
11.88078, -2.38546
13.60098, 3.98413
14.92217, 2.76822
15.44907, 5.47142
17.94615, 5.00809
17.31507, 6.68327
14.32271, -3.06398
15.79716, -4.43413
19.00515, -4.04219
16.98742, -2.30655
19.13378, 0.59770
15.54946, -1.13772
17.07861, 1.05635
14.66356, 0.48411
10.59278, 9.95212
13.59600, 8.26300
13.58695, 10.92604
12.32781, 12.22628
14.94969, 12.32681
11.26506, 15.05407
10.53658, 12.99777
6.55507, 9.11202
15.31800, 8.58889
15.51772, 10.58159
13.63703, 5.80127
11.45732, 6.07961
11.07109, 4.27880
8.17535, 9.71635
10.05498, 8.18209
11.87434, 7.88252
3.07573, 16.94583
3.15101, 14.69578
2.11307, 13.20654
-2.73698, 13.31891
-1.89900, 16.14748
-1.08196, 12.73499
0.43285, 13.93180
1.62779, 15.82459
2.79517, 11.62331
5.67398, 12.56006
7.97753, 12.43424
6.84979, 13.79644
9.17075, 14.24506
6.54891, 15.98979
4.78168, 15.56144
4.80457, 18.89706
6.08264, 3.21273
6.63152, 5.15773
9.48147, 5.72144
8.17404, 7.41050
6.36238, 10.93008
3.56815, 9.87893
4.82542, 8.66097
3.14014, 5.12352
-0.11420, 15.87342
1.59603, 17.94565
-2.01071, 18.98688
-3.12373, 17.54081
-4.96369, 17.62251
-4.36431, 15.76215
4.28475, 3.31755
5.21417, 6.19982
-3.33466, 11.62666
-3.29980, 9.00177
-4.56100, 10.29745
-9.76972, 12.10010
-7.25583, 10.60984
-7.94005, 12.32771
-5.46403, 11.88817
-4.50426, 14.06135
-1.39515, 7.45730
-0.06851, 5.41363
1.24889, 6.60004
-0.12945, 8.68376
3.46575, 7.46843
2.02272, 8.93917
0.61897, 12.14437
-1.18488, 10.11995
1.70544, 0.31450
1.79392, 2.54275
0.17771, 1.45567
1.45086, 4.55544
-0.87542, 3.78437
-2.00338, 0.94358
-3.56462, -0.69185
-1.72996, -3.05762
-6.31904, 13.55551
-6.58659, 15.85847
-8.40733, 16.08996
-8.90378, 14.31528
-12.15383, 15.05848
-1.11480, -0.62085
0.87008, -3.28063
1.29398, -1.48192
-8.81604, 7.96164
-9.19076, 4.90276
-10.93730, 4.54055
-13.57881, 8.13113
-12.72497, 6.52819
-10.17892, 6.70230
-11.11629, 8.58796
-9.48335, 10.33583
-3.71021, 1.36435
-5.40469, 2.70712
-3.71569, 4.61249
-2.12404, 5.54913
-5.90693, 5.28960
-5.12158, 6.94353
-6.50645, 8.01374
-7.66574, 5.88379
-7.28868, -1.67903
-5.19406, 0.33749
-6.65704, 1.42524
-7.34499, 3.13535
-8.15104, 0.47496
-9.03272, 2.39009
-10.76975, -0.72733
-10.53790, -2.56266
-11.83246, 11.42256
-11.12542, 13.37464
-13.53919, 12.87272
-13.30006, 10.11706
-16.65709, 8.33770
-10.31881, -4.47232
-8.83700, -2.85432
-7.13996, -4.34289
-17.06760, 4.39529
-18.11487, 2.44560
-15.60759, 3.26939
-16.51904, -5.36012
-14.82508, -5.96713
-12.17949, -3.98550
-14.73327, -3.27375
-13.89546, -1.11741
-16.98169, 0.86386
-14.54116, 1.59732
-12.59546, 0.09026
-11.75936, 1.75154
-12.65725, 3.21043
-14.59985, 4.71806
-15.00314, 6.50820
-17.26161, 6.63713
-10.77047, -8.05964
-10.52558, -6.23838
-12.78502, -5.67179
-13.09789, -8.10214
-14.90004, -7.81935
-16.70718, -7.56898
-16.30926, -9.71469
-14.31283, -10.58335
-16.11817, -2.12253
-15.42159, -0.09747
-17.41789, -0.86058
-19.76694, 0.50006
-18.91880, -3.62910
-12.68301, -12.57446
-12.54325, -10.45611
-10.55330, -9.89732
