1.881 -0.443
-0.707 1.340
-0.644 -1.092
1.216 1.233
-2.217 -0.295
2.521 -2.168
-0.008 3.118
-2.595 -2.560
3.359 0.550
-2.883 2.644
0.261 -3.447
2.373 2.821
-3.889 -0.974
4.274 -1.691
-1.418 4.633
-1.415 -3.949
4.444 2.035
-5.677 1.728
2.720 -4.624
1.610 5.198
-4.487 -2.644
6.056 -0.834
-3.161 4.433
0.139 -6.217
4.664 4.366
-6.028 -0.811
4.537 -3.414
-0.334 6.036
-3.023 -4.853
6.342 1.835
-4.895 3.405
1.922 -6.608
3.172 6.101
-6.314 -2.586
6.835 -3.073
-2.736 6.159
-1.706 -7.251
6.418 3.864
-7.881 1.071
4.807 -6.725
0.794 8.087
-5.063 -5.480
7.585 0.499
-5.395 5.359
0.671 -8.095
4.857 6.718
-7.843 -1.547
5.964 -4.615
-1.393 8.119
-3.455 -7.616
7.903 2.763
-8.151 2.864
3.547 -8.006
2.554 8.013
-7.055 -4.210
8.049 -1.695
-5.043 7.094
-1.174 -8.987
6.411 5.766
-9.672 0.526
6.817 -6.233
-0.968 9.897
-5.668 -7.320
9.544 2.039
-7.816 5.579
2.091 -9.168
5.395 8.440
-8.854 -3.134
8.764 -3.775
-3.418 8.526
-4.179 -9.584
9.315 3.898
-9.934 2.965
5.631 -8.930
2.512 10.782
-8.518 -6.658
10.474 -0.443
-6.755 7.696
-0.099 -10.903
7.176 8.047
-10.356 -1.111
8.672 -6.449
-2.698 10.215
-6.025 -9.484
11.236 2.915
-9.610 5.983
4.234 -10.216
4.543 10.100
-10.676 -5.197
10.466 -3.271
-6.349 10.398
-2.507 -10.193
10.010 6.193
-11.785 1.646
7.439 -9.218
0.221 11.251
-7.283 -8.054
11.325 1.137
-9.338 7.748
1.461 -11.992
6.659 9.831
-11.599 -2.392
10.533 -6.117
-4.298 11.214
-5.183 -11.101
11.125 4.777
-12.030 4.692
5.699 -11.832
3.631 12.466
-10.452 -7.044
11.912 -2.103
-8.105 9.917
-1.674 -12.857
8.910 8.555
-12.212 -0.178
9.112 -8.348
-0.962 12.597
-7.817 -10.152
12.843 2.097
-11.277 6.738
3.417 -12.050
6.019 11.536
-12.290 -4.500
12.113 -4.110
-5.786 12.129
-4.360 -12.703
11.812 6.393
-13.665 3.180
7.424 -11.289
1.229 12.684
-10.856 -8.750
13.171 -0.918
-9.807 9.462
1.058 -13.897
8.916 11.009
-14.252 -1.762
10.995 -8.152
-2.452 13.572
-7.381 -11.865
12.938 3.952
-13.526 5.707
4.790 -13.436
5.299 13.252
-12.939 -6.886
14.193 -3.227
-7.536 11.751
-3.131 -14.125
11.813 8.726
-14.062 0.836
9.379 -10.898
-0.483 14.744
-10.314 -10.979
14.314 0.981
-11.672 9.029
2.660 -15.340
7.922 12.480
-14.731 -4.325
12.872 -5.911
-5.763 13.919
-6.288 -14.070
13.525 5.591
-14.928 4.495
7.712 -13.277
3.048 14.229
-12.682 -8.757
15.703 -2.188
-10.712 12.259
-0.626 -14.842
10.707 10.731
-15.803 -0.949
12.348 -9.321
-2.190 15.287
-8.894 -13.282
14.707 3.648
-12.902 7.619
5.181 -15.681
6.511 14.520
-14.766 -6.101
14.696 -5.847
-7.629 13.986
-4.451 -15.682
13.422 7.898
-16.239 2.769
10.120 -12.535
1.272 16.711
-12.141 -10.811
16.326 0.209
-12.552 10.572
0.934 -15.817
9.609 13.278
-16.098 -3.080
14.069 -9.693
-4.874 15.589
-7.900 -14.860
15.485 5.281
-15.433 6.817
7.015 -15.364
4.995 16.721
-14.487 -8.834
15.799 -4.104
-9.091 13.067
-2.272 -16.049
13.463 10.519
-16.756 0.838
11.754 -11.463
-0.507 16.924
-10.653 -13.719
17.136 3.160
-14.439 9.363
3.309 -17.255
7.769 15.770
-16.582 -5.959
16.120 -6.934
-7.050 15.754
-5.888 -16.757
15.261 7.719
-16.731 4.768
10.007 -14.286
3.202 17.069
-13.887 -10.516
17.621 -1.275
-12.525 12.708
1.201 -17.529
11.941 14.273
-18.464 -2.522
15.361 -10.999
-3.638 16.905
-9.532 -15.654
17.733 5.004
-16.056 8.548
7.146 -17.175
6.783 17.546
-16.353 -8.173
17.321 -4.944
-8.858 15.720
-3.411 -17.497
15.409 11.307
-18.472 2.983
12.106 -13.273
0.772 18.781
-13.588 -13.643
17.560 1.449
-14.083 11.778
3.466 -19.095
10.452 15.347
-18.006 -4.231
16.597 -9.227
-6.751 18.281
-8.031 -17.235
17.897 7.413
-18.570 5.567
9.538 -16.717
5.323 18.639
-16.596 -10.728
18.822 -2.509
-12.400 14.499
