1.907 -0.311
-0.799 1.287
-0.567 -1.135
1.127 1.315
-2.191 -0.449
2.666 -1.987
-0.226 3.110
-2.410 -2.735
3.312 0.783
-3.061 2.437
0.501 -3.421
2.170 2.980
-3.811 -1.243
4.381 -1.389
-1.737 4.522
-1.136 -4.038
4.291 2.340
-5.783 1.328
3.036 -4.423
1.243 5.297
-4.292 -2.951
6.099 -0.410
-3.463 4.202
0.572 -6.193
4.349 4.681
-5.957 -1.230
4.765 -3.089
-0.755 5.998
-2.677 -5.052
6.198 2.273
-5.121 3.055
2.378 -6.458
2.738 6.307
-6.119 -3.020
7.032 -2.589
-3.159 5.953
-1.196 -7.352
6.133 4.302
-7.936 0.519
5.264 -6.374
0.228 8.123
-4.669 -5.820
7.531 1.027
-5.755 4.970
1.234 -8.028
4.376 7.040
-7.716 -2.091
6.271 -4.188
-1.956 8.002
-2.915 -7.839
7.691 3.308
-8.331 2.288
4.097 -7.739
1.989 8.171
-6.744 -4.692
8.148 -1.130
-5.525 6.725
-0.544 -9.047
5.993 6.199
-9.685 -0.150
7.235 -5.742
-1.656 9.806
-5.144 -7.698
9.379 2.699
-8.186 5.020
2.725 -9.000
4.793 8.796
-8.613 -3.744
9.006 -3.154
-4.004 8.266
-3.500 -9.852
9.021 4.539
-10.116 2.265
6.240 -8.516
1.754 10.931
-8.033 -7.236
10.479 0.288
-7.276 7.206
0.662 -10.884
6.597 8.528
-10.254 -1.831
9.101 -5.828
-3.404 10.002
-5.349 -9.881
11.005 3.692
-10.004 5.298
4.936 -9.896
3.827 10.393
-10.288 -5.929
10.669 -2.533
-7.059 9.930
-1.790 -10.343
9.553 6.876
-11.871 0.820
8.064 -8.677
-0.564 11.239
-6.704 -8.542
11.218 1.925
-9.856 7.078
2.293 -11.861
5.957 10.271
-11.404 -3.195
10.934 -5.367
-5.069 10.887
-4.396 -11.436
10.765 5.541
-12.328 3.841
6.510 -11.405
2.753 12.688
-9.935 -7.756
12.029 -1.267
-8.777 9.328
-0.773 -12.942
8.292 9.155
-12.170 -1.029
9.673 -7.692
-1.839 12.499
-7.090 -10.672
12.666 2.987
-11.720 5.935
4.250 -11.782
5.200 11.928
-11.947 -5.346
12.370 -3.255
-6.618 11.696
-3.464 -12.976
11.337 7.201
-13.854 2.219
8.193 -10.744
0.341 12.739
-10.219 -9.486
13.203 0.003
-10.443 8.755
2.025 -13.789
8.127 11.604
-14.094 -2.752
11.537 -7.365
-3.393 13.367
-6.535 -12.351
12.631 4.845
-13.891 4.749
5.715 -13.070
4.362 13.589
-12.428 -7.772
14.383 -2.229
-8.337 11.197
-2.138 -14.309
11.176 9.529
-14.086 -0.147
10.117 -10.217
-1.510 14.674
-9.523 -11.672
14.211 1.978
-12.273 8.193
3.724 -15.117
7.032 13.002
-14.393 -5.342
13.253 -4.999
-6.720 13.483
-5.291 -14.474
13.102 6.521
-15.206 3.443
8.620 -12.706
2.048 14.407
-12.040 -9.620
15.818 -1.087
-11.541 11.482
0.411 -14.850
9.932 11.451
-15.698 -2.049
12.968 -8.437
-3.251 15.097
-7.946 -13.870
14.416 4.665
-13.402 6.701
6.263 -15.282
5.482 14.939
-14.305 -7.116
15.068 -4.807
-8.586 13.420
-3.346 -15.955
12.838 8.815
-16.393 1.630
10.969 -11.799
0.103 16.759
-11.357 -11.631
16.271 1.347
-13.259 9.671
2.035 -15.713
8.659 13.916
-15.844 -4.196
14.711 -8.688
-5.950 15.211
-6.844 -15.375
15.078 6.349
-15.871 5.724
8.070 -14.837
3.816 17.028
-13.836 -9.823
16.047 -2.992
-9.981 12.401
-1.147 -16.168
12.696 11.433
-16.773 -0.332
12.525 -10.615
-1.687 16.848
-9.670 -14.429
16.874 4.348
-15.057 8.333
4.504 -16.982
6.650 16.274
-16.126 -7.101
16.564 -5.793
-8.132 15.223
-4.705 -17.127
14.685 8.765
-17.023 3.589
10.979 -13.553
2.004 17.251
-13.119 -11.459
17.667 -0.043
-13.381 11.804
2.421 -17.402
10.916 15.071
-18.243 -3.804
16.091 -9.901
-4.808 16.610
-8.417 -16.281
17.341 6.229
-16.613 7.408
8.327 -16.635
5.542 17.976
-15.743 -9.294
17.624 -3.724
-9.933 15.064
-2.182 -17.693
14.583 12.354
-18.635 1.687
13.002 -12.397
-0.540 18.789
-12.603 -14.558
17.416 2.671
-14.870 10.767
4.790 -18.806
9.356 16.039
-17.667 -5.477
17.200 -8.047
-8.009 17.765
-6.809 -17.753
17.337 8.644
-18.913 4.258
10.681 -16.011
4.010 18.965
-15.807 -11.859
18.951 -1.190
-13.381 13.599
