-6.40285, 14.92193
-10.15649, 14.41606
-15.04362, 11.06018
-16.85505, 9.41072
-13.96659, 9.53966
-15.98206, 7.06959
-15.15765, 5.50800
-13.50640, 7.40716
-12.89413, 14.57524
-8.99003, 13.06672
-10.20812, 11.78177
-9.20869, 8.57268
-7.44331, 9.54077
-8.15630, 11.35441
-5.22949, 11.88034
-7.19565, 13.06225
-15.40903, 1.60918
-17.10906, 0.99900
-14.11356, -1.60273
-13.69356, 1.29392
-12.55058, -2.73071
-12.24405, -0.20562
-12.18335, 2.48149
-13.69526, 4.49079
-12.18469, 5.84687
-11.03398, 7.20096
-11.08483, 9.02428
-12.59527, 10.77395
-11.77195, 13.08118
-17.30268, 5.16119
-16.02545, 3.73896
-18.89472, 1.48749
-7.22598, 5.02334
-6.55718, 6.81152
-8.95308, 6.56018
-5.59173, 9.38917
-4.80404, 6.63548
-5.10559, 4.64426
-3.35353, 5.26939
-0.86335, 4.10683
-9.49843, 4.75721
-11.14206, 4.07706
-10.77083, 1.06040
-9.08755, 1.82677
-7.55223, 0.89326
-5.69437, 0.60475
-7.62468, 3.27052
-4.72367, 2.57908
-17.46454, -7.58382
-15.75807, -8.00606
-15.70960, -4.62290
-14.60707, -6.21572
-11.78369, -5.98136
-11.31500, -4.33258
-13.88641, -4.55701
-15.65061, -2.56669
0.03105, 5.73547
-2.32377, 7.07167
-3.66758, 8.31241
-1.44434, 10.37992
-3.15920, 10.02033
-17.41648, -2.39461
-19.06773, -0.63947
-17.41484, -4.73708
-5.65418, -2.42377
-4.58287, -0.72065
-7.49061, -0.91321
-11.81172, -8.22277
-13.91919, -8.62893
-14.34418, -10.32557
-13.07808, -11.53304
-12.63710, -13.46341
-9.51835, -1.28629
-10.70190, -2.60374
-7.83558, -2.68707
-9.24294, -5.02918
-7.16520, -6.70812
-6.28099, -4.31709
-4.53612, -4.83673
-2.60721, -2.17561
-5.41894, -10.47379
-2.53628, -8.28048
-2.03464, -10.61744
-0.29568, -9.97826
-0.74778, -8.27336
-1.79698, -6.17612
-0.62709, -3.66333
-2.79212, -4.03771
-10.75115, -10.71126
-9.06700, -10.06316
-8.17349, -8.32928
-9.97503, -8.42964
-9.12999, -6.82477
-3.54187, -6.64326
-5.38590, -6.43193
-6.01351, -8.16788
-3.26486, -11.95445
-6.85642, -11.56163
-7.09755, -9.82181
-2.01483, -14.02856
-3.66915, -14.72656
-1.42784, -16.32702
-2.88498, -18.40713
-1.09892, -18.52755
-8.72763, -11.76250
-10.58586, -12.53600
-11.55954, -15.61768
-9.14344, -14.50138
-7.39077, -17.65886
-7.48354, -13.67761
-6.12115, -15.97893
-5.64036, -13.54403
4.66329, -13.76610
1.88084, -15.79845
4.30786, -16.89456
6.01318, -16.28799
5.01739, -18.71548
9.02708, -16.49359
7.45802, -14.97797
5.57325, -9.74355
1.46329, -17.50055
3.19374, -18.50864
-0.37626, -14.81491
0.78094, -12.94689
-0.69757, -11.84866
5.45124, -11.46856
3.27566, -12.54270
2.24858, -14.07402
14.14456, -9.82612
12.06589, -8.96154
11.14116, -7.39948
13.25470, -3.03272
15.48109, -4.96823
12.03703, -4.29657
12.49790, -6.17130
13.72473, -8.04358
9.41762, -7.36361
9.07620, -10.37167
8.00645, -12.41564
9.71366, -11.95433
9.15941, -14.25236
11.83430, -12.59012
12.17738, -10.80437
15.20317, -12.20845
0.40103, -6.86726
1.94329, -8.17330
1.27438, -11.00041
3.35355, -10.51114
7.30751, -10.32215
7.50975, -7.34360
5.88008, -7.98259
3.36001, -4.98209
14.49155, -6.47868
15.66798, -8.89427
18.11116, -6.04406
17.25685, -4.43158
18.09421, -2.79118
16.15280, -2.56510
1.24199, -5.27472
3.47932, -7.31572
11.96267, -1.78708
9.55966, -0.73028
11.26169, -0.11995
15.06206, 3.87223
12.66349, 2.20269
14.51042, 2.11292
13.08367, 0.04212
14.66317, -1.73245
7.36441, -1.82296
4.95460, -2.18265
5.48787, -3.87343
7.95557, -3.48331
5.35876, -6.25080
7.29549, -5.54761
10.79422, -5.59942
9.70012, -3.11848
-0.42105, -1.68231
1.56988, -2.68686
1.25091, -0.76536
3.54361, -3.20934
3.80666, -0.77276
1.68941, 1.43170
0.84867, 3.53057
-2.06492, 2.84218
14.95545, 0.12870
17.16201, -0.58285
18.12770, 0.97794
16.71868, 2.16564
18.74275, 4.81486
-0.10265, 1.27188
-3.34606, 0.56872
-1.88510, -0.56293
10.90074, 4.72061
8.27266, 6.33009
8.66735, 8.06958
13.03005, 8.98427
11.21736, 8.87204
10.31996, 6.48303
12.42456, 6.55403
13.33789, 4.34328
2.78011, 2.81036
4.70467, 3.79543
5.73806, 1.46837
5.93031, -0.36839
7.26290, 3.18152
8.44223, 1.78100
9.99037, 2.59738
8.53295, 4.53556
1.49471, 7.32870
2.46104, 4.58644
4.05754, 5.46662
5.89896, 5.38345
3.81237, 7.22017
5.92070, 7.22827
3.80430, 10.10168
2.03808, 10.65180
15.30093, 6.03022
16.78404, 4.57733
17.32828, 6.98191
14.72158, 7.90706
14.49457, 11.69972
0.20950, 11.24436
1.06733, 9.22499
-0.99097, 8.29806
11.07736, 13.70815
9.73752, 15.46965
9.44738, 12.84651
1.97283, 17.25449
0.71800, 15.96477
1.42411, 12.73563
3.13080, 14.76430
4.74556, 13.10771
7.82827, 15.09444
7.48362, 12.56949
5.30538, 11.42395
6.47036, 9.97422
8.17024, 10.18627
10.34771, 11.32875
12.14391, 10.95337
13.19780, 12.95502
-2.86752, 13.14299
-1.31180, 12.16489
0.14075, 13.98592
-1.94102, 15.27847
-0.93636, 16.80109
0.04088, 18.34169
-2.07665, 18.86941
-3.69500, 17.41297
4.75268, 15.54711
6.30654, 14.07347
6.43999, 16.20648
8.65225, 17.77978
4.54316, 18.72034
-6.18272, 16.75559
-4.31305, 15.74995
-4.62980, 13.70745
