0.397 -1.891
0.913 1.209
-1.262 0.120
1.633 -0.578
-1.207 1.882
-0.894 -3.202
2.820 1.330
-3.419 1.264
1.922 -2.808
1.171 3.733
-3.011 -1.699
3.561 -0.952
-2.532 3.108
0.282 -4.587
3.594 3.249
-4.176 -0.394
3.728 -3.161
-0.843 5.874
-3.034 -4.425
5.390 0.747
-4.298 2.942
1.813 -5.838
2.674 4.743
-5.571 -2.763
5.933 -2.372
-3.292 5.115
-1.167 -5.557
5.325 2.864
-5.678 0.679
4.352 -4.964
1.007 5.878
-5.168 -4.544
6.870 -0.284
-5.020 4.621
0.116 -7.493
4.417 5.091
-7.290 -1.531
6.222 -4.173
-2.373 7.591
-4.051 -7.206
7.660 2.712
-7.110 2.261
3.670 -6.657
2.565 7.159
-7.045 -4.042
8.144 -1.548
-4.728 6.446
-1.649 -7.358
6.761 4.706
-8.362 -0.102
5.855 -5.985
-0.864 8.596
-5.745 -6.608
8.339 1.086
-6.805 4.603
1.879 -8.009
4.285 7.576
-8.637 -2.749
7.941 -3.360
-3.627 8.982
-2.753 -8.817
8.552 5.075
-9.034 2.027
5.895 -7.778
1.736 9.445
-7.415 -5.782
9.931 -1.305
-6.594 6.688
0.300 -9.538
6.271 6.712
-10.452 -0.281
7.482 -6.782
-1.529 10.253
-5.699 -8.887
10.830 2.298
-9.643 4.889
4.041 -9.673
4.104 9.382
-9.916 -4.535
10.331 -3.085
-5.399 8.907
-2.161 -10.589
8.106 6.776
-11.144 1.433
7.406 -8.938
1.341 11.240
-7.455 -8.168
11.074 0.171
-9.236 7.464
1.478 -10.866
6.723 10.160
-10.294 -2.053
9.854 -6.437
-3.509 11.370
-5.192 -10.647
10.282 4.572
-10.383 3.179
5.834 -9.773
3.055 11.743
-10.240 -6.410
11.727 -1.860
-7.086 9.489
-1.071 -12.133
8.332 8.649
-12.252 -0.015
9.045 -8.048
-0.854 12.884
-8.297 -10.180
12.829 2.000
-10.813 6.476
3.148 -11.679
5.543 11.547
-12.353 -3.938
11.526 -4.440
-5.342 10.984
-3.694 -11.793
10.999 6.215
-12.509 2.772
7.347 -10.741
1.318 13.071
-9.462 -8.206
13.000 -0.557
-9.289 9.221
1.417 -12.712
8.529 10.385
-13.353 -1.440
10.799 -7.984
-2.917 13.724
-7.074 -11.512
12.008 4.268
-12.529 6.119
4.756 -12.316
4.409 12.895
-12.136 -6.853
13.752 -3.404
-7.642 12.159
-2.718 -13.414
11.250 7.978
-13.875 1.651
9.067 -10.040
-0.570 14.670
-10.136 -10.037
14.248 0.823
-11.725 8.797
3.098 -14.222
7.445 11.809
-14.119 -3.157
12.913 -6.996
-5.208 13.088
-5.890 -13.117
13.146 6.692
-14.318 4.683
6.961 -12.546
3.225 14.399
-12.763 -8.916
14.662 -1.880
-10.165 11.505
0.107 -14.165
10.160 11.123
-15.409 -0.274
10.800 -9.876
-2.262 15.426
-8.751 -12.616
14.178 3.276
-13.309 7.769
4.680 -15.149
6.558 14.901
-13.707 -5.729
14.259 -5.144
-7.563 13.908
-3.203 -15.136
12.914 8.468
-15.801 2.420
9.542 -11.771
1.427 14.916
-12.003 -11.344
15.910 0.264
-11.789 10.784
0.939 -15.789
9.429 12.842
-16.090 -2.622
12.846 -8.804
-4.381 15.880
-7.059 -14.481
15.673 5.938
-14.940 6.409
7.114 -14.696
4.249 15.852
-13.927 -7.555
16.101 -3.069
-9.618 13.271
-2.809 -16.852
12.049 11.027
-16.808 0.851
11.351 -11.782
-0.374 16.868
-10.937 -12.870
17.260 2.570
-14.145 9.372
2.985 -16.048
7.977 13.776
-15.497 -4.750
15.237 -7.729
-6.349 15.529
-5.394 -15.507
15.111 7.639
-16.942 3.827
10.131 -14.177
2.354 17.048
-14.222 -10.316
17.576 -0.345
-12.430 12.489
0.559 -17.539
11.275 13.067
-17.673 -1.776
13.464 -10.545
-2.779 17.174
-8.692 -15.122
16.815 4.341
-15.414 8.115
6.320 -16.498
6.195 16.734
-15.364 -8.523
17.990 -4.759
-10.116 15.650
-3.445 -18.577
13.765 10.466
-18.220 1.991
12.054 -13.936
0.930 18.166
-12.522 -13.757
18.766 1.301
-14.338 11.342
2.870 -17.783
10.478 14.690
-17.292 -4.334
16.776 -9.158
-5.134 17.993
-6.885 -16.593
17.335 7.268
-18.119 6.517
8.761 -15.287
4.692 17.749
-15.821 -11.239
18.332 -2.955
-11.470 14.510
-1.316 -18.944
13.691 13.868
-19.014 -0.038
14.305 -13.063
-2.836 19.178
-11.093 -15.729
19.137 3.087
-16.755 10.478
5.712 -18.109
7.870 17.379
