1.319 1.412
-1.514 0.052
0.628 -1.102
-0.466 1.668
-0.846 -2.070
3.134 1.110
-2.710 1.542
0.932 -3.524
1.192 3.188
-3.728 -1.188
3.121 -1.487
-1.269 3.461
-1.087 -3.859
3.591 2.868
-4.725 1.072
2.723 -3.190
0.442 4.867
-4.321 -4.067
5.365 0.062
-3.710 3.980
0.065 -5.208
3.734 4.841
-5.418 -0.540
5.464 -2.970
-1.471 6.218
-2.292 -5.634
5.218 2.241
-5.404 2.710
2.709 -5.035
1.559 6.415
-5.388 -2.556
6.689 -1.616
-3.718 5.784
-0.894 -6.764
6.063 4.403
-6.705 0.686
5.444 -5.084
-0.164 7.489
-4.846 -6.306
8.225 0.829
-6.624 4.708
2.239 -7.117
3.336 6.830
-7.332 -2.018
7.358 -3.440
-3.416 7.553
-2.555 -7.575
6.968 2.882
-7.738 2.826
4.892 -6.783
1.530 8.231
-6.536 -5.650
8.710 -0.900
-5.684 6.198
0.147 -8.214
5.472 6.142
-8.662 -0.851
7.216 -5.485
-1.817 8.428
-5.263 -8.132
8.796 2.818
-9.070 4.078
3.536 -8.557
2.974 9.295
-8.726 -4.010
8.995 -2.742
-4.643 8.876
-1.680 -9.240
7.631 5.729
-9.097 1.271
6.240 -8.389
1.247 10.021
-7.510 -7.146
10.548 0.448
-8.107 7.539
1.545 -10.700
5.590 8.868
-10.036 -2.037
9.412 -5.505
-3.416 10.226
-4.183 -9.539
9.906 4.320
-10.205 2.736
5.235 -9.942
3.054 11.199
-9.968 -5.366
10.970 -1.403
-6.507 8.962
-0.796 -11.848
8.040 7.457
-12.178 -0.342
7.599 -7.241
-0.399 11.764
-7.285 -9.409
11.696 1.874
-9.653 5.783
3.369 -10.322
4.641 10.393
-11.364 -4.253
11.132 -4.692
-5.221 10.664
-3.688 -11.254
10.543 6.100
-11.867 1.844
7.057 -10.015
1.383 12.028
-10.050 -8.107
13.099 -0.935
-9.013 9.346
0.919 -12.570
7.745 9.291
-12.634 -2.105
10.325 -7.842
-2.995 11.983
-5.915 -10.686
11.773 3.759
-11.409 5.425
4.925 -11.828
4.563 12.187
-11.452 -6.437
12.155 -3.023
-7.020 10.956
-2.203 -12.902
9.586 8.469
-13.401 1.007
8.856 -10.097
0.323 13.427
-9.550 -10.278
13.486 0.832
-10.396 7.370
2.198 -13.769
7.342 10.973
-13.085 -3.807
12.585 -5.989
-5.122 13.208
-5.554 -13.243
12.538 5.490
-12.996 4.617
6.628 -12.301
3.000 13.191
-11.674 -8.902
14.040 -2.521
-8.866 11.184
-0.455 -14.650
9.854 10.712
-13.942 -0.700
10.701 -9.736
-1.701 14.588
-7.714 -11.787
14.118 2.723
-13.034 6.908
4.401 -14.407
6.262 12.909
-13.636 -5.641
14.634 -5.315
-6.892 13.076
-3.567 -14.932
11.527 8.232
-14.943 1.917
9.084 -12.449
1.870 14.515
-11.320 -10.720
15.354 0.094
-10.833 9.716
1.296 -15.357
9.703 12.539
-15.962 -3.203
12.568 -7.920
-3.991 14.624
-7.030 -14.185
14.225 6.082
-14.354 5.697
7.106 -14.319
4.143 14.575
-13.024 -7.410
16.183 -3.297
-9.364 12.866
-2.044 -15.846
12.377 9.847
-15.928 0.330
11.397 -11.656
-0.184 15.572
-10.474 -12.715
15.907 2.552
-13.870 9.409
3.347 -15.908
7.932 14.271
-15.413 -5.638
14.189 -7.050
-6.747 14.937
-5.327 -15.500
15.403 7.392
-15.950 3.517
8.969 -14.241
3.112 16.062
-13.586 -10.005
16.819 -1.548
-12.027 12.644
0.466 -16.962
11.413 11.670
-15.857 -1.395
12.797 -9.948
-2.438 16.911
-9.055 -14.123
15.788 4.503
-14.939 7.971
6.611 -16.062
5.774 16.441
-15.301 -7.877
16.618 -5.704
-9.824 14.579
-3.070 -17.351
14.028 10.542
-17.174 1.711
11.615 -13.438
0.886 17.079
-12.452 -12.149
17.370 1.584
-13.220 11.262
2.224 -17.277
9.864 14.657
-17.253 -4.553
15.808 -7.669
-6.451 17.455
-6.987 -17.276
17.179 7.864
-16.477 5.244
8.847 -16.052
4.471 17.875
-15.397 -9.684
18.455 -2.334
-11.855 14.606
-1.035 -18.252
12.898 12.573
-18.044 0.125
13.489 -11.655
-2.154 18.991
-11.769 -14.547
17.534 3.908
-15.914 10.003
5.087 -18.572
7.469 15.958
-17.220 -6.367
18.292 -6.482
-8.123 16.697
-5.277 -17.727
16.255 9.816
-19.218 3.227
10.964 -15.534
2.462 19.215
-14.059 -13.348
19.247 -0.031
-13.529 13.882
1.061 -19.733
11.531 15.086
-18.744 -3.555
