-1.854 0.544
0.634 -1.376
0.703 1.056
-1.281 -1.166
2.229 0.175
-2.400 2.301
-0.160 -3.114
2.729 2.416
-3.384 -0.367
2.736 -2.796
-0.074 3.457
-2.522 -2.689
3.936 0.763
-4.176 1.919
1.165 -4.702
1.626 3.866
-4.547 -1.792
5.575 -2.033
-2.466 4.765
-1.888 -5.103
4.623 2.398
-6.002 1.161
2.917 -4.598
0.198 6.216
-4.894 -4.108
6.063 0.484
-4.346 3.654
0.008 -6.046
3.281 4.683
-6.432 -1.490
4.704 -3.665
-1.562 6.702
-3.497 -5.921
6.445 2.241
-6.658 3.438
2.399 -6.298
2.095 7.148
-6.617 -3.511
7.811 -1.496
-4.436 6.975
-1.230 -8.033
5.352 5.198
-7.601 -0.088
5.097 -5.643
-0.233 8.119
-5.213 -6.445
7.915 1.121
-5.705 4.931
0.952 -8.182
3.861 7.418
-8.041 -2.332
7.984 -3.300
-3.109 8.186
-2.984 -7.863
7.272 3.822
-7.946 2.128
4.652 -7.356
1.658 8.911
-6.713 -5.410
9.629 -1.048
-6.470 6.592
0.432 -9.935
6.056 7.003
-9.641 -1.519
7.503 -5.993
-1.592 9.268
-5.843 -8.136
9.010 2.651
-8.547 4.243
2.952 -8.698
4.691 9.344
-9.512 -3.389
9.759 -3.498
-5.140 9.222
-3.092 -10.630
8.865 6.188
-10.435 1.009
6.329 -8.050
0.689 10.882
-7.601 -7.647
10.401 0.550
-8.310 6.908
2.141 -10.346
6.529 9.144
-11.377 -2.303
9.272 -6.494
-3.675 10.430
-5.083 -9.840
10.942 4.612
-10.274 3.832
5.777 -10.726
3.055 10.042
-10.330 -5.642
11.679 -2.281
-6.930 9.607
-0.829 -11.222
7.708 7.648
-11.370 -0.523
8.906 -8.242
-0.810 12.053
-7.181 -9.456
11.711 1.761
-10.187 6.678
3.685 -11.430
5.776 10.805
-11.367 -4.168
11.758 -5.335
-5.051 12.123
-4.300 -12.251
10.817 6.469
-11.781 2.745
7.557 -10.341
2.367 12.747
-9.360 -8.060
12.204 -0.483
-8.648 8.829
0.279 -12.631
8.354 9.714
-12.938 -1.399
10.896 -7.338
-2.761 12.217
-6.634 -11.194
12.516 3.829
-11.873 4.759
5.122 -12.424
5.041 12.449
-12.140 -5.745
13.473 -3.914
-6.802 11.674
-1.913 -12.599
11.313 8.150
-13.102 1.629
9.281 -9.979
-0.305 13.934
-9.499 -10.511
14.327 0.989
-10.538 8.734
1.715 -13.684
8.012 11.448
-13.133 -3.247
13.198 -6.430
-4.056 13.676
-6.008 -12.946
13.293 6.176
-13.998 3.990
6.890 -12.141
3.890 13.935
-12.268 -8.075
13.996 -1.595
-8.776 11.389
-0.315 -14.748
10.893 10.405
-14.346 -0.206
11.166 -9.647
-1.827 15.462
-8.585 -12.033
14.943 3.522
-12.534 6.599
5.001 -14.210
7.040 13.709
-13.807 -4.852
14.664 -5.296
-6.983 13.674
-3.813 -14.043
13.137 8.058
-15.562 3.034
10.033 -12.821
1.428 14.787
-11.272 -10.136
15.831 0.093
-11.826 9.976
1.360 -15.383
9.600 12.782
-14.882 -2.847
12.471 -8.306
-4.326 15.939
-7.286 -14.147
15.075 5.294
-14.359 6.633
6.862 -14.378
5.293 15.419
-13.829 -7.161
16.065 -3.644
-9.427 13.064
-2.173 -16.618
12.708 10.138
-16.313 0.675
11.962 -11.236
-0.077 15.844
-10.313 -12.739
16.241 2.205
-13.525 10.439
4.024 -15.829
8.692 14.411
-15.748 -4.436
15.042 -7.642
-6.174 15.721
-5.892 -16.426
14.944 8.038
-15.554 4.953
8.371 -13.540
3.137 15.903
-14.012 -9.776
16.686 -1.743
-11.117 12.082
-0.409 -16.927
11.379 13.123
-17.282 -2.229
13.912 -10.130
-2.371 17.409
-8.610 -15.327
16.880 5.053
-15.721 7.796
6.188 -16.112
6.786 16.415
-15.656 -6.883
16.449 -5.666
-9.219 14.807
-4.121 -16.871
14.435 9.749
-17.527 2.226
11.820 -13.367
-0.252 17.568
-12.695 -13.606
18.573 1.520
-14.744 11.814
2.719 -17.077
10.365 15.116
-17.978 -4.038
15.570 -9.404
-6.207 17.536
-7.722 -17.153
16.771 7.277
-17.028 5.873
7.995 -16.176
4.352 17.287
-15.998 -10.457
18.284 -3.978
-11.370 13.909
-1.786 -18.712
14.306 12.889
-17.613 -0.497
13.426 -12.522
-2.428 19.254
-11.266 -14.759
18.208 3.251
-16.073 10.112
5.752 -18.619
8.952 16.775
-18.272 -6.434
18.242 -6.563
-8.620 17.209
-6.323 -18.324
17.152 9.814
-18.658 3.523
11.598 -15.148
