-1.929 -0.113
1.060 -1.082
0.305 1.231
-0.813 -1.529
2.040 0.916
-3.035 1.357
0.899 -2.986
1.755 3.195
-3.062 -1.486
3.519 -1.710
-1.235 3.229
-1.468 -3.382
3.448 2.045
-4.578 0.399
2.682 -4.034
0.228 4.188
-3.677 -3.220
5.934 -0.035
-3.928 3.654
-0.058 -5.441
3.545 3.816
-6.042 -0.931
4.296 -3.345
-1.909 5.919
-3.223 -5.517
5.545 2.500
-5.324 1.975
2.045 -5.689
1.511 5.515
-5.553 -3.570
5.664 -1.865
-3.730 5.783
-1.296 -6.753
5.312 4.282
-7.428 0.993
4.382 -5.121
-0.437 7.436
-5.046 -5.537
7.858 1.225
-6.528 5.072
1.550 -7.977
3.287 6.698
-7.126 -2.645
6.701 -3.595
-2.956 7.565
-2.735 -7.826
7.074 3.723
-7.034 2.719
3.655 -7.382
1.135 8.286
-6.784 -4.906
8.629 -0.416
-5.687 6.659
-0.158 -8.408
5.558 6.050
-8.198 -0.675
6.859 -5.357
-1.443 8.948
-4.497 -7.357
9.419 2.259
-8.313 4.026
3.755 -9.208
3.340 8.635
-8.564 -4.680
9.084 -3.113
-4.623 8.189
-2.759 -9.629
7.589 5.533
-9.477 1.113
5.711 -7.194
1.266 10.378
-7.813 -6.397
10.367 -0.004
-7.947 6.950
0.672 -11.050
6.261 8.814
-10.164 -2.567
8.673 -5.446
-3.020 10.477
-4.578 -9.762
9.607 4.024
-10.153 3.703
5.504 -9.019
3.065 10.810
-9.935 -6.004
10.919 -2.988
-6.976 8.581
-1.468 -10.977
8.747 8.031
-10.965 0.145
9.055 -8.151
-0.509 10.484
-7.823 -8.794
11.764 1.790
-9.763 6.709
3.002 -10.845
4.679 9.799
-10.528 -4.325
11.163 -4.757
-4.826 11.075
-3.573 -11.323
10.432 5.606
-11.842 2.853
7.322 -9.518
1.796 12.119
-9.297 -7.756
12.869 -1.059
-8.841 9.711
0.082 -12.983
8.004 9.737
-12.016 -1.387
10.601 -7.189
-2.069 12.799
-6.095 -10.744
11.652 3.659
-11.118 5.397
4.521 -11.797
4.591 11.962
-11.709 -5.678
12.732 -3.236
-6.717 10.571
-2.472 -12.775
10.493 7.824
-12.782 0.478
9.010 -9.971
0.550 13.419
-9.493 -9.501
14.004 0.857
-10.340 8.698
2.446 -12.507
7.904 11.487
-12.884 -2.883
12.101 -6.266
-4.984 13.016
-5.400 -13.097
13.155 5.760
-12.865 4.671
6.227 -12.305
3.684 13.479
-11.270 -7.484
14.593 -1.604
-8.429 11.508
-1.293 -14.213
10.433 10.296
-14.523 -0.962
10.579 -9.108
-1.035 14.431
-8.828 -11.738
13.714 3.216
-12.102 7.764
4.675 -13.991
6.748 13.468
-13.437 -5.030
13.765 -5.318
-6.932 13.941
-4.026 -14.223
12.881 8.353
-14.025 1.988
9.499 -11.693
2.006 15.280
-11.364 -9.222
15.591 -0.043
-11.184 10.520
1.144 -14.506
9.651 12.015
-15.674 -2.389
13.768 -8.688
-3.640 14.403
-7.195 -13.342
14.873 5.424
-14.496 5.405
6.466 -14.024
4.729 15.270
-13.052 -7.697
14.541 -3.616
-9.445 13.548
-2.091 -15.775
12.408 10.066
-15.754 1.405
11.307 -11.224
-0.215 16.301
-10.606 -11.404
16.353 1.985
-13.279 9.122
3.556 -16.378
8.547 13.829
-15.586 -4.864
15.050 -6.546
-5.413 14.891
-5.415 -15.470
14.547 7.551
-16.252 5.269
9.125 -13.546
3.326 16.498
-13.330 -9.485
16.738 -2.124
-11.112 12.719
-0.010 -17.451
11.360 12.605
-16.313 -0.580
12.445 -9.925
-2.407 16.029
-9.897 -13.927
16.297 3.983
-14.539 7.627
5.321 -16.074
6.289 16.190
-15.519 -7.924
16.512 -4.848
-8.100 15.591
-2.940 -17.332
14.189 10.448
-17.429 2.040
11.257 -13.083
0.855 17.741
-12.420 -11.757
17.396 0.210
-13.671 10.832
1.808 -17.272
10.304 14.045
-17.251 -3.812
15.634 -8.600
-6.159 16.455
-7.366 -17.089
16.973 7.692
-17.863 6.152
8.316 -15.161
4.663 17.725
-15.564 -9.861
17.829 -3.605
-11.755 14.417
-1.488 -18.752
13.336 12.504
-18.011 -0.210
12.980 -12.534
-1.730 17.743
-11.537 -15.238
18.555 2.418
-15.393 9.262
4.626 -18.219
9.124 16.957
-16.414 -6.406
16.861 -7.264
-8.777 17.309
-5.632 -17.694
16.046 9.199
-18.541 4.101
11.692 -15.590
2.773 18.811
-15.034 -12.217
19.386 -0.029
-13.917 13.296
0.224 -19.383
12.839 15.022
-18.754 -2.973
16.025 -10.352
