11.55689, 11.40608
9.71629, 14.71634
4.80858, 18.04206
2.61189, 19.12674
3.78587, 16.48447
0.75070, 17.45971
-0.40242, 16.12236
1.96831, 15.27791
8.86560, 17.32332
8.88559, 13.13796
7.24478, 13.80322
4.62160, 11.70177
6.16710, 10.41134
7.59555, 11.73693
9.15314, 9.20381
9.53616, 11.46566
-4.12416, 14.93382
-5.31258, 16.29400
-6.64194, 12.55571
-3.79175, 13.22159
-7.12186, 10.68892
-4.65901, 11.32487
-2.13501, 12.24882
-0.81591, 14.38964
0.99785, 13.47801
2.67845, 12.90071
4.35751, 13.61335
5.43543, 15.65806
7.88400, 15.73336
-1.50799, 17.99297
-2.36614, 16.28485
-5.50931, 18.13478
2.04042, 8.56070
3.94935, 8.59047
2.84112, 10.72947
6.70155, 8.63210
4.42512, 6.89396
2.46116, 6.44817
3.68247, 5.04500
3.50867, 2.30232
0.96347, 10.57936
-0.26951, 11.86150
-2.94273, 10.41516
-1.61501, 9.12756
-1.92396, 7.35748
-1.51469, 5.52244
0.26296, 8.29234
0.67771, 5.33905
-13.43336, 13.49330
-13.20384, 11.75042
-10.03625, 12.93973
-11.11696, 11.33203
-9.86858, 8.78882
-8.16245, 8.95404
-9.30966, 11.26627
-8.10027, 13.63506
5.35137, 2.06383
5.73623, 4.74385
6.40110, 6.44772
9.13728, 5.13215
8.17677, 6.59758
-8.58438, 15.34198
-7.55276, 17.51979
-10.76475, 14.48574
-4.31974, 4.37999
-2.34314, 4.00396
-3.58340, 6.64097
-11.96568, 7.99707
-13.11281, 9.81105
-14.84754, 9.58767
-15.50979, 7.96828
-17.14617, 6.85336
-4.67064, 8.39277
-6.32911, 9.01402
-5.36083, 6.31492
-8.05498, 6.77066
-8.86005, 4.22357
-6.31124, 4.27275
-6.15839, 2.45857
-2.97693, 1.63363
-11.72893, 1.22370
-8.63501, -0.65994
-10.62783, -1.97969
-9.39820, -3.36554
-7.97580, -2.32253
-6.40599, -0.58043
-3.63958, -0.75281
-4.77812, 1.12635
-13.89562, 6.10163
-12.67770, 4.77007
-10.73734, 4.57081
-11.48813, 6.21153
-9.68556, 6.01033
-7.47759, 0.87370
-7.95368, 2.66771
-9.79894, 2.61865
-12.32153, -1.32213
-13.26627, 2.16514
-11.73439, 3.02447
-13.79653, -3.24278
-15.05004, -1.95720
-15.72235, -4.62795
-18.19072, -4.03026
-17.65115, -5.73712
-14.13605, 3.83405
-15.53425, 5.28193
-18.75874, 5.06405
-16.83783, 3.22184
-19.13810, 0.43791
-15.46518, 1.97695
-17.11075, -0.13121
-14.66829, 0.30959
-11.11548, -9.36472
-14.02296, -7.51566
-14.15794, -10.17529
-12.97096, -11.54171
-15.59443, -11.50031
-12.06268, -14.42284
-11.22406, -12.40895
-7.03824, -8.74420
-15.76007, -7.74795
-16.06725, -9.72693
-13.93080, -5.05530
-11.76933, -5.45112
-11.28628, -3.67383
-8.68883, -9.26002
-10.48274, -7.62636
-12.28324, -7.22884
-3.98764, -16.75470
-3.94113, -14.50387
-2.82418, -13.07294
2.01270, -13.44743
1.02299, -16.22655
0.39169, -12.77487
-1.18563, -13.88800
-2.48119, -15.71341
-3.41966, -11.45514
-6.34491, -12.23483
-8.63828, -11.98462
-7.58586, -13.40582
-9.92769, -13.72827
-7.40404, -15.61224
-5.61623, -15.28008
-5.81947, -18.60958
-6.24748, -2.87908
-6.90074, -4.79156
-9.77701, -5.20032
-8.56283, -6.95762
-6.94415, -10.57001
-4.09717, -9.67151
-5.28673, -8.38734
-3.41262, -4.94621
-0.74438, -15.85637
-2.56418, -17.83308
0.98098, -19.06784
2.17058, -17.68407
4.00342, -17.86516
3.50553, -15.97510
-4.45789, -3.08099
-5.54182, -5.90877
2.70102, -11.78998
2.80816, -9.16705
3.99745, -10.52903
9.10106, -12.61073
6.67144, -10.98671
7.26176, -12.73906
4.81314, -12.16626
3.73724, -14.28436
0.98983, -7.52183
-0.22435, -5.40941
-1.60398, -6.52284
-0.34035, -8.67806
-3.86456, -7.27008
-2.50318, -8.81670
-1.27482, -12.09312
0.63588, -10.16922
-1.71995, -0.22181
-1.92880, -2.44201
-0.25617, -1.44393
-1.69509, -4.47031
0.66948, -3.82617
1.94942, -1.05054
3.59682, 0.49806
1.89278, 2.95960
5.57673, -13.87740
5.71935, -16.19146
7.52490, -16.52107
8.11659, -14.77584
11.32170, -15.69371
1.14674, 0.55966
-0.69139, 3.32288
-1.21195, 1.54973
8.37258, -8.42675
8.91217, -5.39261
10.67575, -5.12538
13.11922, -8.85355
12.35332, -7.20679
9.80157, -7.24295
10.63560, -9.17655
8.91053, -10.83356
3.63100, -1.56300
5.25038, -2.99544
3.46081, -4.80668
1.82084, -5.65587
5.61223, -5.60130
4.73858, -7.21034
6.06356, -8.35387
7.33633, -6.28973
7.36881, 1.28241
5.16821, -0.61788
6.57023, -1.78316
7.16469, -3.52797
8.11343, -0.91506
8.89025, -2.87507
10.79332, 0.14385
10.66106, 1.98903
11.19743, -12.04573
10.38586, -13.95672
12.82323, -13.58606
12.73348, -10.82151
16.18182, -9.22630
10.54557, 3.90775
8.97843, 2.37225
7.36437, 3.95041
16.80493, -5.31185
17.95610, -3.42165
15.40795, -4.10864
16.78473, 4.45894
15.12608, 5.15667
12.37720, 3.32101
14.88875, 2.47220
13.93556, 0.36432
16.91012, -1.78095
14.43350, -2.38135
12.57214, -0.77127
11.64744, -2.38491
12.46512, -3.89022
14.32334, -5.50070
14.62923, -7.31003
16.87742, -7.56090
11.19057, 7.46539
10.84754, 5.66004
13.07303, 4.97209
13.51687, 7.38196
15.30109, 7.00213
17.09206, 6.65440
16.81075, 8.81849
14.86422, 9.79384
16.20937, 1.24777
15.40430, -0.73666
17.43894, -0.08262
19.71097, -1.56830
19.08737, 2.60068
13.34446, 11.87018
13.09035, 9.76248
11.07309, 9.31213
