6.24624, -14.98816
10.00497, -14.52162
14.92698, -11.21711
16.75558, -9.58671
13.86592, -9.68539
15.90715, -7.23656
15.09914, -5.66643
13.42809, -7.54819
12.74079, -14.70947
8.85271, -13.16015
10.08418, -11.88802
9.11841, -8.66864
7.34299, -9.61819
8.03695, -11.43920
5.10480, -11.93445
7.05847, -13.13688
15.39133, -1.77045
17.09766, -1.17810
14.12957, 1.45485
13.67926, -1.43724
12.57849, 2.59914
12.24553, 0.07739
12.15670, -2.60894
13.64749, -4.63396
12.12279, -5.97414
10.95797, -7.31611
10.98972, -9.13986
12.48176, -10.90525
11.63432, -13.20373
17.24769, -5.34210
15.98542, -3.90657
18.87810, -1.68527
7.17298, -5.09874
6.48549, -6.87982
8.88389, -6.65357
5.49310, -9.44721
4.73429, -6.68542
5.05668, -4.69747
3.29817, -5.30422
0.82030, -4.11564
9.44809, -4.85642
11.09875, -4.19351
10.75913, -1.17313
9.06792, -1.92183
7.54247, -0.97229
5.68773, -0.66434
7.59002, -3.35018
4.69641, -2.62841
17.54299, 7.40052
15.84105, 7.84060
15.75715, 4.45814
14.67136, 6.06241
11.84568, 5.85764
11.35975, 4.21385
13.93337, 4.41135
15.67663, 2.40266
-0.09111, -5.73483
2.24959, -7.09562
3.58033, -8.35036
1.33556, -10.39448
3.05410, -10.05287
17.44060, 2.21209
19.07338, 0.43977
17.46349, 4.55445
5.67926, 2.36442
4.59016, 0.67262
7.49977, 0.83472
11.89717, 8.09863
14.00879, 8.48270
14.45152, 10.17480
13.19813, 11.39546
12.77740, 13.33034
9.53130, 1.18655
10.72858, 2.49153
7.86329, 2.60487
9.29509, 4.93211
7.23506, 6.63272
6.32585, 4.25108
4.58652, 4.78896
2.62985, 2.14819
5.52832, 10.41647
2.62285, 8.25346
2.14572, 10.59555
0.40015, 9.97461
0.83438, 8.26507
1.86156, 6.15696
0.66542, 3.65656
2.83425, 4.00826
10.86272, 10.59809
9.17188, 9.96766
8.26026, 8.24324
10.06276, 8.32473
9.20095, 6.72878
3.61124, 6.60581
5.45296, 6.37518
6.09871, 8.10446
3.38987, 11.91960
6.97712, 11.48920
7.20001, 9.74695
2.16162, 14.00669
3.82316, 14.68733
1.59874, 16.31117
3.07758, 18.37591
1.29288, 18.51502
8.85033, 11.67046
10.71656, 12.42446
11.72246, 15.49578
9.29480, 14.40484
7.57528, 17.58049
7.62635, 13.59849
6.28814, 15.91396
5.78188, 13.48422
-4.51888, 13.81418
-1.71530, 15.81728
-4.13071, 16.93874
-5.84228, 16.35006
-4.82113, 18.76700
-8.85387, 16.58721
-7.30077, 15.05525
-5.47091, 9.80138
-1.27995, 17.51491
-2.99975, 18.54107
0.53137, 14.81016
-0.64532, 12.95436
0.82160, 11.84070
-5.33085, 11.52501
-3.14413, 12.57632
-2.10108, 14.09680
-14.04089, 9.97370
-11.97138, 9.08740
-11.06307, 7.51574
-13.22221, 3.17135
-15.42821, 5.13007
-11.99138, 4.42239
-12.43259, 6.30183
-13.63975, 8.18686
-9.34000, 7.46182
-8.96710, 10.46615
-7.87599, 12.49880
-9.58795, 12.05540
-9.00966, 14.34749
-11.70181, 12.71335
-12.06357, 10.93130
-15.07449, 12.36699
-0.32909, 6.87108
-1.85760, 8.19320
-1.15912, 11.01315
-3.24330, 10.54568
-7.19902, 10.39810
-7.43244, 7.42184
-5.79616, 8.04373
-3.30765, 5.01701
-14.42292, 6.63008
-15.57399, 9.05785
-18.04687, 6.23339
-17.20950, 4.61204
-18.06399, 2.98050
-16.12505, 2.73411
-1.18668, 5.28744
-3.40252, 7.35175
-11.94330, 1.91226
-9.55149, 0.83035
-11.25982, 0.23787
-15.10179, -3.71430
-12.68586, -2.06996
-14.53175, -1.96085
-13.08339, 0.09490
-14.64423, 1.88591
-7.34492, 1.89998
-4.93147, 2.23442
-5.44701, 3.93068
-7.91866, 3.56642
-5.29301, 6.30658
-7.23700, 5.62370
-10.73499, 5.71215
-9.66694, 3.21988
0.43864, 1.67780
-1.54165, 2.70315
-1.24282, 0.77842
-3.50981, 3.24627
-3.79835, 0.81258
-1.70431, -1.41393
-0.88560, -3.52149
2.03504, -2.86364
-14.95598, 0.02791
-17.15497, 0.76254
-18.13695, -0.78806
-16.74045, -1.99045
-18.79214, -4.61833
0.08933, -1.27289
3.33992, -0.60373
1.89089, 0.54316
-10.94957, -4.60620
-8.33850, -6.24312
-8.75138, -7.97838
-13.12342, -8.84733
-11.30965, -8.75408
-10.38728, -6.37460
-12.49251, -6.42356
-13.38264, -4.20337
-2.80939, -2.78109
-4.74415, -3.74596
-5.75312, -1.40820
-5.92613, 0.43047
-7.29582, -3.10529
-8.46041, -1.69250
-10.01702, -2.49262
-8.57998, -4.44595
-1.57137, -7.31265
-2.50894, -4.56041
-4.11456, -5.42383
-5.95501, -5.32138
-3.88777, -7.17985
-5.99607, -7.16588
-3.90987, -10.06128
-2.14951, -10.62987
-15.36324, -5.86966
-16.83105, -4.40132
-17.40045, -6.80006
-14.80357, -7.75247
-14.61629, -11.54729
-0.32724, -11.24155
-1.16387, -9.21331
0.90402, -8.30798
-11.22030, -13.59140
-9.89898, -15.36683
-9.58139, -12.74688
-2.15341, -17.23288
-0.88514, -15.95638
-1.55739, -12.72002
-3.28524, -14.73071
-4.88256, -13.05730
-7.98591, -15.01164
-7.61484, -12.49044
-5.42472, -11.36776
-6.57445, -9.90591
-8.27647, -10.10015
-10.46578, -11.21977
-12.25795, -10.82560
-13.33274, -12.81611
2.72973, -13.17230
1.18434, -12.17796
-0.28720, -13.98368
1.78092, -15.29796
0.76037, -16.80997
-0.23295, -18.34026
1.87894, -18.89012
3.51246, -17.45071
-4.91522, -15.49649
-6.45357, -14.00666
-6.60934, -16.13815
-8.83796, -17.68820
-4.73895, -18.67173
6.00692, -16.81942
4.14789, -15.79425
4.48600, -13.75518
