9.35440, 13.27236
6.95669, 16.20437
1.53761, 18.60844
-0.81644, 19.28698
0.80689, 16.89436
-2.35302, 17.31671
-3.25108, 15.79629
-0.76829, 15.38501
5.65778, 18.61950
6.41863, 14.50383
4.68594, 14.86801
2.47635, 12.33525
4.22594, 11.33889
5.39707, 12.89649
7.37863, 10.67923
7.35505, 12.97316
-6.70353, 13.96747
-8.11404, 15.09571
-8.76039, 11.18109
-6.07317, 12.34117
-8.90215, 9.25881
-6.59084, 10.32084
-4.27035, 11.67716
-3.35120, 14.01773
-1.40467, 13.44170
0.35160, 13.17114
1.87792, 14.16984
2.57672, 16.37313
4.97326, 16.88084
-4.67043, 17.44156
-5.21254, 15.60847
-8.63363, 16.87256
0.49220, 8.78673
2.36569, 9.15407
0.89619, 11.06302
5.06702, 9.68242
3.13436, 7.56863
1.28038, 6.78210
2.73088, 5.61738
3.04551, 2.88726
-0.92520, 10.58278
-2.36574, 11.62631
-4.74059, 9.72944
-3.20584, 8.69731
-3.19645, 6.90050
-2.46869, 5.16693
-1.20964, 8.20785
-0.27846, 5.37468
-15.61051, 10.90120
-15.07598, 9.22651
-12.16906, 10.95796
-12.94799, 9.18429
-11.26898, 6.90234
-9.61907, 7.36708
-11.15761, 9.43962
-10.38681, 11.98514
4.90133, 2.97886
4.80551, 5.68467
5.15814, 7.47936
8.08405, 6.66912
6.87921, 7.94129
-11.16554, 13.57935
-10.53588, 15.90542
-13.15983, 12.35053
-5.02710, 3.54580
-3.01515, 3.52574
-4.70278, 5.90145
-13.19273, 5.75174
-14.64296, 7.33391
-16.31072, 6.80687
-16.67573, 5.09580
-18.08881, 3.70872
-6.08305, 7.43303
-7.82532, 7.75077
-6.39438, 5.26579
-9.12666, 5.23724
-9.46795, 2.58784
-6.96813, 3.08759
-6.49643, 1.32916
-3.21917, 1.08065
-11.76026, -0.87266
-8.38168, -2.17863
-10.10929, -3.83043
-8.65368, -4.97663
-7.43847, -3.69822
-6.20196, -1.70566
-3.44875, -1.38542
-4.90206, 0.26242
-14.75652, 3.54449
-13.32204, 2.44965
-11.37707, 2.59715
-12.40653, 4.07899
-10.59682, 4.20018
-7.51414, -0.46427
-8.30039, 1.21708
-10.10780, 0.84202
-11.89266, -3.48319
-13.44002, -0.21833
-12.08452, 0.89868
-13.00424, -5.63468
-14.46559, -4.59140
-14.65433, -7.33900
-17.18953, -7.18786
-16.35623, -8.77219
-14.59159, 1.27018
-16.22409, 2.44758
-19.35904, 1.66213
-17.14225, 0.18920
-18.91318, -2.95808
-15.57085, -0.79294
-16.81709, -3.15919
-14.49129, -2.29283
-9.28146, -11.18509
-12.47043, -9.88013
-12.13229, -12.52163
-10.72210, -13.65626
-13.31144, -14.08009
-9.31797, -16.33101
-8.84924, -14.20044
-5.37854, -9.85237
-14.13894, -10.41636
-14.09083, -12.41846
-12.81541, -7.44234
-10.61801, -7.44914
-10.45733, -5.61439
-6.91170, -10.65233
-8.96656, -9.36216
-10.80900, -9.28977
-0.95762, -17.19605
-1.31043, -14.97256
-0.46452, -13.36645
4.36223, -12.87849
3.88029, -15.78894
2.64773, -12.50361
1.29246, -13.87847
0.34063, -15.90444
-1.33708, -11.87967
-4.07803, -13.16506
-6.37947, -13.32492
-5.09200, -14.53729
-7.33972, -15.26935
-4.52234, -16.67664
-2.82160, -16.03314
-2.43202, -19.34600
-5.63890, -3.93991
-5.94316, -5.93785
-8.70159, -6.84949
-7.19541, -8.36400
-4.96262, -11.63266
-2.31974, -10.24420
-3.71791, -9.19098
-2.48279, -5.47236
2.07531, -15.73758
0.63431, -18.00532
4.34210, -18.59276
5.26785, -17.02021
7.10379, -16.87386
6.27907, -15.10185
-3.84184, -3.82172
-4.40788, -6.79676
4.74616, -11.12533
4.38713, -8.52488
5.79880, -9.65474
11.19039, -10.79977
8.51158, -9.63166
9.40289, -11.25178
6.89153, -11.12165
6.20772, -13.39680
2.30619, -7.22767
0.73711, -5.36365
-0.42354, -6.70379
1.20178, -8.60117
-2.51606, -7.83953
-0.90232, -9.12063
0.88684, -12.12775
2.42664, -9.89589
-1.65349, -0.52289
-1.46587, -2.74498
0.00358, -1.46647
-0.87668, -4.69983
1.33646, -3.64714
2.10464, -0.68872
3.45177, 1.12713
1.33877, 3.24800
7.94606, -12.67052
8.49622, -14.92275
10.33160, -14.92742
10.60489, -13.10499
13.92188, -13.44078
1.02951, 0.75388
-1.26890, 3.14793
-1.46723, 1.31062
9.73251, -6.81092
9.72627, -3.72917
11.41465, -3.15387
14.47970, -6.39041
13.43429, -4.90531
10.92928, -5.39277
12.09254, -7.14812
10.68816, -9.08442
3.85040, -0.89530
5.69785, -2.01834
4.25731, -4.11785
2.79363, -5.24404
6.51544, -4.51893
5.94053, -6.25725
7.44707, -7.14808
8.33420, -4.89117
7.02526, 2.56705
5.19594, 0.30709
6.78216, -0.59149
7.67620, -2.20345
8.14724, 0.53617
9.25888, -1.25531
10.59727, 2.05291
10.14035, 3.84550
13.15357, -9.87247
12.69324, -11.89696
15.02645, -11.10054
14.44856, -8.39558
17.55992, -6.21493
9.68690, 5.71345
8.41644, 3.92470
6.54843, 5.19210
17.47998, -2.25201
18.27824, -0.18782
15.89201, -1.31519
15.72985, 7.36079
13.97385, 7.75377
11.59349, 5.46034
14.21565, 5.06970
13.65080, 2.82634
16.95825, 1.24172
14.62709, 0.21224
12.51003, 1.46725
11.88568, -0.28463
12.95701, -1.62136
15.07105, -2.87732
15.69252, -4.60389
17.94960, -4.45267
9.69170, 9.32908
9.67380, 7.49152
11.98594, 7.20855
11.99602, 9.65893
13.81930, 9.60105
15.64353, 9.57597
14.98345, 11.65604
12.89496, 12.27128
15.73223, 4.09849
15.29129, 2.00285
17.17796, 3.00686
19.67718, 1.94700
18.32517, 5.93966
11.03153, 14.04568
11.15468, 11.92629
9.24905, 11.12583
