15.82296, -3.64613
17.63167, -0.31832
17.80998, 5.60740
17.54876, 8.04333
15.94687, 5.63631
15.14397, 8.72155
13.39693, 8.97856
13.95424, 6.52442
19.37699, 1.79683
15.85389, -0.46268
15.53639, 1.27916
12.35651, 2.36798
12.09508, 0.37162
13.97972, -0.12417
12.67553, -2.79660
14.79050, -1.90804
10.39920, 11.48408
10.91086, 13.21632
7.04221, 12.33566
9.13163, 10.28597
5.20887, 11.74060
7.06548, 10.00190
9.19802, 8.36590
11.71239, 8.39925
11.91453, 6.37937
12.32762, 4.65106
13.82900, 3.61523
16.13299, 3.80073
17.50857, 1.77368
14.38394, 10.91435
12.48191, 10.72365
12.35967, 14.36877
8.32135, 2.86427
9.36934, 1.26846
10.58154, 3.35030
10.87919, -1.03299
8.19186, -0.04228
6.76313, 1.37708
6.23280, -0.40596
3.82395, -1.72882
9.44870, 4.85522
9.87059, 6.58326
7.21701, 8.06535
6.84129, 6.25439
5.18122, 5.56679
3.85113, 4.23797
7.14236, 4.22123
4.87105, 2.28859
4.19482, 18.57223
2.84624, 17.44456
5.54768, 15.40734
3.61118, 15.45836
2.13279, 13.04160
3.18648, 11.68960
4.52406, 13.89718
7.17212, 14.14532
4.60996, -3.41246
7.07899, -2.30138
8.87388, -1.94977
9.22922, -4.96492
9.95185, -3.36871
8.35392, 15.46868
10.74548, 15.76458
6.46267, 16.85083
1.38351, 5.99419
2.12513, 4.12381
3.68708, 6.58397
0.34061, 14.38800
1.25755, 16.32853
0.13943, 17.67352
-1.58272, 17.36497
-3.40089, 18.14921
4.58360, 8.44062
4.21948, 10.17379
2.45938, 7.91000
1.40058, 10.42894
-1.18138, 9.74389
0.22587, 7.61821
-1.22399, 6.51706
-0.21579, 3.38885
-5.25147, 10.55875
-5.18407, 6.93717
-7.36618, 7.91260
-7.87743, 6.13181
-6.23463, 5.48972
-3.92258, 5.09774
-2.58580, 2.66962
-1.60924, 4.63782
-2.29387, 15.00188
-2.76555, 13.26007
-1.89409, 11.51500
-0.91108, 13.02805
-0.11509, 11.39828
-3.26900, 6.78170
-2.00937, 8.14495
-3.03954, 9.67666
-7.71852, 9.69498
-5.28033, 12.36123
-3.73396, 11.52826
-10.13052, 9.91123
-9.71673, 11.65845
-12.33196, 10.79504
-13.14994, 13.19942
-14.30197, 11.82926
-4.33728, 13.98985
-3.86398, 15.94621
-5.77572, 18.55199
-6.30187, 15.94299
-9.88497, 16.39348
-6.61747, 14.11699
-9.27918, 14.37677
-7.59827, 12.55073
-13.86286, 4.36725
-13.85956, 7.81289
-16.17748, 6.50175
-16.69518, 4.76738
-18.06595, 7.00464
-18.64111, 2.45671
-16.49138, 2.82774
-11.15425, 1.25721
-14.98647, 9.15511
-16.82198, 8.35408
-11.73283, 9.05340
-10.90885, 7.01632
-9.14941, 7.56079
-12.47420, 2.37446
-12.05608, 4.76447
-12.68520, 6.49768
-16.28315, -5.61074
-14.35779, -4.44396
-12.55112, -4.62030
-10.27558, -8.90488
-13.15239, -9.55836
-10.57630, -7.17583
-12.36132, -6.44050
-14.59675, -6.32473
-11.50424, -3.25066
-13.72999, -1.19857
-14.74758, 0.87186
-15.38362, -0.77824
-16.91068, 1.02625
-17.14913, -2.11402
-15.91072, -3.44554
-18.83081, -5.05797
-5.77846, 3.73223
-7.74325, 3.25904
-9.62956, 5.46853
-10.46270, 3.50176
-12.64542, 0.19945
-10.36130, -1.72290
-9.91444, -0.03043
-6.00479, 0.23106
-13.78683, -7.86777
-16.43092, -7.39043
-15.57387, -11.04533
-13.76810, -11.30828
-12.93891, -12.95283
-11.60987, -11.51970
-4.99002, 2.11305
-7.95840, 1.51303
-8.50733, -8.59793
-6.23530, -7.28296
-6.74802, -9.01690
-5.77100, -14.44145
-5.70164, -11.51986
-6.86489, -12.95724
-7.69330, -10.58288
-10.05817, -10.80940
-5.82052, -4.86614
-4.68753, -2.70908
-6.36687, -2.14083
-7.50949, -4.36257
-8.20906, -0.63255
-8.78546, -2.61072
-10.89364, -5.40346
-8.24543, -5.98583
-1.10888, 1.33335
-3.09536, 0.32004
-1.35641, -0.55740
-4.68268, -0.96410
-2.87182, -2.61543
0.15755, -2.20886
2.34780, -2.77002
3.51307, -0.01230
-8.72891, -12.14447
-10.60632, -13.50482
-9.91716, -15.20592
-8.12656, -14.77035
-7.18417, -17.96834
1.08699, -0.66834
2.43513, 2.36425
0.65909, 1.85367
-2.62869, -11.58448
0.22225, -10.41430
1.39285, -11.76015
-0.44567, -15.82089
0.53434, -14.29184
-0.86348, -12.15671
-2.04918, -13.89697
-4.37258, -13.32832
0.62590, -3.90325
0.28416, -6.03808
-2.20402, -5.49761
-3.79975, -4.56796
-1.72215, -7.73989
-3.54883, -7.86441
-3.80439, -9.59586
-1.37959, -9.56448
5.03119, -5.53454
2.24757, -4.69474
2.01494, -6.50289
0.86027, -7.93972
3.57478, -7.34071
2.33613, -9.04683
5.90481, -9.03602
7.39188, -7.93566
-4.17067, -15.90873
-6.21903, -16.24745
-4.60006, -18.10679
-2.31396, -16.54968
0.88063, -18.60646
8.95002, -6.81004
6.81384, -6.30962
7.28147, -4.10121
4.51958, -17.03510
6.73236, -16.99425
4.78695, -15.21088
12.75852, -11.78260
12.45888, -10.00829
9.43606, -8.67093
10.06514, -11.24632
7.77465, -11.57097
7.55719, -15.23197
5.72321, -13.46260
6.08528, -11.02828
4.22737, -11.11215
3.39452, -12.60913
3.03043, -15.04102
1.66667, -16.26878
2.65949, -18.30141
12.29945, -5.44835
10.59134, -6.12608
11.20296, -8.37374
13.47550, -7.45722
14.11083, -9.16721
14.77688, -10.86570
16.45335, -9.46861
16.23386, -7.30248
9.73895, -13.01743
7.63205, -13.40100
9.27449, -14.76845
9.23751, -17.48286
12.42335, -14.72249
17.17265, -4.90674
15.25689, -5.82155
13.79575, -4.35963
