0.511 1.864
-1.365 -0.658
1.068 -0.684
-1.188 1.261
0.213 -2.226
2.259 2.439
-3.116 0.106
2.463 -2.687
-0.426 3.377
-2.748 -2.784
3.455 0.134
-2.733 2.474
0.831 -3.922
1.846 4.209
-4.681 -1.247
3.894 -1.558
-1.871 4.515
-1.935 -5.609
4.721 2.549
-5.135 1.799
2.478 -4.581
1.056 6.021
-4.546 -2.996
6.218 -0.089
-4.192 4.821
0.590 -6.054
3.578 4.409
-6.045 -0.113
4.739 -3.199
-1.602 6.405
-3.582 -4.767
6.674 1.679
-5.981 3.393
2.353 -6.405
3.322 6.717
-6.255 -2.509
7.183 -1.970
-3.626 6.555
-1.359 -7.836
6.897 4.557
-8.053 1.089
5.291 -5.261
-0.221 7.598
-5.553 -5.195
8.114 0.374
-6.535 5.100
1.259 -7.894
4.830 5.791
-8.164 -1.095
7.484 -3.731
-2.472 7.999
-3.161 -8.040
8.130 3.252
-7.914 2.846
3.949 -7.204
1.989 7.982
-7.274 -4.779
8.938 -1.502
-5.527 6.618
-0.880 -9.646
6.479 6.584
-9.926 -0.605
7.108 -5.932
-1.687 9.613
-5.862 -7.607
9.238 1.753
-8.236 5.701
2.808 -8.962
4.093 8.620
-8.645 -3.103
9.424 -4.527
-3.554 9.452
-3.327 -9.818
9.131 5.300
-10.683 2.906
6.342 -8.756
0.827 10.451
-7.939 -6.469
10.892 -0.499
-7.778 7.466
0.731 -10.390
6.762 8.430
-10.307 -2.321
9.256 -6.369
-2.502 11.335
-6.331 -9.384
10.365 3.857
-9.927 4.910
4.803 -10.860
3.653 10.340
-10.624 -5.964
10.094 -2.879
-5.822 10.230
-2.076 -11.717
9.485 7.096
-11.235 0.633
7.781 -7.573
-0.722 11.359
-8.085 -9.048
12.037 1.020
-9.580 7.015
1.966 -11.679
6.499 10.302
-11.364 -3.884
10.904 -5.587
-4.366 11.293
-5.129 -11.850
12.033 5.261
-12.324 4.085
6.657 -10.703
2.539 11.827
-10.208 -7.736
12.787 -2.144
-8.222 9.218
-0.270 -12.211
8.676 8.800
-12.624 -0.500
9.859 -8.184
-1.625 12.912
-7.147 -11.023
12.167 2.973
-11.308 6.438
4.047 -12.447
4.551 11.954
-12.333 -5.338
12.535 -4.823
-5.956 12.038
-3.678 -13.540
11.554 7.005
-12.631 1.693
8.346 -11.169
1.400 13.128
-9.815 -9.453
13.926 0.548
-10.675 9.314
1.239 -14.307
8.549 10.689
-13.652 -1.953
11.586 -7.810
-3.475 13.074
-6.198 -13.308
13.603 4.294
-13.049 5.781
6.407 -13.183
3.745 14.065
-12.019 -7.100
14.001 -3.646
-8.288 12.125
-1.351 -14.021
11.235 8.974
-14.751 0.058
10.594 -10.710
-0.456 14.341
-9.451 -11.333
15.427 2.096
-12.181 8.374
3.783 -14.879
6.379 12.647
-14.121 -5.249
13.830 -6.799
-5.092 13.721
-5.039 -14.754
13.550 7.221
-14.108 3.567
8.286 -12.994
2.762 15.613
-12.643 -10.256
14.809 -1.170
-10.331 11.093
0.369 -15.827
9.768 11.998
-15.357 -1.628
12.947 -9.375
-3.106 14.830
-8.087 -12.614
15.861 4.603
-14.272 7.038
5.556 -14.980
6.381 14.472
-14.256 -7.112
15.509 -5.023
-7.401 13.702
-3.363 -16.127
12.898 9.653
-16.654 1.883
10.359 -12.529
0.390 16.322
-11.025 -12.157
15.840 0.353
-12.917 10.089
2.489 -16.200
10.202 13.705
-15.757 -4.300
14.561 -8.439
-4.710 15.668
-7.378 -15.173
15.610 6.448
-16.526 5.604
8.297 -14.801
4.681 15.638
-13.392 -8.606
15.955 -2.859
-10.019 13.839
-1.452 -16.714
11.886 11.326
-16.932 0.113
13.319 -11.148
-2.530 17.240
-9.886 -14.086
17.365 2.674
-15.475 8.341
5.347 -16.790
7.520 15.855
-16.001 -6.468
16.530 -6.498
-7.155 15.534
-5.378 -16.545
14.643 9.476
-16.940 3.826
10.000 -14.263
1.920 17.563
-13.159 -12.051
17.561 0.558
-13.826 12.456
1.844 -18.544
11.555 14.948
-17.027 -3.016
15.295 -10.099
-4.351 17.904
-9.131 -15.732
17.425 6.512
-17.286 7.421
7.568 -16.641
5.575 17.128
-16.034 -8.276
17.361 -4.049
-10.735 15.813
-3.658 -18.351
13.708 11.611
-18.740 1.459
13.136 -14.079
-0.805 17.602
-12.286 -13.642
19.209 2.764
-14.954 11.007
3.569 -18.149
9.829 16.247
-18.516 -6.076
16.929 -8.657
-6.752 18.157
-6.243 -18.353
17.056 8.919
-18.432 6.002
10.112 -16.978
3.197 18.717
-14.943 -11.860
