1.923 -0.190
-0.878 1.234
-0.494 -1.168
1.043 1.383
-2.158 -0.585
2.785 -1.815
-0.421 3.090
-2.233 -2.881
3.257 0.989
-3.208 2.240
0.715 -3.383
1.979 3.110
-3.726 -1.480
4.460 -1.111
-2.018 4.404
-0.880 -4.101
4.136 2.605
-5.855 0.962
3.308 -4.224
0.908 5.365
-4.098 -3.214
6.113 -0.026
-3.720 3.976
0.960 -6.144
4.046 4.945
-5.868 -1.602
4.949 -2.784
-1.130 5.939
-2.355 -5.211
6.043 2.658
-5.303 2.728
2.779 -6.295
2.337 6.467
-5.917 -3.398
7.181 -2.142
-3.527 5.743
-0.732 -7.413
5.850 4.679
-7.953 0.019
5.654 -6.031
-0.283 8.121
-4.294 -6.101
7.452 1.498
-6.056 4.599
1.736 -7.935
3.926 7.301
-7.569 -2.571
6.522 -3.786
-2.455 7.863
-2.417 -8.006
7.468 3.784
-8.458 1.761
4.575 -7.466
1.472 8.280
-6.436 -5.106
8.203 -0.616
-5.937 6.365
0.025 -9.064
5.592 6.563
-9.656 -0.758
7.581 -5.277
-2.269 9.682
-4.650 -8.006
9.191 3.283
-8.485 4.496
3.285 -8.811
4.231 9.079
-8.361 -4.278
9.186 -2.582
-4.515 7.999
-2.874 -10.052
8.718 5.096
-10.239 1.625
6.762 -8.107
1.064 11.019
-7.562 -7.726
10.440 0.946
-7.714 6.735
1.344 -10.821
6.049 8.925
-10.118 -2.471
9.449 -5.245
-4.025 9.769
-4.718 -10.197
10.751 4.376
-10.317 4.659
5.548 -9.567
3.167 10.612
-9.895 -6.564
10.807 -1.858
-7.668 9.467
-1.137 -10.435
9.103 7.462
-11.899 0.073
8.593 -8.153
-1.269 11.181
-6.154 -8.946
11.075 2.625
-10.281 6.445
3.034 -11.693
5.301 10.625
-11.181 -3.905
11.250 -4.670
-5.743 10.547
-3.670 -11.689
10.396 6.206
-12.545 3.060
7.213 -10.974
1.951 12.836
-9.428 -8.365
12.085 -0.510
-9.346 8.758
0.041 -12.965
7.701 9.658
-12.081 -1.792
10.137 -7.070
-2.620 12.359
-6.406 -11.097
12.453 3.777
-12.069 5.188
4.981 -11.492
4.440 12.231
-11.587 -6.086
12.550 -2.472
-7.340 11.257
-2.642 -13.168
10.862 7.899
-13.966 1.344
8.852 -10.208
-0.460 12.736
-9.603 -10.109
13.176 0.832
-10.972 8.082
2.886 -13.635
7.382 12.091
-13.894 -3.632
11.976 -6.626
-4.226 13.128
-5.747 -12.737
12.302 5.628
-14.162 3.868
6.525 -12.685
3.500 13.836
-11.915 -8.537
14.495 -1.322
-9.024 10.651
-1.235 -14.415
10.556 10.212
-14.049 -1.031
10.738 -9.562
-2.429 14.550
-8.772 -12.247
14.059 2.866
-12.763 7.406
4.666 -14.854
6.202 13.418
-14.029 -6.235
13.541 -4.157
-7.553 13.035
-4.372 -14.778
12.666 7.331
-15.392 2.481
9.400 -12.140
1.139 14.507
-11.412 -10.357
15.855 -0.092
-12.239 10.735
1.342 -14.795
9.194 12.052
-15.539 -3.030
13.472 -7.606
-4.193 14.863
-7.060 -14.342
14.095 5.561
-13.797 5.846
7.210 -14.858
4.533 15.253
-13.830 -8.001
15.341 -3.852
-9.412 12.854
-2.338 -16.133
12.259 9.604
-16.463 0.597
11.689 -11.087
-0.950 16.733
-10.605 -12.322
16.155 2.366
-13.840 8.819
3.017 -15.554
7.769 14.432
-15.549 -5.182
15.228 -7.747
-6.893 14.807
-5.866 -15.774
14.650 7.283
-16.200 4.716
8.986 -14.301
2.740 17.234
-13.191 -10.672
16.203 -1.979
-10.740 11.750
-0.130 -16.209
11.953 12.207
-16.719 -1.385
13.167 -9.807
-2.741 16.709
-8.745 -15.007
16.567 5.399
-15.551 7.371
5.562 -16.666
5.615 16.659
-15.649 -8.100
16.895 -4.741
-9.072 14.683
-3.620 -17.389
14.106 9.670
-17.215 2.513
11.808 -12.837
0.917 17.342
-12.374 -12.260
17.635 1.066
-14.096 10.940
3.509 -17.216
9.948 15.727
-17.968 -4.942
16.681 -8.871
-5.842 16.275
-7.378 -16.778
16.915 7.305
-17.045 6.350
9.355 -16.079
4.403 18.289
-15.128 -10.264
17.823 -2.610
-10.860 14.411
-1.066 -17.795
13.778 13.245
-18.705 0.514
13.755 -11.556
-1.719 18.718
-11.664 -15.321
17.214 3.759
-15.517 9.812
5.961 -18.468
8.330 16.595
-17.288 -6.575
17.671 -6.951
-9.109 17.227
-5.681 -18.146
16.760 9.715
-19.143 3.062
11.665 -15.309
2.811 19.180
-15.031 -12.828
18.988 0.002
-14.208 12.731
