-16.06441, 2.36540
-17.60040, -1.09674
-17.30290, -7.01768
-16.84717, -9.42481
-15.44348, -6.89707
-14.39573, -9.90798
-12.63371, -10.02406
-13.38604, -7.62252
-19.17047, -3.34505
-15.83993, -0.81028
-15.38376, -2.52105
-12.12680, -3.35133
-12.02632, -1.34044
-13.94464, -0.99739
-12.85899, 1.77103
-14.89589, 0.71571
-9.44470, -12.28110
-9.81578, -14.04879
-6.03022, -12.86070
-8.27730, -10.98518
-4.25051, -12.12052
-6.24057, -10.53633
-8.49746, -9.07662
-11.00105, -9.31152
-11.36454, -7.31435
-11.91490, -5.62474
-13.49451, -4.71266
-15.77621, -5.08233
-17.30992, -3.17213
-13.46229, -12.03277
-11.58168, -11.69015
-11.16750, -15.31372
-8.06483, -3.52240
-9.23743, -2.01578
-10.27876, -4.18814
-10.92699, 0.15717
-8.16886, -0.61484
-6.63090, -1.91504
-6.24528, -0.09521
-3.95028, 1.41658
-9.02889, -5.59735
-9.31082, -7.35367
-6.54693, -8.61817
-6.31766, -6.78291
-4.71808, -5.96439
-3.49885, -4.53317
-6.78081, -4.78044
-4.67181, -2.67188
-2.69183, -18.84883
-1.43803, -17.61664
-4.29416, -15.80262
-2.35981, -15.69818
-1.08000, -13.17064
-2.23872, -11.90750
-3.39495, -14.21524
-6.01458, -14.67495
-4.86879, 3.03175
-7.24075, 1.72624
-9.00166, 1.23181
-9.59767, 4.20875
-10.18997, 2.55973
-7.08644, -16.08883
-9.44656, -16.57557
-5.09044, -17.31485
-0.89833, -6.08584
-1.78756, -4.28096
-3.14717, -6.85847
0.81439, -14.36897
0.05603, -16.37679
1.27842, -17.62778
2.97027, -17.18210
4.84549, -17.81800
-3.89191, -8.78103
-3.38997, -10.47942
-1.81709, -8.08176
-0.55968, -10.50768
1.95902, -9.61776
0.38583, -7.61178
1.74271, -6.39791
0.48688, -3.36062
6.08136, -10.10358
5.72373, -6.49907
7.97704, -7.29635
8.34382, -5.48030
6.65481, -4.97203
4.31878, -4.76674
2.79157, -2.45365
1.97600, -4.49383
3.48962, -14.76959
3.82008, -12.99556
2.81148, -11.32601
1.95298, -12.91302
1.02885, -11.35234
3.80236, -6.49768
2.65611, -7.95756
3.80581, -9.40172
8.47118, -9.04473
6.25468, -11.89793
4.64649, -11.19167
10.89276, -9.06685
10.62043, -10.84162
13.15799, -9.77126
14.16616, -12.10229
15.20459, -10.64416
5.44528, -13.59694
5.13041, -15.58495
7.24496, -18.02902
7.56018, -15.38624
11.16787, -15.54791
7.72832, -13.54080
10.40229, -13.58628
8.58035, -11.90093
14.16846, -3.24139
14.44150, -6.67620
16.64681, -5.18339
17.02374, -3.41309
18.56952, -5.53321
18.77810, -0.95380
16.66504, -1.49605
11.21915, -0.35860
15.67243, -7.92372
17.43778, -6.97807
12.42111, -8.08327
11.43642, -6.11884
9.72630, -6.80266
12.62445, -1.36639
12.39935, -3.78223
13.16545, -5.45941
15.78072, 6.89856
13.95514, 5.58112
12.14015, 5.61201
9.52832, 9.70028
12.34345, 10.58238
9.96674, 8.00092
11.80498, 7.41112
14.04250, 7.47500
11.20648, 4.16282
13.58964, 2.29584
14.77000, 0.31369
15.27165, 2.00949
16.93852, 0.33328
16.92435, 3.48255
15.58314, 4.71046
18.36451, 6.55189
6.05916, -3.25678
7.97968, -2.62754
10.03711, -4.67863
10.70984, -2.65138
12.62068, 0.81534
10.18975, 2.54832
9.88006, 0.82545
6.00398, 0.25126
13.11144, 8.94811
15.78529, 8.68437
14.63788, 12.25876
12.81684, 12.37604
11.85843, 13.94879
10.64861, 12.41369
5.14341, -1.70605
8.05411, -0.86991
7.79038, 9.25252
5.63113, 7.75957
6.00313, 9.52904
4.59422, 14.85776
4.75940, 11.94002
5.80362, 13.46606
6.81979, 11.16578
9.15887, 11.58124
5.41151, 5.31726
4.45517, 3.07629
6.17467, 2.64455
7.13543, 4.95077
8.13189, 1.28887
8.54778, 3.30689
10.42520, 6.25971
7.73882, 6.62782
1.21224, -1.24012
3.11106, -0.07077
1.30734, 0.66439
4.59028, 1.33654
2.65281, 2.83732
-0.33419, 2.18911
-2.56239, 2.57281
-3.50274, -0.26948
7.72682, 12.80540
9.48908, 14.31194
8.66572, 15.95228
6.91582, 15.37452
5.71999, 18.48662
-1.13709, 0.57902
-2.23768, -2.55193
-0.50831, -1.90056
1.69116, 11.75799
-1.05675, 10.36293
-2.33151, 11.61056
-0.82458, 15.80567
-1.67881, 14.20295
-0.11425, 12.18680
0.92805, 14.01655
3.28957, 13.63606
-0.93692, 3.84048
-0.76749, 5.99584
1.75601, 5.65666
3.42117, 4.85798
1.09587, 7.85308
2.90668, 8.12369
3.02256, 9.87006
0.60809, 9.64431
-5.45884, 5.11322
-2.61684, 4.49936
-2.52997, 6.32035
-1.49426, 7.84516
-4.15198, 7.03037
-3.05415, 8.83033
-6.61047, 8.53336
-8.00450, 7.31728
2.88137, 16.19197
4.89597, 16.69388
3.13310, 18.41739
0.97924, 16.68195
-2.37001, 18.47590
-9.46735, 6.07032
-7.29791, 5.74284
-7.58693, 3.50403
-5.87122, 16.61777
-8.07360, 16.39958
-5.99143, 14.77798
-13.66238, 10.72142
-13.22140, 8.97686
-10.10106, 7.88624
-10.93466, 10.40288
-8.67759, 10.91018
-8.75444, 14.57683
-6.78446, 12.96024
-6.95014, 10.50472
-5.10493, 10.73733
-4.39483, 12.29628
-4.22694, 14.74953
-2.96604, 16.08271
-4.11868, 18.02917
-12.69678, 4.44440
-11.04853, 5.25693
-11.83844, 7.44831
-14.03015, 6.35248
-14.80058, 8.00601
-15.60070, 9.64561
-17.15972, 8.11857
-16.76722, 5.97702
-10.75156, 12.19445
-8.68222, 12.74575
-10.42903, 13.97708
-10.60986, 16.68571
-13.56406, 13.67873
-17.51085, 3.51371
-15.67463, 4.57921
-14.10095, 3.23918
