0.025 1.932
-1.155 -0.980
1.206 -0.393
-1.467 0.921
0.768 -2.100
1.571 2.930
-3.042 -0.683
3.061 -1.979
-1.264 3.160
-1.958 -3.387
3.309 1.001
-3.268 1.706
1.793 -3.586
0.726 4.538
-4.216 -2.387
4.161 -0.526
-2.949 3.898
-0.459 -5.916
3.926 3.657
-5.423 0.447
3.553 -3.808
-0.496 6.093
-3.644 -4.046
6.040 1.481
-5.272 3.609
2.097 -5.710
2.351 5.169
-5.821 -1.633
5.393 -1.901
-3.164 5.794
-2.265 -5.516
6.035 3.307
-6.643 1.776
3.891 -5.605
1.521 7.338
-5.421 -4.005
7.448 -0.096
-5.162 5.429
0.660 -7.926
5.526 6.149
-8.068 -0.976
6.446 -3.757
-2.129 7.297
-4.065 -6.427
7.757 2.407
-7.610 3.288
3.208 -7.322
3.215 6.821
-7.625 -3.117
8.183 -1.724
-4.408 7.118
-1.032 -8.578
7.048 5.196
-8.375 0.759
5.637 -5.976
-0.087 8.226
-5.834 -6.459
9.028 0.799
-7.016 5.011
1.580 -9.556
4.610 8.004
-9.453 -3.087
8.374 -3.949
-4.056 8.877
-3.755 -8.838
8.498 4.026
-9.407 3.440
4.976 -7.965
1.788 9.373
-7.584 -5.182
10.261 -2.005
-5.822 8.251
-0.745 -10.340
7.500 7.430
-11.070 0.119
8.344 -6.875
-1.834 10.322
-6.052 -8.261
10.666 2.263
-9.409 5.264
3.326 -9.870
4.419 9.862
-9.389 -4.845
10.563 -3.830
-5.278 10.338
-3.761 -10.677
9.058 6.345
-10.844 2.249
7.385 -9.298
0.928 10.926
-8.777 -8.449
10.494 -0.242
-8.212 8.432
0.944 -11.862
7.390 9.258
-11.032 -2.219
9.439 -5.367
-3.562 10.810
-5.543 -10.794
11.392 4.021
-11.039 4.374
4.846 -10.806
3.692 11.608
-10.018 -6.623
11.960 -2.658
-7.072 9.827
-1.977 -12.760
10.318 8.124
-12.956 0.847
9.139 -8.679
-0.525 12.085
-7.928 -10.060
12.914 1.149
-10.280 6.847
2.817 -11.884
6.178 10.703
-12.090 -3.666
11.603 -5.434
-4.827 12.085
-4.138 -12.468
11.024 5.944
-12.566 3.379
7.054 -11.025
1.391 12.715
-10.589 -8.274
13.346 -1.508
-8.798 10.148
-0.147 -14.029
9.415 9.691
-12.650 -1.546
10.892 -8.705
-1.955 13.057
-7.116 -11.622
13.339 4.040
-12.678 6.322
4.805 -13.533
5.579 12.498
-12.719 -5.332
13.181 -4.638
-6.659 11.776
-2.644 -14.441
12.081 7.584
-14.085 2.305
9.523 -11.142
0.079 14.555
-9.841 -9.901
14.468 0.001
-11.076 9.645
2.227 -13.909
8.610 11.516
-14.290 -3.663
12.951 -7.694
-4.056 13.763
-6.289 -13.349
14.401 5.917
-13.898 5.033
7.411 -13.445
2.985 13.847
-12.342 -8.639
15.097 -3.094
-8.386 11.994
-1.158 -15.548
11.293 10.403
-14.551 -0.104
11.294 -10.486
-1.263 15.805
-9.650 -13.111
14.626 2.601
-12.794 8.131
4.347 -15.223
6.428 14.073
-14.450 -5.447
14.892 -5.809
-6.744 13.569
-4.646 -14.245
14.188 8.453
-15.585 3.214
9.153 -13.096
2.527 15.613
-12.003 -10.475
16.274 -0.951
-10.616 11.394
0.811 -16.454
10.048 12.593
-16.591 -2.376
13.182 -9.513
-3.737 15.894
-7.605 -14.543
15.240 4.335
-15.043 6.507
6.492 -15.050
6.418 15.834
-14.164 -8.133
16.218 -4.497
-8.508 13.974
-3.315 -16.543
13.481 10.174
-17.405 1.258
11.760 -12.232
0.588 16.313
-10.790 -11.704
16.160 1.255
-13.184 10.867
2.808 -16.540
8.647 13.957
-16.413 -4.158
15.699 -7.431
-6.794 16.046
-6.016 -16.123
16.130 6.965
-17.078 4.171
9.407 -14.900
3.281 17.239
-13.854 -10.293
17.635 -2.122
-10.839 13.229
-1.034 -17.366
11.782 12.862
-17.357 -0.568
13.272 -11.282
-2.569 17.480
-9.696 -14.979
16.853 4.967
-16.519 8.569
6.459 -17.480
7.414 17.378
-15.717 -7.211
17.347 -5.918
-8.723 16.230
-4.871 -17.526
15.221 10.694
-18.598 2.824
11.519 -14.196
1.078 17.980
-13.430 -12.051
17.821 0.457
-14.374 12.597
1.086 -18.680
10.339 14.692
-18.503 -3.312
16.261 -10.313
-5.216 16.830
-8.451 -16.299
17.892 7.517
-17.246 6.882
8.028 -16.663
5.417 18.200
-16.386 -10.547
18.564 -4.111
-11.111 15.869
-1.415 -19.335
14.257 12.930
-19.350 1.162
14.065 -13.880
-1.624 18.918
-11.471 -15.244
