0.812 1.754
-1.454 -0.423
0.940 -0.851
-0.963 1.439
-0.157 -2.231
2.630 2.033
-3.056 0.619
1.986 -3.056
0.137 3.401
-3.170 -2.293
3.430 -0.438
-2.287 2.892
0.172 -4.005
2.516 3.846
-4.823 -0.457
3.583 -2.180
-1.100 4.762
-2.834 -5.213
5.077 1.735
-4.768 2.622
1.688 -4.927
2.035 5.764
-4.978 -2.205
6.118 -1.114
-3.339 5.447
-0.417 -6.068
4.257 3.758
-5.980 0.886
4.146 -3.937
-0.523 6.581
-4.320 -4.111
6.859 0.554
-5.339 4.334
1.263 -6.705
4.385 6.077
-6.584 -1.442
6.760 -3.129
-2.495 7.064
-2.634 -7.505
7.555 3.356
-7.763 2.404
4.350 -6.062
1.036 7.530
-6.335 -4.207
8.064 -0.970
-5.604 6.108
-0.061 -7.994
5.720 4.914
-8.233 0.268
6.766 -4.915
-1.118 8.297
-4.444 -7.409
8.556 1.865
-7.335 4.113
2.705 -7.757
3.279 7.544
-7.963 -3.513
8.568 -2.957
-4.359 7.439
-2.460 -9.369
7.476 5.424
-9.890 1.042
6.031 -7.024
-0.078 9.759
-7.037 -6.535
9.401 0.205
-7.183 6.982
1.290 -9.303
5.460 7.826
-9.039 -1.634
8.548 -6.020
-1.946 9.909
-4.902 -9.135
9.880 3.720
-10.056 4.629
4.809 -9.683
2.540 10.171
-8.897 -5.070
10.661 -2.290
-6.439 8.648
-0.994 -10.368
8.061 7.198
-10.549 -0.588
8.078 -7.809
-0.596 11.592
-7.793 -8.211
10.859 2.093
-8.980 6.481
2.944 -11.503
5.309 9.595
-11.462 -4.128
9.480 -4.506
-4.053 11.050
-3.982 -11.213
10.526 5.434
-10.976 2.479
6.425 -8.754
1.163 11.322
-9.468 -7.590
12.041 -0.981
-8.291 8.500
0.011 -11.843
8.110 9.088
-11.849 -1.955
9.832 -7.310
-2.442 11.858
-7.015 -10.841
12.736 3.203
-11.481 6.063
4.799 -11.655
4.456 11.246
-11.345 -5.946
12.258 -4.225
-6.588 10.448
-2.281 -11.999
10.010 7.248
-12.533 1.590
8.373 -9.699
0.529 13.003
-8.868 -9.692
12.491 0.925
-10.091 8.216
1.937 -12.944
6.461 11.039
-13.045 -3.229
11.567 -6.826
-3.887 12.856
-5.862 -12.747
12.551 5.002
-12.178 3.754
6.388 -12.394
3.548 12.717
-11.241 -7.704
13.826 -1.758
-8.991 10.948
-1.140 -14.315
10.196 9.131
-13.787 0.327
10.138 -9.616
-1.270 13.468
-8.310 -12.103
14.125 1.990
-11.915 7.856
4.143 -14.060
6.015 13.254
-13.026 -5.019
13.207 -5.907
-6.173 13.327
-3.647 -13.606
12.562 6.997
-14.540 2.491
8.681 -12.311
1.917 14.219
-11.191 -9.618
15.562 -0.479
-10.632 10.270
1.275 -15.299
8.379 11.421
-14.794 -2.846
12.518 -8.989
-2.757 14.373
-7.405 -13.720
14.556 4.885
-13.325 5.846
6.028 -14.183
5.301 14.943
-14.163 -8.028
14.413 -3.598
-8.358 12.646
-2.248 -15.671
11.614 10.221
-15.415 0.928
11.222 -11.383
-0.616 15.140
-10.058 -11.107
16.403 1.922
-12.914 9.297
3.008 -15.691
8.683 13.220
-15.235 -4.661
14.467 -7.514
-5.038 14.736
-5.978 -15.350
14.314 7.392
-16.114 4.606
8.149 -14.067
3.078 16.034
-12.880 -10.170
15.682 -2.266
-11.075 12.083
-0.219 -16.389
12.324 11.833
-16.250 -1.640
12.968 -10.727
-2.060 16.230
-9.781 -13.748
16.461 3.783
-15.375 8.255
5.741 -15.968
7.197 14.651
-14.628 -6.278
15.264 -5.453
-7.597 15.303
-4.191 -16.245
13.592 9.209
-16.681 2.906
11.297 -13.194
0.350 17.421
-12.075 -12.262
17.568 -0.229
-13.886 10.781
2.503 -17.442
10.034 14.396
-16.849 -3.738
15.231 -9.138
-4.493 16.501
-8.035 -15.431
16.007 6.930
-16.076 6.569
7.509 -15.718
4.793 17.005
-14.967 -9.714
17.412 -2.348
-11.580 14.567
-1.242 -18.594
13.864 12.836
-17.291 -0.165
13.418 -12.485
-1.336 18.377
-11.602 -14.009
18.261 3.547
-15.824 10.172
4.718 -17.662
8.326 15.973
-17.180 -5.516
16.454 -6.859
-7.977 17.368
-6.637 -17.495
15.436 9.189
-18.242 4.532
10.633 -16.054
2.111 17.493
-14.369 -11.427
19.402 -0.444
-12.932 13.324
0.524 -18.489
12.376 14.402
-19.265 -2.937
15.268 -11.333
-3.663 19.022
-9.187 -17.071
18.294 5.982
-17.188 8.962
7.171 -18.414
6.242 17.933
-16.696 -9.231
