-0.473 1.874
-0.864 -1.244
1.266 -0.069
-1.655 0.512
1.282 -1.832
0.765 3.235
-2.764 -1.442
3.467 -1.125
-2.034 2.729
-1.021 -3.777
2.941 1.818
-3.597 0.808
2.655 -3.004
-0.466 4.572
-3.460 -3.391
4.157 0.561
-3.852 3.009
1.078 -5.835
2.854 4.543
-5.355 -0.963
4.412 -2.767
-2.046 5.760
-2.481 -4.847
5.456 2.984
-6.023 2.132
3.495 -4.979
0.943 5.600
-5.205 -3.075
5.700 -0.450
-4.548 4.786
-0.770 -5.913
4.982 4.747
-6.876 0.008
5.202 -4.416
-0.417 7.482
-4.209 -5.264
7.222 1.823
-6.384 3.919
2.676 -7.490
3.759 7.363
-7.545 -3.017
7.195 -1.973
-3.934 6.504
-2.275 -7.256
6.877 4.321
-8.199 1.220
4.983 -6.251
1.353 7.418
-6.567 -4.973
8.352 0.438
-6.090 5.745
1.208 -8.554
5.475 6.834
-8.289 -1.420
6.984 -4.326
-2.199 7.927
-3.977 -7.742
8.519 3.094
-8.069 3.038
3.984 -8.829
2.397 8.920
-8.341 -5.414
9.108 -1.663
-6.202 7.535
-1.356 -9.507
7.177 6.075
-9.976 0.906
6.857 -6.418
-0.682 9.518
-5.996 -6.958
10.432 0.701
-7.748 6.476
1.939 -10.184
5.337 9.109
-10.729 -2.731
9.831 -4.498
-4.426 9.503
-3.724 -9.539
9.726 4.930
-10.446 2.668
5.753 -8.683
1.735 10.667
-7.828 -7.096
11.192 -0.985
-7.759 8.634
-0.889 -11.285
7.122 8.461
-11.058 -0.615
9.528 -7.087
-1.912 10.798
-6.310 -10.422
10.203 2.465
-10.104 6.037
3.962 -11.220
4.761 10.847
-10.090 -4.981
10.502 -2.760
-6.222 9.531
-2.581 -11.856
9.974 6.815
-11.792 1.388
7.462 -9.197
0.583 12.167
-7.978 -8.976
12.241 0.507
-9.361 7.679
1.371 -12.839
7.882 10.504
-12.738 -2.513
11.064 -6.037
-3.614 11.543
-5.075 -11.760
12.185 4.431
-11.695 3.974
5.778 -10.760
3.218 11.932
-10.741 -6.651
12.610 -2.268
-7.772 10.438
-0.793 -13.113
9.125 8.579
-13.012 0.035
9.651 -8.841
-1.926 12.645
-8.106 -10.719
13.285 1.975
-11.111 7.545
3.466 -13.595
6.606 11.786
-11.827 -4.746
12.764 -5.611
-5.246 12.116
-3.888 -13.061
11.851 7.334
-13.877 2.850
8.123 -11.842
2.177 13.513
-10.920 -8.423
13.930 -1.093
-9.463 9.668
1.158 -14.635
9.725 10.436
-14.204 -1.394
12.068 -8.319
-3.666 14.086
-6.965 -12.098
13.981 3.721
-13.184 6.472
5.729 -12.869
5.359 13.343
-12.867 -7.214
14.494 -4.105
-7.459 12.257
-2.645 -14.517
12.395 9.421
-14.725 1.290
10.619 -11.088
-0.676 14.149
-9.706 -11.522
15.385 0.892
-11.188 9.434
2.879 -15.322
8.238 12.957
-14.035 -3.842
13.610 -7.229
-5.284 14.949
-5.954 -15.152
13.466 6.274
-14.454 4.568
8.115 -13.593
2.593 15.252
-12.564 -8.979
15.885 -1.784
-10.006 11.378
-0.827 -14.961
11.538 11.817
-15.887 -0.902
12.212 -10.302
-1.572 15.738
-8.906 -13.210
15.972 3.265
-13.189 8.281
5.014 -15.692
6.472 14.753
-15.422 -6.562
15.185 -5.804
-7.698 14.398
-3.610 -16.010
13.613 8.108
-16.211 2.420
10.143 -12.874
2.131 16.952
-11.597 -11.501
16.829 -0.175
-11.815 11.317
1.050 -16.839
10.412 13.299
-17.143 -3.260
14.510 -8.796
-3.627 15.916
-7.418 -14.085
15.294 5.368
-15.535 7.112
6.967 -15.262
4.767 15.711
-14.792 -8.239
17.082 -3.144
-10.692 13.759
-1.668 -17.128
13.797 10.878
-17.576 -0.360
12.922 -11.980
-1.262 17.502
-10.742 -13.509
17.587 2.484
-13.876 9.997
3.466 -17.048
8.079 15.459
-16.628 -5.012
15.727 -7.490
-6.977 16.231
-5.519 -16.969
15.009 9.133
-18.167 4.033
10.736 -15.231
2.696 18.700
-13.334 -11.010
18.285 -1.259
-12.603 13.441
-0.201 -18.189
11.959 14.249
-18.699 -2.053
14.782 -10.757
-3.582 17.653
-9.880 -15.099
17.104 5.024
-17.130 8.477
5.852 -17.773
6.213 16.856
-17.029 -7.958
18.366 -5.785
-9.368 14.923
-3.976 -17.923
15.357 11.864
-18.435 2.217
12.043 -14.038
0.555 18.981
-13.123 -14.406
18.997 0.801
-14.818 12.478
3.604 -19.048
10.452 16.161
-18.998 -3.852
17.162 -9.797
-6.434 17.865
-7.166 -17.681
