-0.120 1.929
-1.078 -1.064
1.232 -0.301
-1.532 0.808
0.923 -2.037
1.347 3.040
-2.983 -0.909
3.201 -1.744
-1.497 3.057
-1.698 -3.525
3.225 1.246
-3.387 1.456
2.057 -3.441
0.383 4.580
-4.025 -2.696
4.189 -0.213
-3.233 3.666
-0.014 -5.934
3.641 3.941
-5.441 0.039
3.828 -3.531
-0.952 6.039
-3.330 -4.307
5.912 1.930
-5.528 3.203
2.519 -5.537
1.957 5.331
-5.682 -2.065
5.520 -1.491
-3.590 5.540
-1.845 -5.671
5.770 3.750
-6.757 1.273
4.301 -5.297
0.967 7.431
-5.105 -4.400
7.434 0.463
-5.554 5.027
1.253 -7.854
5.049 6.546
-7.972 -1.578
6.709 -3.263
-2.670 7.117
-3.571 -6.714
7.555 2.982
-7.835 2.708
3.748 -7.061
2.694 7.043
-7.370 -3.680
8.290 -1.106
-4.929 6.767
-0.386 -8.631
6.639 5.710
-8.409 0.129
6.069 -5.537
-0.703 8.196
-5.333 -6.878
8.943 1.474
-7.372 4.471
2.292 -9.411
3.997 8.327
-9.195 -3.788
8.646 -3.310
-4.710 8.548
-3.082 -9.095
8.172 4.651
-9.639 2.725
5.559 -7.570
1.080 9.481
-7.174 -5.736
10.383 -1.230
-6.424 7.791
0.033 -10.367
6.922 7.972
-11.048 -0.711
8.836 -6.230
-2.603 10.155
-5.415 -8.691
10.467 3.056
-9.777 4.544
4.057 -9.593
3.667 10.166
-9.000 -5.535
10.820 -3.027
-6.038 9.914
-2.950 -10.929
8.557 7.006
-10.982 1.430
8.061 -8.719
0.107 10.965
-8.119 -9.083
10.482 0.546
-8.821 7.792
1.831 -11.757
6.675 9.786
-10.834 -3.040
9.815 -4.645
-4.362 10.513
-4.718 -11.179
11.058 4.864
-11.336 3.534
5.642 -10.412
2.811 11.852
-9.493 -7.355
12.126 -1.754
-7.789 9.270
-1.015 -12.872
9.680 8.875
-12.983 -0.127
9.765 -7.969
-1.429 12.011
-7.151 -10.626
12.792 2.114
-10.765 6.057
3.700 -11.640
5.358 11.136
-11.781 -4.562
11.978 -4.549
-5.719 11.689
-3.191 -12.743
10.548 6.754
-12.784 2.428
7.860 -10.465
0.433 12.784
-9.939 -9.045
13.421 -0.503
-9.534 9.460
0.906 -14.001
8.662 10.370
-12.498 -2.490
11.514 -7.864
-2.928 12.874
-6.224 -12.123
12.998 5.029
-13.116 5.354
5.806 -13.134
4.626 12.882
-12.283 -6.270
13.491 -3.636
-7.523 11.243
-1.553 -14.598
11.479 8.469
-14.218 1.243
10.332 -10.397
-1.013 14.520
-9.071 -10.611
14.427 1.086
-11.768 8.787
3.264 -13.703
7.722 12.129
-13.975 -4.724
13.492 -6.701
-5.077 13.420
-5.270 -13.783
13.917 6.981
-14.237 3.977
8.398 -12.852
1.939 14.032
-11.660 -9.540
15.287 -1.953
-9.262 11.331
0.011 -15.591
10.481 11.220
-14.502 -1.195
12.048 -9.609
-2.444 15.666
-8.640 -13.798
14.390 3.690
-13.367 7.148
5.476 -14.854
5.355 14.515
-14.001 -6.515
15.286 -4.676
-7.743 13.025
-3.565 -14.554
13.514 9.493
-15.782 2.036
10.109 -12.372
1.350 15.759
-11.184 -11.346
16.300 0.271
-11.441 10.566
2.042 -16.346
9.076 13.311
-16.366 -3.613
13.859 -8.498
-4.918 15.569
-6.493 -15.072
14.872 5.465
-15.489 5.361
7.602 -14.521
5.213 16.270
-13.514 -9.172
16.509 -3.268
-9.532 13.297
-2.065 -16.745
12.680 11.157
-17.451 -0.051
12.644 -11.315
-0.637 16.311
-9.882 -12.480
16.021 2.463
-13.962 9.848
4.040 -16.283
7.576 14.566
-16.055 -5.377
16.212 -6.233
-7.978 15.491
-4.790 -16.529
15.563 8.155
-17.343 2.879
10.497 -14.152
1.979 17.436
-13.044 -11.303
17.744 -0.794
-11.801 12.379
0.271 -17.395
10.784 13.709
-17.266 -1.868
14.081 -10.255
-3.872 17.238
-8.546 -15.664
16.433 6.216
-17.115 7.306
7.751 -16.946
6.090 17.885
-15.132 -8.369
17.741 -4.601
-9.916 15.530
-3.543 -17.841
14.376 11.806
-18.758 1.422
12.551 -13.293
-0.273 18.011
-12.489 -13.024
17.736 1.792
-15.278 11.484
2.483 -18.546
9.208 15.425
-18.202 -4.690
16.988 -9.065
-6.463 16.392
-7.205 -16.886
17.278 8.837
-17.713 5.570
9.255 -16.014
4.037 18.555
-15.549 -11.746
18.820 -2.707
-12.270 14.991
0.038 -19.386
13.247 13.963
-19.382 -0.292
15.066 -12.787
-3.038 18.743
-10.296 -16.061
