4.20909, -15.68260
7.99650, -15.71728
13.31232, -13.09276
15.34049, -11.71852
12.46316, -11.43416
14.81033, -9.27681
14.21708, -7.61361
12.31184, -9.25783
10.68345, -16.26530
7.03443, -14.21537
8.42333, -13.11729
7.89183, -9.79846
6.00642, -10.50485
6.45344, -12.40165
3.48155, -12.50476
5.25902, -13.95501
15.02197, -3.79050
16.79166, -3.42903
14.19786, -0.42666
13.36901, -3.23379
12.81175, 0.91272
12.14820, -1.54284
11.70486, -4.19382
12.91473, -6.39822
11.22618, -7.52498
9.89410, -8.70110
9.68438, -10.51303
10.92982, -12.46025
9.78584, -14.62646
16.38965, -7.57629
15.32833, -5.98642
18.48938, -4.16721
6.43563, -6.00262
5.51862, -7.67713
7.92587, -7.77007
4.19539, -10.09072
3.80852, -7.25283
4.39099, -5.32499
2.56768, -5.69383
0.26878, -4.18798
8.72280, -6.06332
10.44664, -5.62456
10.50946, -2.58579
8.73409, -3.10424
7.34762, -1.96129
5.54990, -1.41074
7.08026, -4.32458
4.30753, -3.22645
18.36765, 5.01533
16.73886, 5.67665
16.20835, 2.33499
15.34427, 4.06878
12.51634, 4.23952
11.81727, 2.67444
14.39440, 2.52982
15.85668, 0.30822
-0.84878, -5.67241
1.29138, -7.33081
2.44449, -8.75053
-0.05090, -10.47981
1.69772, -10.36848
17.57996, -0.11397
18.96399, -2.08667
17.91244, 2.20479
5.94208, 1.59254
4.63880, 0.05963
7.54428, -0.16451
12.86376, 6.45401
15.00762, 6.55543
15.67025, 8.17411
14.58932, 9.54982
14.42818, 11.52335
9.60450, -0.08445
10.96385, 1.05072
8.13873, 1.54201
9.86575, 3.65945
8.04872, 5.61757
6.83252, 3.37710
5.17960, 4.14030
2.89086, 1.78150
6.85741, 9.59381
3.69138, 7.83407
3.52820, 10.21869
1.71584, 9.83407
1.92015, 8.08212
2.65950, 5.85668
1.14318, 3.53644
3.33947, 3.59820
12.16896, 9.06832
10.40960, 8.66706
9.27792, 7.07835
11.07536, 6.92073
10.01005, 5.45279
4.45318, 6.07017
6.24822, 5.59799
7.11701, 7.22667
4.93653, 11.36656
8.43535, 10.46550
8.42586, 8.70908
3.99511, 13.59776
5.73207, 14.05267
3.74195, 15.95644
5.48087, 17.80745
3.73025, 18.18139
10.31607, 10.39743
12.26563, 10.89799
13.66890, 13.80928
11.11828, 13.04900
9.83387, 16.42418
9.35785, 12.47040
8.33763, 14.94252
7.51447, 12.60108
-2.65217, 14.29048
0.39170, 15.90519
-1.85416, 17.33626
-3.62856, 16.97912
-2.29672, 19.23977
-6.58232, 17.61248
-5.24548, 15.88857
-4.12656, 10.43884
1.04776, 17.53033
-0.52122, 18.77493
2.48544, 14.60978
1.07365, 12.92591
2.38040, 11.62802
-3.75976, 12.12881
-1.45321, 12.88167
-0.21823, 14.25084
-12.59847, 11.74308
-10.66435, 10.59086
-9.97188, 8.91288
-12.68663, 4.89221
-14.61420, 7.12549
-11.30115, 5.96947
-11.48991, 7.89076
-12.43717, 9.91889
-8.27108, 8.63155
-7.50411, 11.56016
-6.15376, 13.43065
-7.90932, 13.21756
-7.03296, 15.41304
-9.91760, 14.14931
-10.51186, 12.43075
-13.30646, 14.25205
0.58254, 6.85425
-0.75768, 8.36691
0.30762, 11.06971
-1.82007, 10.88199
-5.76056, 11.25888
-6.38556, 8.33963
-4.68141, 8.73965
-2.61507, 5.41039
-13.41935, 8.47936
-14.23922, 11.03805
-17.06393, 8.56544
-16.44835, 6.84760
-17.51112, 5.34340
-15.62180, 4.84274
-0.47696, 5.39794
-2.40031, 7.73718
-11.58547, 3.47504
-9.35777, 2.08630
-11.12945, 1.72497
-15.46036, -1.68436
-12.84819, -0.37399
-14.66343, -0.02171
-12.95591, 1.82443
-14.26616, 3.80613
-7.02911, 2.85470
-4.59263, 2.86701
-4.87930, 4.61656
-7.37741, 4.58239
-4.41243, 6.95121
-6.42965, 6.53144
-9.88522, 7.08175
-9.15617, 4.47011
0.65669, 1.60505
-1.17060, 2.88330
-1.12896, 0.93595
-3.04963, 3.68195
-3.65752, 1.30780
-1.87634, -1.17610
-1.34356, -3.37343
1.63843, -3.10763
-14.82090, 2.00569
-16.90342, 3.02470
-18.08185, 1.61759
-16.85664, 0.24107
-19.23786, -2.09238
-0.07980, -1.27352
3.23074, -1.04015
1.94612, 0.28830
-11.46259, -3.11759
-9.09094, -5.08545
-9.72969, -6.75087
-14.17825, -7.03395
-12.36809, -7.18141
-11.13912, -4.94482
-13.23233, -4.71492
-13.82100, -2.39651
-3.15252, -2.38510
-5.19791, -3.08561
-5.88882, -0.63494
-5.81714, 1.21046
-7.64242, -2.11309
-8.60994, -0.55869
-10.25870, -1.14591
-9.09261, -3.27214
-2.52471, -7.04058
-3.09004, -4.18853
-4.79576, -4.83200
-6.60649, -4.48705
-4.80320, -6.60260
-6.89113, -6.30991
-5.20619, -9.45580
-3.53650, -10.25221
-16.00458, -3.78621
-17.26531, -2.13664
-18.14694, -4.43901
-15.69884, -5.72650
-16.01510, -9.51276
-1.81113, -11.09952
-2.37217, -8.97845
-0.20271, -8.35456
-12.91929, -11.98805
-11.84438, -13.92264
-11.18307, -11.36770
-4.41365, -16.79670
-2.98770, -15.69915
-3.22602, -12.40230
-5.20461, -14.16681
-6.56658, -12.29685
-9.90114, -13.82358
-9.19988, -11.37361
-6.88053, -10.55045
-7.82682, -8.94938
-9.53957, -8.91681
-11.85773, -9.73704
-13.58202, -9.10931
-14.91063, -10.94018
0.96363, -13.41761
-0.43668, -12.22762
-2.13411, -13.82286
-0.25797, -15.39911
-1.46953, -16.76287
-2.65652, -18.14834
-0.63591, -18.97268
1.17363, -17.76196
-6.92155, -14.71029
-8.24935, -13.03009
-8.68566, -15.12226
-11.09970, -16.36394
-7.16677, -17.88096
3.72967, -17.46612
2.02256, -16.20409
2.62739, -14.22765
