1.647 1.011
-1.446 0.452
0.312 -1.229
-0.006 1.732
-1.365 -1.771
3.316 0.238
-2.203 2.207
-0.037 -3.645
1.996 2.757
-3.909 -0.155
2.614 -2.262
-0.304 3.674
-2.073 -3.431
4.224 1.812
-4.270 2.288
1.779 -3.799
1.719 4.575
-5.246 -2.774
5.189 -1.364
-2.520 4.822
-1.321 -5.038
4.885 3.675
-5.367 0.918
4.479 -4.314
0.233 6.385
-3.706 -4.824
5.625 0.775
-4.491 4.048
1.275 -5.574
3.207 5.771
-5.873 -1.033
6.020 -3.334
-2.049 6.564
-2.658 -6.284
7.015 2.635
-6.282 2.442
3.899 -6.347
1.831 7.264
-6.347 -4.793
8.150 -1.385
-5.136 6.298
0.268 -7.456
5.030 5.699
-7.604 0.001
6.180 -5.271
-1.287 8.189
-4.475 -6.624
7.483 0.928
-6.709 4.779
2.915 -7.838
3.661 7.529
-7.802 -3.711
8.158 -3.181
-3.834 7.485
-2.039 -7.958
6.906 4.469
-8.577 1.480
5.500 -7.204
0.486 8.608
-7.233 -6.442
9.229 0.381
-7.661 6.341
1.136 -9.188
5.336 8.172
-9.477 -1.549
7.944 -5.032
-2.119 9.790
-4.074 -8.463
8.879 3.497
-8.433 3.641
3.788 -9.745
3.863 9.330
-9.138 -4.896
10.288 -2.369
-5.814 9.421
-1.352 -10.726
7.744 7.066
-10.216 0.701
7.613 -7.807
-0.578 10.766
-6.566 -8.086
10.697 1.535
-9.112 5.348
2.407 -10.975
5.918 9.986
-11.035 -2.526
10.203 -4.266
-3.893 10.368
-3.913 -11.211
9.732 5.054
-11.832 2.904
5.403 -8.999
2.739 11.447
-9.522 -7.136
11.774 -1.299
-7.771 8.139
0.507 -10.847
7.234 8.787
-12.086 -1.082
9.486 -7.480
-2.202 11.668
-6.545 -9.870
11.784 3.082
-10.951 4.929
4.144 -11.529
4.528 11.229
-11.842 -5.147
12.381 -4.380
-6.207 11.404
-2.452 -12.363
9.934 6.901
-12.739 1.326
7.872 -10.302
0.295 12.349
-8.540 -8.731
12.348 0.497
-9.559 8.261
1.607 -12.712
7.636 10.538
-12.750 -3.165
10.915 -6.142
-3.858 12.427
-5.550 -11.853
11.491 5.619
-12.652 4.529
5.857 -12.086
3.877 12.859
-11.937 -7.373
13.222 -2.780
-8.066 9.866
-1.537 -13.858
9.992 8.629
-13.626 -0.196
10.543 -9.116
-1.430 14.094
-8.871 -11.293
13.545 1.963
-11.303 7.902
3.123 -13.619
6.396 11.921
-13.619 -5.482
12.866 -6.159
-5.577 13.137
-4.329 -14.004
12.345 7.711
-13.627 3.028
7.731 -12.229
2.234 14.516
-10.567 -9.315
14.335 -1.124
-10.732 10.121
0.417 -15.058
9.465 10.783
-14.644 -1.817
12.697 -9.011
-3.172 14.437
-7.405 -13.449
13.299 4.876
-13.897 5.816
5.452 -14.414
5.657 13.497
-13.760 -7.329
14.828 -3.986
-7.864 12.244
-2.828 -15.149
12.685 9.513
-16.239 1.151
10.014 -10.973
0.036 15.159
-10.545 -11.808
15.330 2.086
-12.326 9.304
3.048 -15.692
7.865 12.951
-14.524 -3.685
14.726 -7.476
-5.612 14.890
-6.178 -14.734
14.548 6.207
-15.269 4.548
7.892 -14.264
3.958 15.062
-13.474 -9.477
16.013 -1.764
-10.873 12.754
-0.997 -16.226
11.437 11.652
-16.357 -1.343
11.808 -10.565
-2.538 16.193
-9.252 -13.529
16.813 3.036
-14.443 7.627
4.865 -16.111
7.266 14.659
-15.755 -6.038
15.804 -5.958
-8.238 15.384
-4.055 -16.476
14.103 8.220
-15.658 2.866
9.696 -12.989
2.141 16.951
-12.480 -11.212
16.417 0.149
-12.285 11.652
2.108 -17.241
9.932 14.317
-16.843 -3.530
14.506 -9.912
-5.600 16.664
-7.568 -15.913
16.324 6.438
-16.103 6.211
7.630 -16.040
5.390 16.231
-15.232 -8.406
17.167 -3.086
-9.755 14.368
-2.444 -17.247
13.402 11.512
-17.842 0.192
13.204 -11.591
-1.584 18.541
-11.324 -14.800
18.650 3.019
-14.493 9.432
4.267 -17.825
9.057 16.046
-17.416 -5.248
17.173 -7.151
-7.551 17.230
-5.844 -17.322
15.774 8.697
-17.363 4.913
9.909 -14.819
2.967 18.881
-15.210 -10.899
17.943 -0.888
-12.686 13.870
-0.028 -19.255
11.439 13.402
-18.292 -1.566
15.914 -11.107
-3.398 18.255
-9.795 -15.690
18.278 5.147
-17.671 8.215
6.445 -17.888
7.476 17.871
-17.099 -9.135
18.548 -5.141
-9.357 16.977
-4.217 -19.306
15.123 11.482
-19.015 1.551
