1.391 1.341
-1.509 0.131
0.569 -1.133
-0.378 1.690
-0.953 -2.023
3.188 0.944
-2.625 1.682
0.746 -3.568
1.357 3.121
-3.785 -0.991
3.039 -1.648
-1.086 3.523
-1.288 -3.797
3.736 2.676
-4.662 1.318
2.553 -3.328
0.697 4.838
-4.528 -3.835
5.361 -0.218
-3.497 4.169
-0.208 -5.204
3.982 4.638
-5.439 -0.256
5.301 -3.251
-1.143 6.286
-2.584 -5.507
5.328 1.965
-5.255 2.989
2.442 -5.170
1.893 6.325
-5.514 -2.270
6.595 -1.964
-3.410 5.971
-1.247 -6.708
6.286 4.080
-6.660 1.036
5.171 -5.362
0.228 7.488
-5.169 -6.044
8.257 0.397
-6.368 5.048
1.863 -7.225
3.689 6.646
-7.427 -1.632
7.168 -3.821
-3.016 7.722
-2.948 -7.431
7.110 2.513
-7.579 3.227
4.530 -7.030
1.959 8.140
-6.823 -5.300
8.651 -1.355
-5.352 6.487
-0.283 -8.210
5.786 5.848
-8.695 -0.396
6.919 -5.855
-1.374 8.512
-5.681 -7.845
8.932 2.353
-8.844 4.548
3.083 -8.730
3.457 9.127
-8.924 -3.548
8.839 -3.209
-4.172 9.107
-2.161 -9.140
7.920 5.322
-9.018 1.745
5.792 -8.704
1.769 9.942
-7.874 -6.744
10.557 -0.105
-7.702 7.953
0.983 -10.767
6.046 8.564
-10.129 -1.509
9.111 -5.990
-2.876 10.391
-4.676 -9.307
10.118 3.796
-10.048 3.266
4.708 -10.202
3.636 11.024
-10.235 -4.837
10.881 -1.975
-6.029 9.290
-1.415 -11.790
8.419 7.026
-12.179 0.296
7.209 -7.629
0.217 11.768
-7.767 -9.014
11.779 1.260
-9.337 6.280
2.824 -10.485
5.179 10.136
-11.571 -3.652
10.871 -5.268
-4.656 10.923
-4.272 -11.045
10.848 5.540
-11.754 2.462
6.523 -10.371
2.011 11.939
-10.460 -7.570
13.032 -1.619
-8.511 9.805
0.260 -12.601
8.221 8.873
-12.727 -1.441
9.900 -8.372
-2.364 12.124
-6.466 -10.362
11.953 3.137
-11.110 6.015
4.299 -12.070
5.195 11.931
-11.773 -5.829
11.980 -3.655
-6.437 11.309
-2.875 -12.769
10.016 7.955
-13.330 1.707
8.316 -10.546
1.025 13.391
-10.075 -9.764
13.511 0.125
-9.996 7.904
1.474 -13.865
7.906 10.574
-13.266 -3.117
12.254 -6.639
-4.424 13.458
-6.239 -12.934
12.808 4.826
-12.736 5.290
5.975 -12.631
3.687 13.016
-12.124 -8.279
13.889 -3.253
-8.268 11.633
-1.221 -14.607
10.401 10.182
-13.960 0.031
10.177 -10.283
-0.936 14.657
-8.320 -11.367
14.242 1.980
-12.655 7.581
3.641 -14.617
6.929 12.564
-13.912 -4.920
14.336 -6.074
-6.199 13.419
-4.344 -14.725
11.942 7.618
-14.822 2.696
8.420 -12.907
2.627 14.397
-11.865 -10.113
15.338 -0.709
-10.309 10.270
0.491 -15.403
10.346 12.014
-16.107 -2.363
12.137 -8.567
-3.220 14.813
-7.763 -13.797
14.524 5.330
-14.036 6.440
6.346 -14.671
4.901 14.338
-13.394 -6.718
15.988 -4.139
-8.678 13.338
-2.870 -15.717
12.876 9.186
-15.889 1.164
10.771 -12.237
0.632 15.561
-11.125 -12.150
16.019 1.716
-13.358 10.122
2.510 -16.062
8.668 13.836
-15.687 -4.824
13.801 -7.783
-5.956 15.270
-6.131 -15.200
15.769 6.576
-15.744 4.347
8.211 -14.691
3.949 15.877
-14.091 -9.280
16.715 -2.426
-11.349 13.256
-0.422 -16.963
12.009 11.057
-15.909 -0.563
12.259 -10.604
-1.549 17.015
-9.781 -13.630
16.003 3.671
-14.501 8.742
5.761 -16.386
6.626 16.116
-15.692 -7.065
16.297 -6.566
-9.048 15.073
-3.974 -17.167
14.561 9.794
-17.061 2.608
10.896 -14.027
1.778 17.009
-13.071 -11.481
17.429 0.672
-12.613 11.938
1.317 -17.369
10.618 14.121
-17.467 -3.644
15.385 -8.486
-5.529 17.769
-7.882 -16.886
17.567 6.954
-16.180 6.099
7.995 -16.493
5.400 17.616
-15.883 -8.865
18.308 -3.297
-11.074 15.206
-1.988 -18.173
13.539 11.881
-18.013 1.070
12.860 -12.345
-1.157 19.077
-12.514 -13.911
17.715 2.985
-15.369 10.822
4.108 -18.812
8.294 15.546
-17.529 -5.457
17.928 -7.430
-7.238 17.099
-6.197 -17.427
16.747 8.952
-19.023 4.228
10.136 -16.087
3.464 19.060
-14.738 -12.594
19.219 -1.038
-12.784 14.571
0.027 -19.761
12.305 14.462
-18.904 -2.569
