-0.754 1.779
-0.663 -1.362
1.262 0.125
-1.713 0.253
1.547 -1.615
0.261 3.314
-2.511 -1.848
3.598 -0.582
-2.427 2.386
-0.431 -3.888
2.628 2.247
-3.678 0.248
3.083 -2.563
-1.160 4.447
-2.901 -3.880
4.022 1.191
-4.267 2.384
1.958 -5.601
2.125 4.926
-5.145 -1.771
4.784 -2.059
-2.903 5.380
-1.710 -5.169
4.935 3.784
-6.278 1.185
4.215 -4.385
0.075 5.678
-4.674 -3.835
5.702 0.427
-5.226 4.033
0.144 -5.961
4.197 5.454
-6.796 -1.044
5.816 -3.568
-1.557 7.330
-3.354 -5.846
6.859 2.906
-6.909 2.897
3.790 -6.992
2.588 7.851
-6.995 -4.136
7.412 -0.849
-4.883 5.826
-1.139 -7.519
6.135 5.322
-8.290 -0.048
5.881 -5.415
0.202 7.538
-5.729 -5.919
8.186 1.710
-6.897 4.745
2.503 -8.269
4.365 7.591
-7.974 -2.671
7.564 -3.206
-3.386 7.497
-2.746 -8.259
7.946 4.361
-8.439 1.768
5.288 -8.115
1.004 9.182
-7.415 -6.627
9.255 -0.250
-7.282 6.498
0.114 -9.602
6.163 7.102
-9.997 -0.631
7.758 -5.293
-2.130 9.302
-4.861 -7.793
10.202 2.288
-8.647 5.215
3.474 -9.767
3.881 9.818
-10.184 -4.340
10.404 -2.941
-5.828 8.714
-2.221 -9.997
8.857 6.360
-10.732 1.038
7.013 -7.701
0.082 10.807
-6.650 -8.210
11.211 0.739
-8.988 7.345
0.848 -11.288
5.743 9.451
-10.834 -2.299
10.500 -5.546
-3.542 10.378
-4.641 -11.264
9.706 3.996
-10.909 4.420
5.632 -10.482
3.045 11.448
-9.209 -6.466
10.800 -1.121
-7.606 8.467
-0.737 -12.112
8.814 8.261
-11.866 -0.432
8.781 -7.947
-1.285 12.113
-6.511 -10.091
12.020 2.374
-10.425 6.156
3.319 -12.479
6.182 11.587
-12.204 -4.432
11.857 -4.274
-5.338 10.855
-3.216 -12.398
11.363 6.243
-12.166 2.138
7.356 -9.750
1.355 12.284
-9.597 -8.216
12.809 -0.312
-9.277 9.126
1.223 -13.080
7.705 9.874
-12.864 -1.956
10.890 -7.260
-3.838 12.202
-6.371 -11.833
12.826 3.984
-12.135 5.756
5.505 -12.905
4.725 12.658
-10.962 -6.500
13.473 -3.593
-7.038 11.170
-1.844 -13.502
10.590 9.061
-14.150 0.693
9.839 -10.460
0.084 13.687
-9.503 -9.994
13.933 1.051
-10.830 8.106
3.384 -14.286
8.014 11.801
-13.823 -3.550
13.199 -6.375
-5.778 13.359
-5.032 -13.021
13.247 5.816
-14.019 4.379
7.630 -11.841
3.255 14.005
-11.612 -9.097
14.951 -1.839
-9.246 10.971
-0.393 -14.751
10.808 11.207
-14.749 -0.978
12.190 -9.332
-2.832 13.879
-7.829 -12.871
15.068 3.236
-12.500 7.612
5.189 -14.702
6.159 14.065
-13.282 -5.944
14.556 -5.062
-7.509 13.964
-3.566 -15.885
12.347 8.261
-14.983 2.303
10.099 -12.192
0.229 15.469
-11.042 -10.796
15.971 0.667
-11.629 9.713
1.472 -14.911
9.594 13.443
-15.562 -3.322
13.644 -8.312
-3.962 15.313
-6.780 -14.417
15.284 5.670
-14.301 6.166
7.356 -14.740
4.139 15.570
-14.236 -8.844
15.895 -3.412
-9.810 13.051
-1.118 -16.373
12.212 10.095
-16.390 -0.088
11.993 -11.171
-0.488 17.078
-9.701 -13.140
16.657 2.401
-13.407 9.376
3.614 -16.480
8.255 14.735
-16.443 -5.845
15.685 -6.473
-6.019 15.173
-5.175 -15.054
14.293 7.645
-16.440 4.651
9.219 -14.016
2.308 16.255
-13.358 -10.405
17.362 -0.494
-12.671 11.962
0.972 -17.182
11.970 12.861
-17.314 -3.045
14.602 -9.862
-3.925 17.103
-8.549 -14.993
17.000 5.145
-15.242 7.756
6.034 -16.317
5.618 16.513
-15.665 -7.497
16.688 -4.995
-9.378 14.973
-2.858 -17.613
13.435 11.322
-18.570 1.206
12.940 -13.410
-0.196 18.892
-11.493 -12.920
18.262 1.553
-14.511 11.354
2.584 -18.005
9.639 15.910
-18.165 -4.889
16.254 -8.369
-6.240 16.897
-7.454 -16.433
16.134 7.582
-18.225 5.757
8.503 -16.668
3.561 17.608
-15.611 -10.469
19.035 -2.907
-11.541 13.314
-1.187 -18.321
13.362 14.074
-18.557 -0.630
14.049 -12.031
-2.356 18.843
-10.765 -16.244
18.651 3.698
-16.552 10.064
6.476 -18.273
7.857 17.570
-18.185 -6.713
18.458 -7.056
-9.091 16.670
-4.377 -18.569
