-1.890 -0.404
1.212 -0.909
0.116 1.263
-0.573 -1.635
1.878 1.214
-3.205 0.883
1.340 -2.815
1.252 3.423
-2.802 -1.932
3.737 -1.158
-1.709 3.005
-0.939 -3.565
3.099 2.543
-4.586 -0.298
3.262 -3.582
-0.409 4.174
-3.148 -3.739
5.871 0.863
-4.436 3.018
0.766 -5.387
2.927 4.308
-5.832 -1.834
4.752 -2.657
-2.782 5.562
-2.351 -5.941
5.103 3.310
-5.561 1.147
2.882 -5.314
0.659 5.680
-4.949 -4.369
5.881 -0.986
-4.562 5.152
-0.260 -6.871
4.604 5.036
-7.492 -0.142
5.106 -4.399
-1.557 7.284
-4.151 -6.236
7.583 2.400
-7.220 4.026
2.739 -7.651
2.236 7.118
-6.644 -3.693
7.168 -2.540
-4.066 7.031
-1.520 -8.149
6.429 4.751
-7.364 1.623
4.729 -6.745
-0.132 8.362
-5.964 -5.875
8.593 0.894
-6.628 5.722
1.115 -8.336
4.579 6.821
-8.002 -1.907
7.591 -4.258
-2.780 8.627
-3.332 -7.952
8.969 3.658
-8.827 2.722
5.105 -8.534
1.996 9.041
-7.758 -5.922
9.451 -1.703
-5.808 7.395
-1.271 -9.936
6.665 6.617
-9.537 -0.333
6.734 -6.247
-0.318 10.451
-6.756 -7.505
10.248 1.564
-8.907 5.667
2.336 -10.821
4.855 9.660
-9.659 -4.075
9.396 -4.071
-4.570 9.900
-3.049 -10.342
8.888 5.431
-10.596 2.124
6.804 -8.083
1.394 11.149
-8.912 -7.437
11.245 -1.302
-8.194 7.427
0.209 -11.073
7.431 9.262
-10.861 -1.515
10.184 -6.687
-2.089 10.286
-6.403 -9.876
11.358 3.548
-10.665 5.155
4.608 -10.266
3.143 10.394
-9.753 -5.868
11.754 -3.014
-6.445 10.218
-1.819 -11.734
9.464 7.120
-12.137 1.029
8.678 -8.301
-0.058 12.252
-8.016 -9.073
12.881 0.899
-10.209 8.262
2.044 -12.822
6.439 10.835
-11.668 -3.189
11.566 -5.502
-3.981 12.339
-4.400 -11.542
10.965 5.380
-11.806 3.653
6.253 -10.978
2.729 12.519
-10.715 -7.384
13.075 -1.273
-8.239 9.433
-0.511 -13.002
9.188 9.321
-12.707 -1.461
10.415 -8.493
-1.487 13.348
-7.947 -10.827
13.713 2.965
-11.536 7.034
4.310 -11.993
6.075 12.550
-12.300 -4.799
12.910 -4.364
-6.895 12.112
-3.356 -13.763
12.132 7.684
-13.424 2.671
8.017 -11.222
1.602 13.881
-10.008 -9.102
14.668 0.621
-10.072 10.101
0.872 -14.245
8.756 11.755
-14.211 -3.148
11.835 -7.403
-3.206 14.108
-6.951 -12.938
13.070 5.253
-13.137 5.844
6.738 -13.123
4.633 14.334
-12.522 -7.005
14.411 -3.175
-8.961 12.732
-1.829 -14.668
11.469 10.206
-14.164 -0.157
11.158 -10.121
-0.328 15.408
-9.838 -10.835
15.418 2.316
-12.646 8.707
3.326 -14.166
7.723 13.336
-15.132 -4.733
14.924 -6.505
-5.777 13.686
-5.094 -14.277
13.882 7.611
-15.147 3.150
8.513 -12.884
2.365 15.809
-11.737 -9.583
14.921 -1.374
-11.386 11.963
0.319 -15.909
10.742 11.827
-15.785 -0.995
12.874 -9.384
-2.678 16.081
-8.759 -12.877
15.865 4.436
-14.506 7.008
5.992 -15.652
6.356 14.962
-14.671 -7.166
15.867 -4.194
-7.604 13.901
-3.013 -16.111
13.237 9.665
-16.862 2.750
11.069 -12.010
0.792 16.811
-11.742 -11.392
16.866 0.433
-12.908 10.892
2.630 -17.251
9.322 14.178
-16.038 -3.041
13.804 -7.929
-4.804 15.481
-7.676 -15.264
15.507 6.403
-15.525 5.340
7.691 -15.084
3.768 16.955
-14.142 -10.180
17.056 -2.294
-10.366 14.186
-0.284 -17.578
12.445 12.474
-17.537 -0.620
13.106 -11.230
-1.838 17.667
-10.498 -13.501
17.164 2.839
-15.152 8.640
4.399 -16.800
8.061 15.442
-16.476 -6.378
16.755 -6.137
-8.577 15.334
-4.696 -18.007
15.615 10.171
-18.588 3.380
10.514 -13.729
1.928 18.227
-13.894 -12.102
18.169 -0.867
-13.801 12.473
1.366 -18.762
11.292 14.378
-17.772 -2.932
14.727 -10.427
-4.394 17.277
-9.099 -16.808
17.975 5.197
-16.617 6.827
7.329 -17.309
6.454 18.142
-15.257 -8.815
17.766 -4.630
-11.294 15.782
-2.891 -18.342
14.470 11.520
-18.948 1.250
13.916 -13.642
-0.104 19.014
-13.013 -14.351
19.168 2.903
-15.768 11.038
3.153 -19.126
10.419 16.791
-18.089 -5.775
17.407 -7.809
