-9.90199, -12.86899
-7.62916, -15.89884
-2.31550, -18.52773
0.00807, -19.30425
-1.51364, -16.84575
1.62580, -17.40006
2.58675, -15.91858
0.12336, -15.40369
-6.43253, -18.36624
-7.02035, -14.22232
-5.30444, -14.65874
-2.99073, -12.22073
-4.69706, -11.15198
-5.93239, -12.65917
-7.81935, -10.36088
-7.89186, -12.65378
6.11275, -14.23594
7.47478, -15.42225
8.28449, -11.53813
5.55105, -12.58466
8.50662, -9.62348
6.15287, -10.58779
3.77762, -11.84574
2.76126, -14.14577
0.84056, -13.48873
-0.90284, -13.14486
-2.46965, -14.07877
-3.26009, -16.25087
-5.67579, -16.65777
3.93596, -17.62183
4.55435, -15.81306
7.91951, -17.21930
-0.85972, -8.75841
-2.74695, -9.04697
-1.35868, -11.01578
-5.46803, -9.46174
-3.44856, -7.43074
-1.56327, -6.72253
-2.96371, -5.49809
-3.16374, -2.75720
0.48122, -10.61224
1.87680, -11.71518
4.32900, -9.91942
2.83882, -8.82393
2.90469, -7.02830
2.25016, -5.26577
0.86487, -8.25131
0.05315, -5.38163
15.14032, -11.54534
14.67639, -9.84974
11.69951, -11.45793
12.55204, -9.71844
10.97005, -7.36818
9.30214, -7.76342
10.75254, -9.89857
9.87582, -12.40958
-5.02177, -2.77100
-5.03935, -5.47845
-5.46682, -7.25680
-8.35623, -6.32474
-7.20572, -7.64626
10.58710, -14.03500
9.86059, -16.33267
12.63110, -12.89077
4.87421, -3.75321
2.86486, -3.64891
4.45153, -6.09321
12.94030, -6.29915
14.32300, -7.94066
16.01137, -7.48392
16.44771, -5.78964
17.91764, -4.46295
5.76645, -7.68125
7.49389, -8.07166
6.16826, -5.52894
8.89934, -5.61483
9.35128, -2.98204
6.83273, -3.37668
6.43507, -1.60003
3.17109, -1.21450
11.78648, 0.37942
8.46556, 1.82574
10.26082, 3.40373
8.85449, 4.60989
7.58681, 3.38348
6.26795, 1.44446
3.50374, 1.23979
4.88677, -0.46746
14.59514, -4.15932
13.20778, -3.00538
11.25833, -3.07130
12.22484, -4.59494
10.41164, -4.64024
7.52699, 0.14921
8.24214, -1.56359
10.06367, -1.26455
12.02809, 2.98212
13.43737, -0.34467
12.03629, -1.40394
13.22879, 5.08518
14.64517, 3.98161
14.94880, 6.71890
17.47545, 6.46173
16.70923, 8.07957
14.52560, -1.88009
16.10737, -3.12483
19.27245, -2.47134
17.11929, -0.90687
19.02046, 2.16348
15.59040, 0.14021
16.93463, 2.45219
14.57459, 1.68399
9.74170, 10.78662
12.87323, 9.34925
12.64600, 12.00260
11.28456, 13.19529
13.88938, 13.51032
9.99367, 15.92649
9.43613, 13.81742
5.78640, 9.61850
14.56273, 9.81515
14.59850, 11.81751
13.11582, 6.89916
10.92064, 6.99796
10.68327, 5.17156
7.35171, 10.35356
9.35074, 8.97847
11.18853, 8.82898
1.67687, 17.14087
1.93627, 14.90455
1.02384, 13.33528
-3.81911, 13.04986
-3.21572, 15.93758
-2.12181, 12.60352
-0.71016, 13.92042
0.32568, 15.90476
1.83338, 11.81326
4.62575, 12.98274
6.93186, 13.04609
5.69630, 14.31131
7.97269, 14.94860
5.21671, 16.47264
3.49052, 15.90092
3.24001, 19.22719
5.79894, 3.70033
6.18660, 5.68377
8.98078, 6.47910
7.53935, 8.05535
5.44539, 11.41465
2.74668, 10.13807
4.09953, 9.02723
2.70977, 5.36359
-1.41446, 15.81068
0.12023, 18.01609
-3.55971, 18.75828
-4.55050, 17.22587
-6.39096, 17.15654
-5.64116, 15.35154
3.99851, 3.65748
4.68863, 6.60622
-4.27612, 11.31432
-4.02629, 8.70112
-5.38942, 9.88910
-10.72833, 11.25890
-8.10079, 9.97964
-8.92346, 11.63566
-6.41976, 11.40048
-5.64128, 13.64500
-2.00150, 7.31791
-0.51186, 5.38981
0.70389, 6.68018
-0.84055, 8.64396
2.84214, 7.72730
1.28346, 9.07485
-0.37820, 12.15425
-2.01011, 9.98883
1.67393, 0.45319
1.57954, 2.68119
0.05784, 1.46533
1.07272, 4.65900
-1.18256, 3.69991
-2.07396, 0.77625
-3.49595, -0.98160
-1.47361, -3.18909
-7.40851, 12.99215
-7.86387, 15.26545
-9.69744, 15.34697
-10.04681, 13.53758
-13.34683, 14.01198
-1.06017, -0.71011
1.13596, -3.19830
1.41105, -1.37092
-9.43876, 7.21250
-9.56158, 4.13319
-11.27257, 3.62910
-14.19940, 6.99116
-13.21710, 5.46357
-10.69387, 5.84571
-11.78260, 7.64823
-10.29837, 9.52403
-3.80953, 1.05576
-5.60833, 2.25517
-4.08113, 4.29252
-2.57159, 5.35642
-6.32049, 4.78781
-5.67330, 6.50053
-7.14121, 7.45366
-8.12207, 5.23588
-7.12659, -2.27061
-5.20424, -0.08924
-6.75144, 0.87498
-7.57720, 2.52296
-8.16255, -0.19453
-9.19819, 1.64193
-10.67394, -1.60734
-10.29248, -3.41750
-12.72862, 10.41462
-12.18391, 12.41807
-14.54843, 11.72005
-14.08431, 8.99325
-17.28426, 6.94481
-9.91766, -5.30279
-8.57341, -3.56881
-6.76010, -4.91332
-17.37035, 2.98202
-18.25434, 0.95307
-15.82300, 1.97953
-16.02429, -6.69564
-14.28629, -7.16181
-11.81197, -4.97006
-14.41548, -4.46996
-13.75718, -2.25222
-16.99537, -0.53050
-14.62315, 0.40047
-12.56050, -0.94210
-11.86334, 0.78210
-12.87775, 2.16252
-14.93734, 3.50591
-15.48596, 5.25698
-17.74740, 5.20042
-10.07386, -8.91505
-9.97902, -7.07986
-12.27729, -6.70030
-12.38997, -9.14811
-14.20923, -9.01394
-16.03081, -8.91249
-15.45841, -11.01838
-13.39752, -11.72053
-15.89006, -3.43609
-15.36175, -1.36076
-17.28880, -2.28488
-19.74145, -1.12130
-18.55782, -5.16707
-11.61003, -13.57141
-11.64431, -11.44872
-9.70684, -10.72877
