-0.354 1.900
-0.940 -1.188
1.259 -0.149
-1.619 0.615
1.164 -1.909
0.966 3.181
-2.850 -1.266
3.389 -1.341
-1.858 2.851
-1.256 -3.705
3.049 1.630
-3.539 1.032
2.461 -3.165
-0.178 4.592
-3.666 -3.167
4.184 0.299
-3.655 3.245
0.709 -5.891
3.133 4.355
-5.405 -0.625
4.230 -3.038
-1.681 5.878
-2.781 -4.681
5.633 2.636
-5.877 2.506
3.175 -5.188
1.293 5.529
-5.388 -2.742
5.661 -0.807
-4.238 5.062
-1.140 -5.853
5.270 4.425
-6.862 0.440
4.914 -4.734
0.054 7.494
-4.531 -4.989
7.323 1.365
-6.125 4.313
2.200 -7.643
4.214 7.112
-7.720 -2.538
7.057 -2.421
-3.518 6.738
-2.726 -7.099
7.135 3.881
-8.107 1.733
4.581 -6.552
1.816 7.319
-6.866 -4.551
8.363 -0.087
-5.717 6.116
0.669 -8.613
5.893 6.476
-8.362 -0.897
6.699 -4.756
-1.697 8.049
-4.456 -7.477
8.697 2.553
-7.862 3.539
3.422 -9.062
2.952 8.752
-8.665 -4.880
8.985 -2.232
-5.717 7.910
-1.950 -9.403
7.545 5.613
-9.899 1.530
6.441 -6.836
-0.083 9.542
-6.421 -6.568
10.455 0.044
-7.326 6.950
1.296 -10.285
5.899 8.756
-10.879 -2.052
9.529 -5.106
-3.821 9.762
-4.316 -9.287
10.016 4.309
-10.258 3.319
5.196 -9.027
2.401 10.537
-8.258 -6.590
11.109 -1.686
-7.201 9.104
-1.596 -11.207
7.639 7.997
-11.075 0.081
9.064 -7.671
-1.231 10.896
-6.952 -10.005
10.338 1.819
-9.705 6.659
3.250 -11.447
5.432 10.527
-10.383 -4.338
10.308 -3.414
-5.611 9.903
-3.321 -11.671
10.383 6.176
-11.682 2.126
6.869 -9.647
1.346 12.106
-8.526 -8.457
12.249 -0.263
-8.860 8.251
0.562 -12.900
8.526 9.989
-12.871 -1.708
10.663 -6.720
-2.882 11.748
-5.803 -11.418
12.439 3.657
-11.423 4.700
5.091 -11.102
3.961 11.706
-11.137 -5.964
12.443 -3.055
-7.101 10.905
-1.614 -13.037
9.646 7.989
-12.984 0.852
9.077 -9.429
-1.128 12.741
-8.763 -10.189
13.382 1.137
-10.616 8.227
2.605 -13.786
7.333 11.348
-12.102 -3.995
12.387 -6.402
-4.475 12.421
-4.700 -12.791
12.288 6.576
-13.671 3.716
7.364 -12.329
3.021 13.349
-11.428 -7.721
13.834 -1.965
-8.837 10.243
0.237 -14.679
10.361 9.804
-14.263 -0.499
11.522 -9.060
-2.775 14.288
-7.711 -11.637
14.187 2.836
-12.751 7.287
4.909 -13.203
6.186 12.980
-13.295 -6.392
14.208 -5.007
-6.674 12.701
-3.551 -14.323
12.962 8.624
-14.615 2.212
9.902 -11.732
0.214 14.163
-10.410 -10.890
15.411 -0.075
-10.574 10.118
1.911 -15.473
9.035 12.414
-14.249 -2.954
13.130 -8.069
-4.335 15.251
-6.894 -14.748
13.833 5.416
-14.139 5.466
7.245 -14.076
3.546 15.059
-13.103 -8.173
15.742 -2.778
-9.272 11.984
-1.765 -14.880
12.257 11.069
-15.912 0.097
11.541 -11.048
-0.581 15.806
-9.718 -12.624
16.145 2.256
-12.643 9.093
4.019 -15.976
7.386 14.318
-15.803 -5.580
14.791 -6.746
-6.779 14.853
-4.608 -15.751
14.095 7.237
-16.027 3.434
9.315 -13.486
3.191 16.784
-12.296 -10.751
16.785 -1.232
-11.081 12.036
-0.009 -16.872
11.226 12.619
-17.314 -2.177
13.929 -9.690
-2.620 16.112
-8.287 -13.591
15.601 4.397
-15.058 8.073
5.995 -15.669
5.745 15.380
-15.280 -7.294
16.851 -4.211
-9.807 14.403
-2.740 -16.990
14.453 9.991
-17.564 0.744
12.144 -12.768
-0.161 17.547
-11.569 -12.808
17.709 1.375
-13.221 10.848
2.389 -17.232
9.033 14.921
-16.909 -3.958
15.226 -8.462
-5.944 16.637
-6.573 -16.589
15.553 8.173
-17.878 5.166
9.759 -15.875
3.865 18.494
-13.999 -10.151
18.170 -2.404
-11.734 14.206
-1.342 -18.140
12.830 13.470
-18.791 -0.874
14.077 -11.664
-2.466 17.843
-10.809 -14.449
17.386 3.941
-16.564 9.536
4.725 -18.105
7.259 16.433
-17.495 -6.873
17.967 -6.927
-8.412 15.482
-5.093 -17.638
16.072 10.877
-18.260 3.370
11.137 -14.767
1.745 18.909
-14.002 -13.554
19.010 -0.393
-14.005 13.384
2.401 -19.237
11.447 15.473
-19.202 -2.652
16.512 -10.855
-5.300 18.234
-8.262 -17.196
