-0.374 -1.896
1.313 0.756
-1.115 0.604
1.277 -1.170
-0.376 2.204
-2.074 -2.598
3.116 0.123
-2.653 2.499
0.672 -3.336
2.537 2.978
-3.436 -0.387
2.906 -2.268
-1.116 3.850
-1.533 -4.333
4.578 1.587
-3.998 1.269
2.196 -4.366
1.519 5.736
-4.521 -2.888
5.253 -1.418
-2.807 4.387
-0.612 -6.082
4.314 3.321
-6.208 -0.366
4.534 -4.501
-1.032 5.995
-3.246 -4.660
6.020 0.555
-4.961 2.843
2.066 -6.270
3.223 5.017
-6.533 -2.163
6.213 -2.946
-2.815 6.215
-2.821 -6.943
6.055 2.960
-7.308 1.439
4.097 -6.272
0.781 7.915
-6.545 -5.050
8.111 -0.497
-5.662 4.859
0.777 -7.561
5.158 5.588
-8.064 -0.968
6.891 -4.607
-1.834 7.781
-4.393 -6.129
8.062 1.690
-7.738 3.173
3.051 -7.796
2.563 8.250
-7.870 -3.838
8.101 -2.259
-4.466 6.896
-1.399 -8.106
6.904 5.299
-9.024 0.844
5.997 -6.195
0.171 9.685
-5.979 -7.041
9.855 1.330
-7.523 5.396
2.387 -9.463
5.289 8.015
-9.085 -2.425
8.632 -5.082
-3.457 8.733
-3.451 -8.897
8.395 3.728
-9.731 3.825
4.237 -9.166
2.599 10.036
-8.718 -5.954
10.867 -2.116
-6.966 8.268
-0.059 -10.483
7.443 7.033
-10.900 -0.300
8.304 -6.876
-1.490 10.309
-6.127 -8.902
10.109 3.070
-9.698 5.674
3.325 -11.121
5.627 9.823
-10.054 -4.606
10.260 -4.170
-5.585 10.479
-2.886 -10.579
10.158 6.726
-10.278 2.132
6.555 -9.776
1.213 11.837
-8.940 -7.772
11.251 0.192
-8.315 6.983
1.552 -11.276
7.401 9.616
-11.930 -1.899
10.068 -6.295
-2.816 11.503
-5.727 -10.750
11.049 4.706
-11.284 4.773
5.182 -10.943
4.248 12.194
-11.615 -6.128
12.590 -3.172
-7.423 10.186
-1.666 -11.981
9.614 8.463
-12.909 1.202
8.875 -8.591
-0.625 12.198
-8.009 -9.412
12.553 1.423
-10.431 7.440
2.566 -12.758
6.321 11.517
-11.916 -3.857
11.749 -5.592
-4.947 12.117
-3.663 -12.255
11.909 6.227
-12.854 3.892
6.821 -11.569
2.677 13.773
-11.010 -7.832
12.721 -0.763
-9.142 10.528
-0.435 -13.196
9.097 10.147
-13.849 -1.566
11.328 -8.507
-2.283 14.178
-7.743 -11.286
13.473 2.948
-12.127 6.941
4.424 -12.784
5.207 13.726
-13.252 -5.279
13.437 -4.810
-7.355 12.678
-2.705 -14.302
11.467 7.962
-14.230 2.611
9.153 -11.486
0.320 14.083
-10.547 -9.773
14.716 1.023
-11.350 9.905
1.505 -14.269
8.595 11.995
-15.232 -3.221
12.762 -7.459
-4.862 14.562
-5.436 -13.080
13.699 6.269
-14.291 5.768
6.083 -13.311
3.945 15.083
-12.985 -8.194
14.331 -2.524
-9.216 12.352
-1.611 -15.773
11.858 11.154
-14.855 0.082
11.116 -10.307
-1.527 15.758
-8.863 -12.681
15.196 2.749
-13.599 8.402
4.184 -14.563
7.141 13.173
-15.481 -5.753
14.749 -5.974
-6.638 14.533
-5.304 -14.901
13.697 8.137
-15.835 3.874
8.385 -13.123
2.173 16.330
-12.156 -10.572
16.747 -0.658
-11.248 11.737
0.807 -16.307
10.105 12.931
-15.772 -1.513
13.621 -9.116
-3.668 15.974
-9.171 -14.415
15.400 5.442
-15.140 7.350
5.845 -15.281
6.247 15.673
-15.096 -7.574
16.892 -4.379
-9.359 14.154
-3.523 -15.939
12.725 9.564
-16.121 1.683
11.006 -13.068
0.224 16.775
-11.024 -12.166
16.894 1.127
-14.100 10.143
3.786 -17.009
8.828 14.773
-17.123 -3.939
16.044 -7.186
-6.562 16.353
-6.339 -16.363
15.485 7.623
-16.962 5.270
8.273 -14.968
4.152 16.894
-13.910 -10.523
17.175 -2.575
-11.018 13.492
-0.629 -17.656
12.241 12.983
-17.473 -1.843
14.701 -11.410
-3.197 18.359
-10.429 -15.754
16.760 4.255
-15.993 8.952
5.650 -17.538
7.954 16.358
-16.901 -7.771
17.783 -6.135
-8.767 16.042
-4.306 -17.490
15.385 9.429
-17.611 2.767
11.864 -14.985
2.304 18.569
-12.821 -12.584
18.797 -0.083
-14.132 13.079
2.092 -17.495
11.254 14.505
-18.955 -4.163
15.720 -9.882
-4.888 17.838
-8.613 -16.924
18.021 7.416
-17.517 7.394
8.064 -17.614
4.882 18.761
-16.357 -10.144
18.822 -4.636
-11.329 16.191
-1.818 -18.901
14.035 12.923
