0.827 -1.746
0.606 1.388
-1.256 -0.178
1.723 -0.181
-1.613 1.548
-0.122 -3.322
2.432 1.952
-3.620 0.431
2.525 -2.282
0.268 3.903
-2.531 -2.355
3.685 -0.094
-3.188 2.431
1.345 -4.395
2.736 3.998
-3.968 -1.358
4.363 -2.203
-2.191 5.515
-1.917 -5.011
5.066 1.985
-4.866 1.857
3.126 -5.253
1.493 5.236
-4.772 -3.987
6.322 -0.921
-4.395 4.205
0.163 -5.676
4.509 4.027
-5.679 -0.665
5.391 -3.811
-0.393 5.950
-3.965 -5.625
6.747 1.328
-5.960 3.322
1.862 -7.259
3.106 5.981
-6.731 -3.191
7.024 -2.605
-4.080 6.827
-2.257 -7.953
6.816 4.425
-7.442 0.538
5.122 -5.616
0.823 7.560
-5.907 -5.575
8.280 0.395
-6.102 5.164
0.114 -7.540
5.476 6.154
-8.107 -2.052
7.090 -4.452
-2.847 8.157
-4.044 -7.767
7.855 3.003
-7.691 2.887
3.697 -7.349
2.398 8.367
-7.756 -4.690
8.506 -1.413
-5.623 7.887
-0.618 -9.216
7.131 6.931
-9.257 -0.137
7.548 -6.187
-0.516 9.589
-5.861 -7.354
9.962 1.049
-7.973 4.964
2.518 -9.204
4.531 7.990
-10.097 -2.714
8.858 -4.848
-3.880 9.613
-3.466 -9.972
9.994 4.763
-10.518 2.503
6.188 -8.462
1.800 10.081
-8.583 -6.725
10.766 -0.588
-7.330 7.400
0.370 -10.801
6.300 8.481
-11.171 -1.208
9.288 -6.962
-1.320 11.243
-5.343 -9.683
10.728 2.751
-10.723 5.101
3.973 -10.221
4.165 11.449
-9.530 -4.399
11.084 -3.959
-6.066 10.237
-2.563 -11.565
8.930 6.846
-10.838 0.667
7.954 -8.141
0.229 12.132
-8.461 -8.623
11.837 0.929
-9.106 7.572
1.791 -12.048
6.083 10.355
-11.910 -2.875
10.674 -5.714
-3.838 12.329
-5.691 -11.835
12.007 4.939
-12.026 3.773
5.788 -10.622
2.694 12.522
-11.092 -6.713
12.245 -1.626
-7.758 9.433
-0.839 -12.330
9.245 8.611
-12.811 -0.225
9.651 -8.729
-1.769 13.017
-7.285 -10.188
12.771 2.493
-11.185 6.798
4.345 -12.030
5.869 12.089
-12.648 -4.517
12.365 -5.243
-6.041 12.663
-4.191 -12.845
10.680 6.953
-13.611 3.025
7.500 -10.866
1.277 13.568
-10.201 -9.497
14.166 -0.100
-10.269 10.039
0.489 -13.678
9.076 10.384
-13.877 -1.634
11.160 -7.646
-3.979 14.131
-7.513 -12.126
13.663 4.126
-13.454 5.816
6.332 -13.105
4.482 13.221
-12.992 -6.366
14.190 -3.788
-8.119 11.511
-2.665 -14.129
11.221 9.576
-15.015 1.211
9.697 -10.575
-0.225 14.755
-10.329 -11.650
14.695 1.595
-12.570 8.814
3.411 -13.748
7.283 13.188
-14.919 -3.864
12.807 -7.082
-5.800 14.471
-5.565 -14.310
13.021 6.495
-14.755 4.448
8.087 -13.638
2.898 16.020
-11.990 -8.770
15.066 -1.673
-10.601 11.758
0.419 -15.465
10.580 11.249
-15.929 -1.335
12.026 -9.218
-2.095 14.837
-9.023 -13.833
15.409 3.971
-13.981 7.734
4.599 -15.133
6.171 14.688
-15.033 -6.305
14.546 -5.562
-7.967 14.419
-3.483 -15.729
13.854 9.432
-16.023 2.744
10.348 -12.629
0.431 16.406
-11.779 -10.597
16.372 0.774
-12.451 10.659
1.202 -17.043
9.142 13.535
-16.542 -3.097
13.788 -8.807
-4.301 16.315
-7.630 -15.068
16.184 6.528
-15.942 5.811
6.649 -14.908
4.541 15.257
-13.960 -8.237
16.620 -3.959
-9.798 13.618
-1.625 -16.338
12.910 10.955
-17.368 -0.234
13.161 -11.420
-1.691 17.126
-11.421 -13.351
17.171 3.767
-15.002 9.242
4.638 -16.924
7.913 15.338
-16.770 -5.853
15.554 -7.111
-6.712 16.050
-4.922 -16.733
15.337 8.146
-16.882 4.292
9.997 -14.567
2.118 17.717
-12.950 -11.874
18.604 -0.427
-13.490 12.856
0.987 -18.867
10.942 13.390
-18.181 -2.317
14.974 -10.737
-3.336 17.881
-8.964 -16.300
17.944 5.646
-16.590 7.681
6.942 -16.621
6.759 16.731
-15.802 -8.251
18.450 -4.989
-9.193 16.298
-2.821 -17.742
15.159 11.114
-19.140 2.107
12.088 -12.820
0.419 18.354
-12.760 -14.621
18.515 1.406
-14.540 11.432
3.143 -18.727
10.075 16.681
-18.480 -4.476
16.959 -9.362
-7.235 17.986
-7.114 -17.884
17.888 7.469
-18.738 6.277
9.781 -16.275
3.595 18.736
