1.363 1.370
-1.511 0.100
0.593 -1.121
-0.413 1.682
-0.910 -2.043
3.167 1.011
-2.660 1.627
0.821 -3.551
1.292 3.149
-3.763 -1.070
3.073 -1.584
-1.160 3.499
-1.208 -3.823
3.679 2.754
-4.689 1.220
2.622 -3.274
0.595 4.851
-4.446 -3.929
5.364 -0.106
-3.583 4.095
-0.099 -5.207
3.884 4.721
-5.432 -0.369
5.368 -3.140
-1.275 6.261
-2.468 -5.560
5.285 2.076
-5.317 2.878
2.550 -5.118
1.760 6.363
-5.465 -2.385
6.635 -1.825
-3.535 5.898
-1.106 -6.733
6.199 4.211
-6.680 0.897
5.282 -5.252
0.072 7.491
-5.042 -6.151
8.247 0.570
-6.472 4.914
2.014 -7.184
3.549 6.722
-7.391 -1.787
7.246 -3.670
-3.177 7.657
-2.792 -7.491
7.055 2.661
-7.645 3.067
4.677 -6.933
1.788 8.179
-6.710 -5.442
8.678 -1.174
-5.486 6.374
-0.111 -8.214
5.662 5.968
-8.684 -0.578
7.040 -5.709
-1.551 8.481
-5.516 -7.962
8.881 2.540
-8.937 4.361
3.265 -8.663
3.265 9.197
-8.847 -3.734
8.904 -3.023
-4.362 9.017
-1.970 -9.183
7.807 5.487
-9.052 1.556
5.973 -8.581
1.561 9.977
-7.731 -6.907
10.557 0.117
-7.867 7.790
1.208 -10.744
5.866 8.689
-10.095 -1.721
9.235 -5.798
-3.093 10.328
-4.480 -9.403
10.037 4.007
-10.114 3.055
4.920 -10.101
3.404 11.097
-10.131 -5.050
10.920 -1.747
-6.222 9.162
-1.168 -11.817
8.270 7.200
-12.183 0.041
7.367 -7.476
-0.030 11.770
-7.577 -9.175
11.750 1.506
-9.467 6.083
3.043 -10.423
4.965 10.242
-11.492 -3.894
10.979 -5.040
-4.884 10.823
-4.040 -11.132
10.729 5.766
-11.803 2.215
6.739 -10.232
1.761 11.979
-10.300 -7.788
13.063 -1.346
-8.715 9.624
0.523 -12.593
8.033 9.043
-12.694 -1.707
10.073 -8.162
-2.617 12.072
-6.247 -10.495
11.885 3.387
-11.233 5.781
4.551 -11.977
4.944 12.038
-11.648 -6.074
12.054 -3.403
-6.672 11.171
-2.607 -12.826
9.847 8.163
-13.363 1.427
8.535 -10.370
0.744 13.410
-9.868 -9.973
13.505 0.408
-10.160 7.693
1.764 -13.831
7.683 10.737
-13.198 -3.394
12.391 -6.381
-4.704 13.363
-5.967 -13.062
12.704 5.093
-12.844 5.023
6.238 -12.503
3.413 13.090
-11.948 -8.531
13.954 -2.961
-8.510 11.457
-0.915 -14.629
10.186 10.397
-13.957 -0.261
10.390 -10.068
-1.242 14.634
-8.080 -11.538
14.197 2.278
-12.811 7.314
3.947 -14.538
6.665 12.706
-13.806 -5.210
14.460 -5.772
-6.478 13.287
-4.035 -14.813
11.780 7.866
-14.875 2.385
8.689 -12.728
2.325 14.449
-11.651 -10.360
15.349 -0.388
-10.522 10.051
0.813 -15.390
10.092 12.229
-16.054 -2.700
12.313 -8.311
-3.529 14.742
-7.472 -13.957
14.409 5.633
-14.168 6.145
6.652 -14.535
4.599 14.437
-13.250 -6.997
16.071 -3.804
-8.956 13.153
-2.541 -15.774
12.681 9.454
-15.910 0.831
11.025 -12.009
0.306 15.570
-10.868 -12.380
15.979 2.051
-13.567 9.840
2.846 -16.006
8.377 14.014
-15.582 -5.151
13.961 -7.493
-6.274 15.142
-5.811 -15.325
15.628 6.904
-15.831 4.017
8.517 -14.515
3.615 15.956
-13.893 -9.573
16.762 -2.075
-11.624 13.016
-0.067 -16.968
11.774 11.306
-15.893 -0.896
12.479 -10.345
-1.905 16.979
-9.494 -13.832
15.922 4.005
-14.681 8.436
6.103 -16.262
6.287 16.251
-15.541 -7.392
16.431 -6.223
-9.361 14.880
-3.614 -17.246
14.352 10.096
-17.112 2.250
11.187 -13.796
1.422 17.043
-12.828 -11.752
17.411 1.037
-12.860 11.671
1.680 -17.338
10.320 14.340
-17.387 -4.009
15.559 -8.162
-5.900 17.649
-7.526 -17.048
17.418 7.320
-16.305 5.759
8.339 -16.322
5.030 17.726
-15.694 -9.196
18.373 -2.913
-11.390 14.971
-1.607 -18.211
13.287 12.162
-18.031 0.692
13.116 -12.073
-1.556 19.049
-12.220 -14.170
17.648 3.356
-15.592 10.498
4.501 -18.722
7.967 15.716
-17.411 -5.823
18.079 -7.053
-7.595 16.944
-5.831 -17.553
16.556 9.301
-19.107 3.829
10.471 -15.871
3.064 19.128
-14.472 -12.900
19.236 -0.636
-13.087 14.300
0.441 -19.756
11.999 14.716
-18.846 -2.964
