-0.918 1.701
-0.532 -1.418
1.245 0.243
-1.730 0.091
1.692 -1.462
-0.053 3.324
-2.326 -2.076
3.637 -0.241
-2.641 2.147
-0.063 -3.912
2.405 2.484
-3.685 -0.099
3.310 -2.261
-1.573 4.318
-2.523 -4.136
3.892 1.564
-4.472 1.972
2.476 -5.392
1.652 5.104
-4.955 -2.247
4.956 -1.600
-3.397 5.083
-1.216 -5.307
4.557 4.232
-6.362 0.589
4.609 -3.969
-0.459 5.660
-4.292 -4.258
5.637 0.962
-5.583 3.524
0.704 -5.921
3.665 5.824
-6.668 -1.679
6.126 -3.005
-2.239 7.151
-2.789 -6.136
6.555 3.539
-7.151 2.234
4.431 -6.604
1.838 8.060
-6.575 -4.776
7.460 -0.148
-5.409 5.340
-0.426 -7.592
5.607 5.876
-8.248 -0.828
6.364 -4.838
-0.509 7.524
-5.146 -6.432
7.989 2.473
-7.313 4.075
3.270 -7.997
3.632 7.968
-7.687 -3.410
7.832 -2.480
-4.076 7.145
-1.957 -8.481
7.500 5.089
-8.568 0.966
6.028 -7.582
0.135 9.236
-6.758 -7.295
9.237 0.622
-7.861 5.784
1.018 -9.549
5.468 7.650
-9.893 -1.569
8.222 -4.540
-2.996 9.060
-4.106 -8.216
9.941 3.238
-9.100 4.378
4.378 -9.397
2.940 10.140
-9.731 -5.280
10.634 -1.949
-6.622 8.127
-1.270 -10.161
8.219 7.165
-10.782 0.024
7.707 -7.007
-0.935 10.766
-5.848 -8.799
11.092 1.791
-9.640 6.466
1.906 -11.158
4.829 9.949
-10.569 -3.309
10.975 -4.533
-4.503 9.999
-3.560 -11.651
9.287 4.892
-11.276 3.374
6.594 -9.905
1.954 11.683
-8.560 -7.304
10.858 -0.099
-8.369 7.714
0.406 -12.127
7.998 9.054
-11.773 -1.547
9.490 -7.085
-2.419 11.938
-5.532 -10.659
11.743 3.494
-10.959 5.148
4.478 -12.111
5.064 12.117
-11.732 -5.561
12.207 -3.139
-6.336 10.304
-2.035 -12.646
10.726 7.284
-12.313 0.983
8.241 -9.014
0.193 12.357
-8.781 -9.083
12.781 0.895
-10.095 8.212
2.448 -12.907
6.742 10.556
-12.623 -3.158
11.525 -6.203
-4.969 11.786
-5.229 -12.380
12.394 5.173
-12.622 4.588
6.695 -12.330
3.513 13.047
-10.301 -7.503
13.751 -2.309
-8.058 10.458
-0.565 -13.616
9.690 10.017
-14.152 -0.641
10.780 -9.488
-1.204 13.634
-8.521 -10.844
13.773 2.358
-11.545 7.051
4.713 -13.904
6.868 12.502
-13.428 -4.835
13.740 -5.104
-7.010 12.756
-3.784 -13.437
12.641 7.037
-14.369 3.040
8.711 -11.070
1.922 14.250
-10.705 -10.150
15.058 -0.424
-10.238 10.053
0.997 -14.723
9.705 12.174
-14.592 -2.362
13.014 -8.144
-4.126 13.551
-6.583 -13.551
14.696 4.639
-13.160 6.402
6.550 -14.148
4.808 14.582
-12.664 -7.168
14.968 -3.669
-8.790 13.196
-2.055 -16.150
11.515 9.386
-15.133 0.882
11.201 -11.187
-1.227 15.422
-9.977 -11.787
15.838 2.167
-12.492 8.576
2.869 -14.707
8.286 14.286
-15.180 -4.772
14.366 -6.991
-5.385 14.872
-5.394 -14.991
14.683 7.083
-14.817 4.793
8.711 -13.982
2.655 15.890
-13.341 -10.144
16.145 -1.901
-10.995 12.070
0.428 -16.406
11.208 11.199
-16.309 -1.630
12.991 -9.993
-2.093 16.956
-8.421 -13.995
16.358 3.958
-14.230 8.073
5.149 -16.067
6.831 15.446
-15.820 -7.366
16.224 -4.968
-7.420 14.540
-3.736 -15.474
13.510 8.956
-16.805 3.084
10.498 -13.087
0.768 16.400
-12.319 -11.616
17.332 1.142
-13.740 10.716
2.585 -17.014
10.707 13.931
-16.951 -4.661
15.465 -8.444
-5.517 16.658
-7.100 -15.731
16.441 6.722
-15.905 6.287
7.543 -15.677
4.040 16.968
-14.890 -8.938
17.084 -3.403
-10.746 14.024
-1.187 -17.804
12.310 12.536
-18.601 -0.547
14.145 -12.132
-1.973 18.790
-10.226 -13.944
18.035 3.265
-15.515 9.938
4.267 -17.682
8.099 16.747
-17.624 -6.577
16.969 -6.802
-7.803 16.235
-5.874 -17.061
15.349 9.067
-18.686 4.016
10.033 -15.794
1.889 17.865
-14.557 -11.892
19.224 -1.103
-12.742 12.169
0.543 -18.351
11.978 15.269
-18.416 -2.374
15.118 -10.655
-4.119 18.537
-9.188 -17.185
18.220 5.437
-17.426 8.462
8.166 -17.582
6.169 18.232
-17.473 -8.395
19.040 -5.288
-10.620 15.741
-2.610 -18.899
