1.880 0.446
-1.232 0.881
-0.087 -1.265
0.535 1.647
-1.850 -1.256
3.224 -0.810
-1.404 2.784
-1.174 -3.451
2.757 1.995
-3.762 1.073
1.777 -2.966
0.858 3.585
-3.041 -2.612
4.578 0.402
-3.342 3.507
0.503 -4.164
3.062 3.809
-5.850 -0.996
4.503 -2.917
-0.888 5.368
-2.828 -4.373
5.788 1.966
-4.811 2.549
2.908 -5.497
2.216 5.993
-5.027 -3.425
5.586 -1.021
-3.002 5.248
-0.530 -5.693
4.849 4.481
-5.902 0.853
4.677 -5.048
0.104 6.875
-4.488 -5.139
7.487 0.312
-5.205 4.282
1.722 -7.247
4.008 6.329
-7.526 -2.571
7.309 -3.861
-2.912 7.587
-2.074 -7.167
6.558 3.843
-7.223 2.376
4.225 -6.937
1.335 8.182
-6.320 -4.895
7.399 -1.456
-4.881 6.636
0.321 -8.357
5.829 6.009
-8.570 -1.089
6.757 -5.570
-1.304 8.308
-4.423 -6.923
7.957 2.088
-7.685 4.085
2.975 -8.562
3.151 8.026
-8.884 -3.860
8.886 -2.521
-5.297 8.416
-1.790 -9.084
7.621 6.096
-9.487 1.489
5.974 -7.261
1.045 9.962
-6.513 -6.767
9.527 0.549
-6.874 6.093
0.555 -10.441
6.584 7.657
-10.210 -1.797
9.034 -5.464
-2.581 10.766
-4.635 -9.767
9.564 4.293
-9.486 3.857
4.793 -9.794
2.814 10.408
-8.763 -5.631
10.641 -1.883
-6.986 7.926
-1.141 -11.178
8.741 7.638
-11.272 1.047
8.360 -7.239
-0.460 11.065
-7.219 -9.428
10.823 1.761
-10.333 6.455
2.322 -10.236
6.177 10.019
-11.274 -3.805
10.779 -4.912
-4.840 10.159
-2.906 -10.462
9.617 6.088
-11.819 2.747
6.675 -10.069
1.553 11.772
-9.300 -7.332
12.157 -0.753
-8.864 8.102
0.336 -12.247
7.809 9.253
-12.857 -1.191
10.393 -8.028
-2.335 12.772
-6.191 -10.978
11.593 3.453
-11.688 5.238
4.260 -12.245
4.137 11.639
-10.840 -5.627
11.886 -3.384
-6.501 10.833
-2.444 -12.577
10.545 7.625
-13.101 0.976
8.451 -9.244
0.216 13.010
-8.975 -9.527
12.671 1.749
-10.605 8.255
1.789 -13.311
7.699 11.005
-13.642 -3.276
11.693 -6.770
-4.581 11.892
-5.789 -12.685
12.188 5.077
-13.006 4.070
7.168 -11.952
3.043 13.836
-11.954 -7.957
13.481 -2.366
-8.270 11.037
-1.287 -13.914
9.799 9.327
-14.650 -0.954
10.299 -9.870
-1.195 14.222
-8.487 -11.951
14.136 3.469
-12.000 7.133
3.525 -14.032
6.656 13.092
-12.948 -5.549
13.266 -5.545
-7.034 12.967
-4.307 -14.435
12.360 7.287
-14.479 2.847
9.247 -12.525
1.496 14.706
-11.235 -10.463
14.157 0.478
-11.385 9.866
0.677 -15.396
9.590 11.055
-15.361 -2.665
12.841 -8.418
-3.646 14.087
-7.418 -13.508
15.021 5.075
-15.067 6.165
6.086 -13.552
4.769 14.389
-13.705 -7.924
15.215 -2.806
-8.803 12.688
-2.006 -15.859
11.517 9.847
-14.948 1.036
11.654 -11.702
-0.680 15.898
-10.471 -12.067
15.759 1.352
-13.084 9.090
3.042 -16.016
8.465 13.072
-15.760 -4.795
14.661 -6.678
-6.346 15.512
-6.015 -15.103
14.504 7.497
-15.958 3.833
7.917 -13.725
2.647 16.175
-13.015 -9.962
16.920 -2.367
-11.338 11.756
-0.410 -16.825
11.481 11.656
-16.852 -0.815
13.152 -10.596
-3.021 17.187
-8.998 -14.386
15.965 3.404
-13.980 7.613
5.154 -15.368
7.328 15.434
-15.358 -6.753
15.643 -4.986
-8.032 14.906
-3.382 -17.037
13.907 10.499
-17.103 1.907
10.685 -13.947
-0.115 17.579
-12.159 -12.753
17.518 1.018
-13.358 10.929
2.238 -17.620
10.189 13.735
-17.095 -3.228
15.344 -8.294
-4.779 16.696
-7.708 -15.621
16.327 6.750
-16.890 5.755
8.923 -15.135
4.286 18.109
-15.380 -10.523
18.660 -2.957
-10.822 13.486
-1.514 -18.266
13.615 12.414
-18.184 0.454
14.080 -12.157
-1.791 18.726
-10.962 -14.630
17.701 3.335
-14.960 10.090
4.785 -17.173
8.715 17.010
-17.853 -5.604
16.768 -6.448
-7.719 17.139
-6.041 -18.283
15.053 9.159
-17.866 4.226
11.649 -15.522
2.474 18.403
-14.205 -11.845
18.972 -0.820
-14.221 13.323
0.536 -19.007
12.684 14.642
-19.097 -3.338
16.014 -10.677
-3.586 19.050
-10.036 -17.023
17.953 6.184
-17.579 7.412
