-0.433 -1.883
1.336 0.714
-1.096 0.639
1.239 -1.210
-0.306 2.215
-2.154 -2.532
3.118 0.025
-2.574 2.581
0.567 -3.356
2.629 2.897
-3.446 -0.279
2.834 -2.358
-0.995 3.884
-1.668 -4.282
4.625 1.442
-3.956 1.394
2.058 -4.433
1.699 5.686
-4.610 -2.744
5.206 -1.583
-2.668 4.473
-0.803 -6.060
4.417 3.184
-6.217 -0.171
4.391 -4.642
-0.843 6.024
-3.390 -4.555
6.035 0.366
-4.869 2.998
1.868 -6.332
3.379 4.913
-6.598 -1.957
6.118 -3.140
-2.619 6.301
-3.037 -6.851
6.145 2.769
-7.260 1.668
3.898 -6.397
1.030 7.886
-6.700 -4.842
8.092 -0.751
-5.506 5.035
0.539 -7.582
5.331 5.423
-8.091 -0.714
6.743 -4.822
-1.588 7.835
-4.583 -5.988
8.111 1.436
-7.634 3.415
2.804 -7.888
2.821 8.166
-7.987 -3.589
8.026 -2.512
-4.247 7.032
-1.653 -8.058
7.067 5.080
-8.993 1.127
5.799 -6.381
0.475 9.675
-6.197 -6.849
9.892 1.020
-7.350 5.630
2.088 -9.534
5.538 7.845
-9.157 -2.139
8.468 -5.351
-3.181 8.837
-3.729 -8.784
8.508 3.463
-9.606 4.128
3.947 -9.295
2.913 9.949
-8.901 -5.678
10.795 -2.456
-6.703 8.483
-0.389 -10.476
7.661 6.796
-10.904 0.042
8.084 -7.134
-1.165 10.350
-6.403 -8.706
10.201 2.751
-9.515 5.975
2.974 -11.220
5.932 9.641
-10.194 -4.288
10.124 -4.490
-5.253 10.649
-3.216 -10.483
10.364 6.403
-10.206 2.454
6.245 -9.977
1.584 11.793
-9.179 -7.487
11.252 -0.162
-8.092 7.241
1.197 -11.319
7.699 9.379
-11.984 -1.523
9.865 -6.608
-2.453 11.586
-6.062 -10.565
11.191 4.356
-11.128 5.125
4.835 -11.100
4.629 12.054
-11.802 -5.761
12.484 -3.566
-7.099 10.415
-2.041 -11.923
9.875 8.157
-12.865 1.607
8.601 -8.865
-0.242 12.211
-8.300 -9.156
12.592 1.028
-10.193 7.764
2.164 -12.832
6.679 11.312
-12.032 -3.480
11.568 -5.958
-4.564 12.267
-4.046 -12.134
12.099 5.850
-12.726 4.294
6.454 -11.778
3.108 13.682
-11.250 -7.483
12.691 -1.162
-8.807 10.810
-0.849 -13.175
9.411 9.856
-13.891 -1.130
11.055 -8.859
-1.837 14.243
-8.094 -11.037
13.559 2.523
-11.903 7.318
4.020 -12.917
5.636 13.556
-13.411 -4.860
13.279 -5.230
-6.954 12.903
-3.153 -14.210
11.711 7.597
-14.141 3.057
8.788 -11.768
0.762 14.066
-10.849 -9.436
14.741 0.560
-11.033 10.257
1.056 -14.309
8.968 11.719
-15.326 -2.741
12.521 -7.857
-4.402 14.708
-5.844 -12.903
13.889 5.835
-14.103 6.214
5.662 -13.495
4.417 14.952
-13.236 -7.782
14.245 -2.973
-8.823 12.636
-2.106 -15.715
12.203 10.776
-14.845 0.549
10.786 -10.651
-1.031 15.798
-9.257 -12.396
15.275 2.270
-13.329 8.825
3.725 -14.687
7.551 12.942
-15.654 -5.263
14.554 -6.434
-6.179 14.734
-5.770 -14.727
13.946 7.702
-15.706 4.369
7.969 -13.380
2.684 16.253
-12.482 -10.185
16.718 -1.184
-10.874 12.084
0.294 -16.324
10.507 12.608
-15.812 -1.016
13.328 -9.539
-3.165 16.082
-9.619 -14.120
15.563 4.956
-14.901 7.822
5.362 -15.457
6.736 15.469
-15.327 -7.096
16.746 -4.907
-8.910 14.441
-4.022 -15.820
13.019 9.159
-16.061 2.188
10.590 -13.408
0.751 16.760
-11.401 -11.814
16.921 0.596
-13.774 10.581
3.250 -17.119
9.287 14.488
-17.238 -3.399
15.811 -7.686
-6.046 16.551
-6.850 -16.156
15.716 7.133
-16.788 5.800
7.799 -15.220
4.680 16.756
-14.234 -10.081
17.085 -3.113
-10.588 13.832
-1.183 -17.628
12.643 12.592
-17.522 -1.293
14.335 -11.866
-2.619 18.450
-10.919 -15.419
16.885 3.727
-15.704 9.450
5.097 -17.707
8.464 16.100
-17.137 -7.236
17.581 -6.691
-8.259 16.310
-4.853 -17.347
15.674 8.941
-17.515 3.319
11.387 -15.350
2.886 18.488
-13.210 -12.175
18.785 -0.673
-13.714 13.516
1.541 -17.552
11.704 14.145
-19.076 -3.566
15.402 -10.371
-4.325 17.983
-9.140 -16.645
18.245 6.846
-17.277 7.941
7.507 -17.858
5.469 18.599
-16.667 -9.626
18.667 -5.225
-10.814 16.539
-2.411 -18.834
14.434 12.476
