15.70063, -4.14134
17.61297, -0.87199
17.97732, 5.04521
17.79275, 7.48814
16.11604, 5.13262
15.41045, 8.24156
13.67235, 8.55333
14.15229, 6.08289
19.42387, 1.18730
15.83153, -0.96043
15.56891, 0.79052
12.42480, 1.97868
12.10078, -0.00848
13.96892, -0.56322
12.58143, -3.19337
14.72327, -2.37168
10.75480, 11.15177
11.32061, 12.86708
7.42621, 12.10837
9.45022, 9.99406
5.57508, 11.57119
7.37616, 9.77504
9.45626, 8.07285
11.97044, 8.02721
12.10904, 6.00198
12.46763, 4.26154
13.93573, 3.17907
16.24441, 3.29210
17.55564, 1.22284
14.71967, 10.45715
12.81259, 10.32630
12.80490, 13.97345
8.40721, 2.60147
9.40456, 0.97353
10.68155, 3.01627
10.84138, -1.37421
8.18649, -0.29957
6.80305, 1.16397
6.21698, -0.60154
3.76776, -1.84808
9.59655, 4.55603
10.07250, 6.26997
7.46679, 7.83468
7.03437, 6.03641
5.35352, 5.40130
3.98235, 4.11491
7.27143, 3.99480
4.94053, 2.13446
4.77611, 18.43131
3.39278, 17.34655
6.02890, 15.22548
4.09496, 15.33731
2.54139, 12.96817
3.55209, 11.58374
4.95835, 13.74822
7.61290, 13.91306
4.50050, -3.55558
7.00321, -2.52260
8.80825, -2.22754
9.06872, -5.25236
9.84113, -3.67965
8.83568, 15.19864
11.23535, 15.41927
6.98878, 16.63952
1.57111, 5.94778
2.25362, 4.05502
3.89207, 6.46491
0.79238, 14.37020
1.76982, 16.28098
0.69450, 17.66042
-1.03649, 17.40612
-2.82914, 18.24708
4.84647, 8.29248
4.53697, 10.03624
2.70663, 7.82885
1.72747, 10.37981
-0.87473, 9.77619
0.46505, 7.60736
-1.01868, 6.55230
-0.10924, 3.39395
-4.91722, 10.71849
-4.96361, 7.09659
-7.11401, 8.14007
-7.68094, 6.37622
-6.05911, 5.68284
-3.76052, 5.21844
-2.50067, 2.74953
-1.46276, 4.68608
-1.82152, 15.06653
-2.34767, 13.34039
-1.53146, 11.56882
-0.50141, 13.05024
0.24299, 11.39627
-3.05437, 6.88103
-1.75254, 8.20404
-2.73409, 9.76736
-7.41018, 9.93264
-4.88945, 12.52099
-3.37000, 11.63986
-9.81420, 10.22455
-9.34573, 11.95791
-11.98680, 11.17707
-12.72884, 13.60595
-13.92334, 12.27266
-3.89571, 14.11918
-3.36120, 16.05971
-5.19013, 18.72425
-5.79798, 16.13307
-9.36516, 16.69588
-6.17078, 14.31788
-8.82302, 14.66115
-7.20029, 12.78321
-13.71885, 4.80053
-13.60731, 8.24437
-15.96528, 7.00669
-16.53719, 5.28944
-17.83701, 7.56865
-18.55475, 3.04103
-16.39442, 3.34436
-11.10926, 1.60695
-14.69151, 9.62133
-16.55127, 8.87835
-11.44266, 9.41746
-10.68308, 7.35551
-8.90740, 7.84445
-12.39346, 2.76511
-11.90048, 5.14081
-12.47484, 6.89293
-16.45135, -5.09651
-14.49029, -3.99077
-12.69005, -4.22378
-10.55022, -8.57772
-13.44613, -9.14052
-10.79648, -6.84008
-12.55752, -6.04905
-14.78821, -5.86311
-11.60067, -2.88770
-13.76086, -0.76671
-14.71291, 1.33466
-15.40047, -0.29465
-16.87010, 1.55692
-17.20707, -1.57431
-16.01110, -2.94407
-18.98040, -4.46399
-5.65837, 3.91189
-7.63706, 3.50065
-9.45303, 5.76830
-10.34755, 3.82867
-12.63292, 0.59655
-10.41030, -1.39659
-9.91050, 0.28101
-5.99457, 0.41956
-14.02716, -7.43083
-16.65496, -6.87068
-15.91313, -10.55069
-14.11651, -10.87023
-13.33939, -12.54001
-11.96598, -11.14934
-4.92118, 2.26874
-7.90695, 1.76227
-8.77320, -8.32647
-6.46099, -7.08351
-7.02791, -8.80049
-6.22177, -14.25305
-6.06068, -11.33508
-7.26850, -12.73521
-8.02192, -10.33600
-10.39274, -10.48813
-5.97050, -4.68091
-4.77031, -2.56050
-6.43098, -1.93978
-7.64282, -4.12454
-8.22488, -0.37438
-8.86313, -2.33347
-11.05799, -5.05861
-8.42938, -5.72388
-1.06645, 1.36752
-3.08378, 0.41711
-1.37325, -0.51452
-4.71066, -0.81653
-2.95255, -2.52393
0.08809, -2.21271
2.25963, -2.84240
3.51095, -0.12264
-9.10607, -11.86429
-11.02528, -13.16501
-10.38990, -14.88691
-8.58650, -14.50780
-7.74502, -17.73381
1.06546, -0.70216
2.50820, 2.28659
0.71699, 1.83205
-2.99127, -11.49620
-0.10498, -10.41614
1.02276, -11.79810
-0.94240, -15.79909
0.08516, -14.30157
-1.24491, -12.12359
-2.48468, -13.82575
-4.78907, -13.18439
0.50299, -3.92099
0.09436, -6.04403
-2.37561, -5.42567
-3.94136, -4.44635
-1.96442, -7.68198
-3.79411, -7.74906
-4.10393, -9.47163
-1.67934, -9.51642
4.85486, -5.68985
2.09899, -4.76302
1.80968, -6.56297
0.61045, -7.96283
3.34244, -7.44937
2.05081, -9.11574
5.61807, -9.21704
7.13896, -8.16393
-4.66832, -15.76987
-6.72630, -16.04409
-5.16654, -17.95336
-2.83266, -16.46884
0.29575, -18.62494
8.73169, -7.08781
6.61228, -6.52054
7.14906, -4.32790
3.98227, -17.16866
6.19524, -17.19734
4.30680, -15.35374
12.38213, -12.17754
12.13837, -10.39469
9.15904, -8.96305
9.70691, -11.55692
7.40736, -11.80946
7.07502, -15.46183
5.29752, -13.63573
5.73587, -11.21398
3.87624, -11.23945
2.99678, -12.70953
2.55649, -15.12878
1.15483, -16.31310
2.08332, -18.37591
12.12224, -5.83200
10.39369, -6.45574
10.93440, -8.72151
13.23461, -7.87682
13.81592, -9.60592
14.42829, -11.32449
16.14781, -9.98075
15.99648, -7.80879
9.32525, -13.31692
7.20735, -13.63412
8.80603, -15.05248
8.68380, -17.76439
11.95478, -15.10545
17.01005, -5.44373
15.06651, -6.29790
13.65201, -4.79082
