1.534 1.175
-1.485 0.301
0.437 -1.190
-0.184 1.722
-1.176 -1.902
3.274 0.578
-2.418 1.968
0.338 -3.629
1.702 2.947
-3.872 -0.556
2.833 -1.982
-0.681 3.623
-1.709 -3.626
4.015 2.236
-4.483 1.837
2.160 -3.596
1.240 4.728
-4.933 -3.298
5.301 -0.824
-3.002 4.538
-0.796 -5.147
4.481 4.158
-5.433 0.362
4.899 -3.831
-0.424 6.375
-3.190 -5.179
5.516 1.349
-4.883 3.565
1.841 -5.414
2.596 6.070
-5.736 -1.632
6.331 -2.698
-2.712 6.319
-1.998 -6.524
6.707 3.342
-6.500 1.784
4.531 -5.912
1.075 7.414
-5.820 -5.420
8.249 -0.540
-5.756 5.737
1.033 -7.389
4.418 6.186
-7.564 -0.780
6.689 -4.607
-2.122 8.013
-3.770 -7.049
7.348 1.692
-7.165 4.064
3.706 -7.497
2.867 7.866
-7.379 -4.494
8.442 -2.326
-4.583 7.051
-1.210 -8.126
6.410 5.155
-8.683 0.591
6.211 -6.601
-0.401 8.613
-6.533 -7.151
9.141 1.327
-8.272 5.519
2.075 -9.023
4.468 8.677
-9.268 -2.515
8.419 -4.189
-3.114 9.520
-3.182 -8.836
8.472 4.391
-8.762 2.755
4.770 -9.304
2.883 9.678
-8.586 -5.809
10.477 -1.299
-6.752 8.773
-0.243 -10.809
6.977 7.824
-10.234 -0.353
8.375 -6.983
-1.682 10.650
-5.700 -8.718
10.483 2.626
-9.614 4.383
3.523 -10.669
4.861 10.541
-10.716 -3.647
10.588 -3.194
-4.939 9.913
-2.740 -11.554
9.161 6.027
-12.068 1.673
6.299 -8.396
1.548 11.668
-8.738 -8.077
11.845 -0.082
-8.566 7.297
1.619 -10.737
6.293 9.484
-11.911 -2.319
10.205 -6.465
-3.390 11.380
-5.495 -10.491
11.405 4.277
-11.400 3.777
5.308 -11.042
3.350 11.635
-11.250 -6.337
12.765 -3.084
-7.346 10.705
-1.169 -12.550
9.172 7.886
-12.808 0.009
8.889 -9.438
-0.976 12.313
-7.597 -9.563
12.232 1.764
-10.357 7.234
2.905 -12.479
6.512 11.267
-12.357 -4.459
11.489 -4.988
-5.115 11.965
-4.302 -12.361
10.852 6.770
-13.051 3.205
7.068 -11.420
2.534 13.189
-11.116 -8.561
13.438 -1.406
-9.037 8.985
-0.105 -13.943
9.052 9.611
-13.534 -1.595
11.424 -7.984
-2.872 13.873
-7.663 -12.145
13.272 3.345
-12.055 6.698
4.507 -13.226
5.136 12.515
-12.983 -6.853
13.431 -4.804
-6.898 12.494
-2.867 -14.374
11.487 8.939
-13.867 1.611
8.948 -11.369
0.730 14.669
-9.553 -10.352
14.374 0.356
-11.715 8.965
1.963 -14.936
8.307 11.699
-14.380 -3.313
13.556 -7.658
-4.640 14.035
-5.983 -14.139
12.728 6.217
-14.421 4.357
6.905 -13.778
4.240 14.007
-12.934 -8.705
15.159 -2.441
-9.081 11.371
-1.256 -15.360
11.640 10.766
-16.271 -0.525
11.089 -9.886
-1.522 15.082
-9.275 -12.830
15.034 3.651
-13.217 7.988
4.645 -15.296
6.492 13.691
-14.068 -5.158
15.417 -5.923
-7.112 14.235
-4.631 -15.291
13.833 7.669
-15.655 2.955
9.316 -13.378
2.389 15.389
-12.429 -10.812
16.110 -0.109
-12.127 11.569
0.676 -16.243
10.179 12.766
-16.132 -3.017
12.831 -9.296
-4.189 15.846
-7.812 -14.408
16.412 4.748
-15.150 6.101
6.495 -15.526
5.721 15.328
-15.051 -7.625
16.332 -4.302
-9.775 14.456
-2.340 -16.806
13.183 9.626
-15.870 1.241
10.980 -11.924
0.387 17.081
-11.262 -12.435
16.315 1.836
-13.418 10.327
3.869 -16.933
8.408 15.262
-16.391 -5.243
15.449 -8.369
-7.283 16.000
-5.892 -16.606
15.576 8.082
-16.656 4.522
9.238 -15.170
3.693 16.699
-14.287 -9.927
17.393 -1.305
-11.180 13.289
-0.658 -17.407
12.148 12.828
-17.768 -1.643
14.325 -10.173
-3.482 18.280
-9.743 -15.885
18.241 4.920
-15.386 7.892
6.077 -17.292
7.360 16.892
-16.785 -7.010
17.817 -5.348
-9.282 16.362
-4.033 -17.831
14.797 10.272
-17.776 3.102
11.380 -13.722
1.010 19.086
-14.009 -12.405
17.939 0.961
-14.045 12.493
1.952 -19.156
10.001 14.507
-18.034 -3.438
16.971 -9.412
-5.256 17.809
-8.130 -16.613
17.653 6.999
-18.422 6.355
8.250 -17.131
5.599 18.545
-16.069 -10.844
18.978 -3.207
-11.052 15.925
-2.210 -19.637
13.863 12.976
-19.074 -0.412
