-0.918 -1.701
1.478 0.334
-0.887 0.907
0.874 -1.496
0.293 2.217
-2.749 -1.869
3.013 -0.804
-1.796 3.172
-0.344 -3.386
3.304 2.095
-3.396 0.646
2.106 -3.026
0.072 4.008
-2.746 -3.686
4.842 0.162
-3.444 2.394
0.807 -4.820
3.147 5.030
-5.173 -1.422
4.599 -2.908
-1.384 5.021
-2.383 -5.629
5.104 1.897
-6.039 1.486
3.000 -5.641
0.787 6.032
-4.478 -3.491
5.915 -1.250
-3.898 4.183
0.120 -6.601
4.563 3.839
-6.880 -0.134
5.064 -4.651
-0.852 6.770
-4.748 -5.798
6.659 1.037
-6.556 3.536
2.059 -7.203
3.087 7.330
-7.745 -2.889
7.602 -2.873
-3.972 6.316
-1.494 -7.453
6.580 3.812
-7.990 1.460
5.221 -6.439
0.549 7.975
-6.009 -4.556
8.201 -0.770
-6.453 5.319
0.609 -8.350
4.888 7.123
-8.654 -1.339
7.071 -4.553
-2.227 7.908
-3.734 -7.330
8.163 3.021
-8.371 3.475
3.896 -7.691
3.027 9.201
-7.794 -4.958
9.808 -1.643
-5.591 7.379
-0.518 -9.746
7.422 6.093
-9.396 0.370
6.743 -7.407
-0.720 9.364
-5.927 -7.478
9.122 1.079
-8.165 6.531
1.337 -10.009
5.451 8.818
-10.089 -3.110
9.755 -5.234
-4.209 9.958
-3.157 -9.997
9.190 4.517
-10.501 2.936
5.900 -9.025
1.625 10.288
-8.485 -6.693
10.565 -0.057
-7.587 8.288
-0.112 -11.607
8.280 7.720
-10.967 -1.427
8.568 -7.017
-2.237 11.662
-5.885 -9.253
11.693 3.421
-9.187 5.076
3.371 -11.277
4.659 10.949
-10.838 -4.781
10.805 -3.144
-5.878 9.130
-1.852 -11.230
9.913 6.998
-11.958 1.714
7.757 -8.990
0.712 11.821
-8.650 -8.576
11.946 1.228
-9.368 7.896
1.714 -11.985
7.664 10.392
-12.908 -2.420
11.089 -6.753
-4.078 11.926
-5.134 -10.953
11.687 5.242
-11.977 4.965
5.938 -10.831
3.009 11.837
-10.434 -6.623
12.413 -2.353
-7.765 10.192
-1.322 -12.946
9.443 9.132
-12.524 -0.160
9.570 -8.816
-1.143 13.038
-7.123 -10.624
13.218 2.427
-11.128 7.519
3.095 -13.069
6.630 12.365
-12.833 -4.226
11.926 -4.491
-5.620 12.761
-4.317 -12.477
11.690 7.003
-13.693 2.599
8.306 -11.476
2.011 14.219
-10.734 -8.492
13.742 -1.168
-9.532 10.217
0.445 -13.521
9.033 11.573
-14.220 -1.124
11.414 -8.568
-3.277 14.286
-6.813 -12.862
13.308 4.215
-12.822 6.702
5.348 -13.679
4.470 13.358
-12.965 -6.217
14.360 -3.374
-7.913 12.818
-2.781 -14.076
11.758 8.916
-15.504 1.428
9.985 -10.899
-0.339 15.349
-9.061 -10.888
14.940 1.938
-11.946 9.736
1.875 -14.514
8.229 13.242
-14.827 -3.987
12.944 -6.649
-5.151 14.525
-6.203 -14.591
14.626 7.149
-14.167 4.471
7.571 -13.133
3.201 15.504
-12.216 -9.493
15.329 -1.868
-10.507 12.047
-0.309 -15.149
10.717 10.472
-16.490 -0.917
12.323 -10.068
-2.044 15.846
-9.473 -12.666
15.491 3.722
-13.981 8.383
4.129 -15.016
6.904 14.957
-14.739 -6.505
15.803 -5.581
-7.275 14.538
-4.051 -15.816
13.477 9.365
-15.514 3.219
10.317 -12.736
1.219 16.345
-13.023 -11.059
16.320 0.645
-12.289 11.499
1.065 -16.326
10.602 13.125
-16.661 -2.771
14.842 -9.178
-4.755 16.288
-8.078 -14.184
14.984 5.373
-14.903 6.375
6.649 -15.738
5.174 15.959
-14.129 -8.362
16.472 -3.919
-10.470 13.859
-1.413 -17.368
12.801 11.501
-17.521 1.301
13.202 -11.609
-1.433 17.562
-10.894 -13.757
17.046 2.703
-14.645 10.050
3.477 -16.745
8.962 14.911
-16.400 -5.940
15.645 -7.538
-6.535 16.147
-5.822 -16.681
15.533 8.782
-17.236 3.407
10.669 -15.247
2.375 18.483
-14.621 -11.965
17.269 -0.891
-12.631 13.281
0.212 -18.424
12.436 13.275
-18.444 -2.426
15.173 -11.120
-3.631 17.917
-9.285 -15.435
17.485 4.457
-16.005 7.851
6.902 -17.823
7.692 17.057
-15.969 -8.230
17.931 -5.637
-9.633 16.673
-3.175 -17.331
15.040 10.529
-19.338 1.628
12.095 -14.089
0.605 18.486
-13.232 -13.620
19.408 1.755
-14.547 12.244
2.495 -19.211
10.212 16.479
-18.625 -4.854
16.609 -9.995
-6.034 18.817
-7.326 -17.518
17.228 8.195
