-1.927 -0.150
1.081 -1.061
0.282 1.236
-0.784 -1.545
2.022 0.955
-3.060 1.299
0.956 -2.968
1.693 3.228
-3.033 -1.545
3.551 -1.642
-1.297 3.205
-1.403 -3.409
3.408 2.110
-4.585 0.311
2.759 -3.982
0.147 4.192
-3.615 -3.290
5.933 0.079
-3.997 3.578
0.047 -5.441
3.471 3.883
-6.023 -1.046
4.359 -3.262
-2.022 5.881
-3.116 -5.578
5.496 2.606
-5.361 1.873
2.154 -5.649
1.404 5.543
-5.483 -3.676
5.699 -1.755
-3.840 5.711
-1.167 -6.776
5.229 4.383
-7.445 0.850
4.480 -5.036
-0.580 7.426
-4.939 -5.632
7.833 1.376
-6.624 4.946
1.703 -7.946
3.158 6.760
-7.074 -2.782
6.769 -3.465
-3.101 7.507
-2.584 -7.877
7.001 3.858
-7.085 2.583
3.796 -7.311
0.976 8.306
-6.689 -5.035
8.636 -0.250
-5.814 6.548
0.003 -8.410
5.441 6.155
-8.184 -0.832
6.961 -5.225
-1.614 8.919
-4.354 -7.442
9.374 2.440
-8.389 3.865
3.932 -9.134
3.174 8.697
-8.473 -4.844
9.142 -2.938
-4.779 8.098
-2.574 -9.681
7.482 5.678
-9.497 0.931
5.848 -7.083
1.067 10.401
-7.689 -6.546
10.365 0.195
-8.079 6.796
0.884 -11.035
6.090 8.933
-10.113 -2.762
8.775 -5.278
-3.221 10.417
-4.390 -9.848
9.528 4.207
-10.222 3.507
5.676 -8.911
2.857 10.867
-9.817 -6.193
10.974 -2.778
-7.140 8.445
-1.257 -11.003
8.591 8.197
-10.966 -0.066
9.210 -7.975
-0.710 10.472
-7.653 -8.943
11.727 2.015
-9.890 6.520
3.210 -10.785
4.490 9.887
-10.443 -4.527
11.252 -4.542
-5.037 10.980
-3.355 -11.390
10.322 5.805
-11.894 2.625
7.503 -9.376
1.563 12.152
-9.146 -7.933
12.887 -0.812
-9.026 9.539
0.331 -12.979
7.815 9.888
-11.987 -1.618
10.737 -6.984
-2.314 12.757
-5.888 -10.859
11.580 3.883
-11.219 5.182
4.747 -11.708
4.360 12.048
-11.598 -5.902
12.792 -2.991
-6.919 10.440
-2.227 -12.820
10.341 8.024
-12.789 0.232
9.200 -9.796
0.292 13.427
-9.309 -9.681
13.985 1.126
-10.505 8.498
2.686 -12.458
7.682 11.636
-12.826 -3.130
12.219 -6.033
-5.233 12.918
-5.147 -13.199
13.042 6.012
-12.953 4.423
6.462 -12.183
3.424 13.547
-11.124 -7.699
14.621 -1.324
-8.648 11.344
-1.019 -14.235
10.233 10.494
-14.502 -1.241
10.752 -8.904
-1.312 14.408
-8.601 -11.905
13.650 3.479
-12.249 7.531
4.943 -13.899
6.488 13.595
-13.338 -5.287
13.864 -5.053
-7.198 13.805
-3.753 -14.297
12.718 8.599
-14.060 1.718
9.722 -11.508
1.713 15.316
-11.185 -9.438
15.588 0.256
-11.384 10.303
1.423 -14.482
9.419 12.198
-15.625 -2.690
13.932 -8.422
-3.916 14.330
-6.938 -13.478
14.766 5.708
-14.597 5.126
6.734 -13.897
4.435 15.358
-12.901 -7.946
14.608 -3.336
-9.704 13.364
-1.788 -15.812
12.212 10.302
-15.778 1.102
11.520 -11.005
-0.527 16.293
-10.385 -11.605
16.312 2.299
-13.452 8.865
3.869 -16.307
8.279 13.990
-15.489 -5.162
15.173 -6.256
-5.698 14.784
-5.117 -15.571
14.399 7.829
-16.350 4.956
9.383 -13.369
3.008 16.559
-13.146 -9.739
16.775 -1.802
-11.354 12.503
0.325 -17.448
11.115 12.820
-16.299 -0.893
12.634 -9.685
-2.715 15.980
-9.627 -14.115
16.217 4.296
-14.683 7.346
5.629 -15.969
5.977 16.308
-15.364 -8.221
16.602 -4.530
-8.398 15.433
-2.606 -17.386
13.986 10.718
-17.465 1.705
11.506 -12.864
0.515 17.754
-12.192 -11.994
17.389 0.544
-13.876 10.568
2.139 -17.234
10.032 14.240
-17.175 -4.142
15.796 -8.299
-6.474 16.334
-7.036 -17.228
16.823 8.016
-17.978 5.808
8.605 -14.998
4.322 17.812
-15.372 -10.158
17.895 -3.262
-12.030 14.189
-1.127 -18.778
13.094 12.758
-18.004 -0.556
13.219 -12.283
-2.071 17.706
-11.242 -15.456
18.505 2.774
-15.568 8.964
4.975 -18.126
8.797 17.129
-16.288 -6.720
16.997 -6.939
-9.107 17.137
-5.291 -17.798
15.867 9.505
-18.616 3.745
11.989 -15.363
2.411 18.861
-14.796 -12.504
19.383 0.343
-14.169 13.026
0.596 -19.375
12.549 15.265
-18.693 -3.332
16.221 -10.042
