-1.832 0.615
0.580 -1.399
0.743 1.028
-1.325 -1.116
2.234 0.089
-2.310 2.391
-0.280 -3.106
2.820 2.309
-3.395 -0.237
2.627 -2.899
0.059 3.457
-2.623 -2.590
3.962 0.611
-4.099 2.078
0.984 -4.744
1.773 3.801
-4.613 -1.616
5.493 -2.245
-2.281 4.856
-2.083 -5.027
4.712 2.218
-5.953 1.390
2.738 -4.706
0.436 6.204
-5.048 -3.917
6.078 0.251
-4.203 3.819
-0.225 -6.042
3.459 4.553
-6.484 -1.242
4.560 -3.843
-1.304 6.757
-3.722 -5.782
6.526 1.992
-6.521 3.691
2.156 -6.386
2.368 7.062
-6.747 -3.255
7.748 -1.794
-4.165 7.141
-1.537 -7.980
5.548 4.989
-7.598 0.203
4.877 -5.835
0.079 8.122
-5.457 -6.241
7.952 0.816
-5.512 5.146
0.637 -8.213
4.143 7.264
-8.124 -2.021
7.851 -3.604
-2.793 8.299
-3.283 -7.742
7.413 3.540
-7.858 2.432
4.366 -7.529
1.999 8.841
-6.916 -5.149
9.582 -1.417
-6.212 6.836
0.050 -9.944
6.320 6.766
-9.692 -1.148
7.267 -6.277
-1.235 9.322
-6.151 -7.905
9.105 2.303
-8.378 4.568
2.616 -8.805
5.046 9.157
-9.635 -3.021
9.617 -3.870
-4.782 9.412
-3.498 -10.504
9.096 5.843
-10.388 1.409
6.016 -8.287
1.106 10.848
-7.889 -7.349
10.415 0.150
-8.039 7.222
1.742 -10.421
6.875 8.886
-11.457 -1.865
9.016 -6.845
-3.272 10.564
-5.457 -9.637
11.111 4.189
-10.120 4.224
5.361 -10.940
3.438 9.917
-10.539 -5.242
11.582 -2.727
-6.556 9.866
-1.259 -11.182
7.996 7.346
-11.382 -0.086
8.583 -8.578
-0.347 12.076
-7.539 -9.174
11.770 1.311
-9.923 7.064
3.243 -11.563
6.187 10.575
-11.519 -3.729
11.545 -5.783
-4.581 12.308
-4.767 -12.077
11.058 6.049
-11.667 3.195
7.155 -10.624
2.854 12.647
-9.662 -7.695
12.176 -0.951
-8.302 9.154
-0.206 -12.632
8.721 9.386
-12.982 -0.901
10.607 -7.751
-2.290 12.314
-7.059 -10.931
12.654 3.346
-11.681 5.211
4.641 -12.612
5.515 12.246
-12.352 -5.274
13.313 -4.428
-6.349 11.927
-2.395 -12.517
11.618 7.710
-13.030 2.131
8.891 -10.328
0.230 13.935
-9.895 -10.138
14.354 0.438
-10.195 9.132
1.188 -13.740
8.445 11.132
-13.248 -2.740
12.941 -6.932
-3.528 13.821
-6.501 -12.706
13.520 5.661
-13.834 4.524
6.418 -12.397
4.422 13.775
-12.569 -7.598
13.924 -2.131
-8.333 11.718
-0.881 -14.725
11.284 9.979
-14.344 0.345
10.788 -10.069
-1.232 15.520
-9.041 -11.695
15.067 2.946
-12.271 7.075
4.452 -14.392
7.561 13.429
-13.983 -4.318
14.449 -5.855
-6.453 13.932
-4.349 -13.886
13.436 7.548
-15.434 3.629
9.534 -13.196
1.995 14.721
-11.652 -9.696
15.823 -0.515
-11.434 10.422
0.769 -15.424
10.083 12.404
-14.981 -2.274
12.143 -8.778
-3.711 16.093
-7.824 -13.856
15.267 4.711
-14.093 7.179
6.305 -14.631
5.881 15.204
-14.094 -6.625
15.914 -4.258
-8.918 13.417
-2.810 -16.523
13.088 9.643
-16.275 1.300
11.522 -11.687
0.531 15.835
-10.795 -12.334
16.314 1.580
-13.114 10.951
3.414 -15.972
9.239 14.067
-15.906 -3.829
14.738 -8.213
-5.566 15.946
-6.518 -16.188
15.241 7.458
-15.352 5.546
7.845 -13.851
3.745 15.770
-14.377 -9.231
16.607 -2.383
-10.645 12.499
-1.058 -16.899
11.874 12.676
-17.355 -1.564
13.513 -10.657
-1.701 17.487
-9.192 -14.985
17.062 4.402
-15.410 8.393
5.565 -16.337
7.411 16.142
-15.909 -6.277
16.219 -6.293
-8.644 15.150
-4.765 -16.700
14.799 9.188
-17.428 2.898
11.298 -13.811
0.423 17.565
-13.208 -13.109
18.618 0.806
-14.280 12.371
2.061 -17.169
10.937 14.707
-18.119 -3.345
15.198 -9.995
-5.529 17.762
-8.375 -16.844
17.038 6.628
-16.790 6.523
7.368 -16.471
5.012 17.108
-16.388 -9.835
18.118 -4.677
-10.828 14.335
-2.503 -18.629
14.790 12.330
-17.619 0.179
12.935 -13.029
-1.687 19.333
-11.825 -14.316
18.319 2.550
-15.673 10.721
5.033 -18.826
9.589 16.419
-18.506 -5.728
17.976 -7.258
-7.953 17.527
-7.022 -18.068
17.516 9.149
-18.509 4.237
11.008 -15.582
