0.605 1.835
-1.396 -0.588
1.032 -0.737
-1.122 1.319
0.101 -2.234
2.379 2.322
-3.107 0.263
2.324 -2.808
-0.255 3.394
-2.886 -2.642
3.457 -0.041
-2.604 2.610
0.632 -3.959
2.057 4.110
-4.739 -1.009
3.810 -1.753
-1.640 4.604
-2.216 -5.504
4.844 2.307
-5.037 2.057
2.243 -4.700
1.359 5.960
-4.692 -2.763
6.206 -0.404
-3.943 5.027
0.283 -6.076
3.797 4.223
-6.043 0.193
4.571 -3.435
-1.276 6.477
-3.819 -4.580
6.750 1.339
-5.801 3.691
2.026 -6.516
3.657 6.541
-6.374 -2.189
7.075 -2.331
-3.290 6.730
-1.754 -7.757
7.119 4.202
-7.988 1.495
5.018 -5.522
0.164 7.599
-5.809 -4.907
8.122 -0.037
-6.269 5.424
0.858 -7.948
5.117 5.539
-8.209 -0.680
7.286 -4.105
-2.064 8.114
-3.563 -7.870
8.285 2.836
-7.760 3.243
3.579 -7.395
2.391 7.871
-7.506 -4.405
8.851 -1.953
-5.185 6.889
-1.367 -9.589
6.803 6.248
-9.944 -0.102
6.799 -6.284
-1.199 9.686
-6.239 -7.300
9.315 1.284
-7.938 6.110
2.351 -9.093
4.524 8.402
-8.791 -2.662
9.183 -4.998
-3.072 9.620
-3.820 -9.637
9.387 4.831
-10.522 3.443
5.890 -9.066
1.355 10.395
-8.256 -6.059
10.853 -1.049
-7.391 7.850
0.204 -10.414
7.180 8.077
-10.411 -1.797
8.922 -6.829
-1.925 11.447
-6.798 -9.052
10.547 3.328
-9.666 5.406
4.247 -11.089
4.171 10.141
-10.912 -5.418
9.935 -3.386
-5.297 10.511
-2.667 -11.596
9.832 6.608
-11.188 1.201
7.388 -7.957
-0.146 11.381
-8.533 -8.628
12.074 0.410
-9.213 7.491
1.372 -11.763
7.012 9.960
-11.545 -3.304
10.607 -6.131
-3.789 11.499
-5.722 -11.575
12.283 4.646
-12.102 4.704
6.107 -11.026
3.134 11.683
-10.586 -7.210
12.662 -2.788
-7.745 9.622
-0.887 -12.181
9.110 8.350
-12.633 0.139
9.432 -8.672
-0.969 12.977
-7.696 -10.647
12.302 2.354
-10.968 7.002
3.412 -12.636
5.150 11.708
-12.587 -4.707
12.275 -5.451
-5.339 12.324
-4.358 -13.336
11.893 6.412
-12.529 2.330
7.771 -11.577
2.062 13.041
-10.281 -8.945
13.936 -0.158
-10.190 9.842
0.513 -14.351
9.079 10.242
-13.734 -1.260
11.176 -8.387
-2.809 13.233
-6.864 -12.978
13.803 3.600
-12.739 6.434
5.732 -13.490
4.452 13.858
-12.363 -6.483
13.798 -4.350
-7.663 12.529
-2.058 -13.935
11.674 8.394
-14.730 0.804
10.038 -11.232
0.270 14.345
-10.012 -10.840
15.514 1.313
-11.742 8.979
3.025 -15.051
7.011 12.308
-14.369 -4.528
13.468 -7.490
-4.391 13.961
-5.779 -14.480
13.898 6.526
-13.909 4.276
7.618 -13.397
3.548 15.453
-13.146 -9.603
14.731 -1.918
-9.757 11.601
-0.432 -15.825
10.362 11.488
-15.419 -0.849
12.456 -10.018
-2.352 14.969
-8.715 -12.189
16.073 3.795
-13.897 7.751
4.791 -15.242
7.106 14.131
-14.598 -6.381
15.235 -5.801
-6.699 14.059
-4.174 -15.936
13.370 8.988
-16.537 2.723
9.712 -13.037
1.215 16.282
-11.626 -11.583
15.838 -0.448
-12.390 10.730
1.666 -16.305
10.882 13.171
-15.954 -3.497
14.115 -9.165
-3.912 15.886
-8.136 -14.781
15.917 5.650
-16.222 6.433
7.538 -15.202
5.466 15.381
-13.810 -7.918
15.790 -3.662
-9.306 14.329
-2.296 -16.619
12.444 10.710
-16.904 0.970
12.738 -11.808
-1.655 17.346
-10.586 -13.568
17.478 1.792
-15.033 9.114
4.491 -17.039
8.313 15.454
-16.308 -5.650
16.181 -7.326
-6.360 15.876
-6.208 -16.252
15.104 8.723
-16.725 4.678
9.266 -14.751
2.806 17.443
-13.752 -11.370
17.567 -0.331
-13.178 13.139
0.904 -18.613
12.296 14.344
-17.157 -2.151
14.764 -10.860
-3.439 18.102
-9.915 -15.250
17.732 5.622
-16.888 8.286
6.717 -17.003
6.435 16.824
-16.432 -7.455
17.134 -4.923
-9.921 16.336
-4.582 -18.142
14.278 10.903
-18.642 2.406
12.407 -14.725
0.087 17.620
-12.961 -13.003
19.324 1.789
-14.378 11.750
2.646 -18.306
10.639 15.729
-18.800 -5.132
16.469 -9.503
-5.825 18.475
-7.164 -18.014
17.485 8.045
-18.105 6.927
9.240 -17.468
4.140 18.531
-15.524 -11.089
