-1.645 1.014
0.248 -1.494
0.956 0.833
-1.543 -0.786
2.196 -0.420
-1.708 2.852
-0.976 -2.961
3.270 1.610
-3.360 0.539
1.901 -3.419
0.841 3.354
-3.142 -1.928
3.997 -0.303
-3.521 2.953
-0.117 -4.843
2.589 3.300
-4.859 -0.528
4.841 -3.432
-1.122 5.247
-3.168 -4.424
5.092 1.093
-5.483 2.703
1.600 -5.204
1.831 5.943
-5.804 -2.671
5.976 -1.133
-3.228 4.672
-1.588 -5.833
4.401 3.651
-6.597 0.260
3.570 -4.776
0.262 6.877
-4.935 -4.788
6.808 0.461
-5.515 5.073
0.652 -6.708
3.907 6.342
-7.309 -1.641
7.140 -3.504
-2.438 7.899
-3.306 -7.424
6.534 3.601
-7.355 1.920
3.427 -6.788
1.918 7.893
-6.729 -4.841
7.930 -1.007
-4.202 6.261
-1.241 -8.143
5.682 6.136
-8.371 -0.127
6.830 -5.290
-0.839 8.716
-4.953 -6.797
8.023 1.768
-7.103 4.150
2.546 -8.323
3.951 8.157
-7.903 -3.447
9.011 -3.552
-4.501 8.066
-2.205 -9.697
7.689 5.157
-9.700 1.078
5.656 -7.761
0.910 9.359
-7.783 -6.305
9.390 0.179
-7.125 6.348
0.552 -9.169
6.990 7.775
-10.069 -0.759
8.490 -5.949
-2.524 10.251
-5.787 -9.438
10.184 3.629
-9.798 3.727
3.981 -9.435
3.536 10.315
-9.349 -5.370
10.178 -2.215
-6.193 8.856
-0.665 -10.544
8.711 7.097
-11.581 0.780
7.230 -8.710
-0.793 11.031
-7.499 -8.150
11.771 1.562
-8.899 6.408
2.742 -11.870
5.596 8.880
-11.453 -2.717
10.663 -5.281
-4.149 11.095
-3.761 -10.606
9.453 5.343
-11.105 2.496
6.415 -10.300
2.399 11.840
-9.422 -7.226
11.761 -1.391
-8.064 9.129
0.538 -11.997
8.422 8.898
-12.064 -1.021
9.934 -8.249
-1.673 13.026
-7.380 -10.682
12.141 3.385
-10.639 5.756
4.561 -11.969
5.646 11.671
-11.155 -5.305
11.644 -3.686
-6.012 10.798
-3.063 -12.257
10.622 7.165
-12.849 2.065
8.574 -9.953
0.561 12.512
-9.353 -9.047
13.083 0.390
-10.196 7.723
1.662 -13.336
8.147 10.677
-13.226 -2.338
11.963 -7.330
-3.481 13.055
-5.170 -11.648
13.063 4.876
-12.208 5.028
6.318 -12.074
3.383 13.520
-11.935 -7.632
14.080 -2.826
-7.860 11.205
-1.957 -13.652
10.748 8.928
-13.524 0.334
11.034 -9.684
-0.303 14.261
-9.211 -10.901
14.451 2.450
-12.449 7.542
3.442 -13.529
7.429 12.415
-13.964 -4.551
13.079 -5.232
-5.460 13.302
-4.195 -14.142
13.253 7.162
-13.892 3.587
8.225 -12.252
2.318 15.396
-11.456 -9.341
15.343 -0.546
-10.348 9.672
1.074 -15.027
10.408 11.366
-14.598 -1.036
12.746 -8.978
-3.127 15.032
-7.383 -12.539
14.797 4.306
-14.210 7.033
6.295 -15.014
5.279 13.886
-13.547 -6.802
15.294 -4.088
-8.774 12.742
-2.747 -15.196
12.632 9.796
-15.106 1.181
9.838 -11.302
0.033 16.515
-10.761 -11.723
15.937 1.128
-12.099 10.187
2.824 -15.679
9.174 13.476
-15.229 -3.258
14.535 -7.754
-5.645 15.089
-6.482 -15.456
14.933 6.426
-15.557 4.955
8.573 -13.994
4.107 15.303
-13.309 -9.566
16.247 -2.158
-10.291 13.638
-0.295 -16.330
12.187 11.607
-16.360 -0.124
12.493 -11.340
-1.807 16.793
-10.017 -14.289
16.535 3.810
-13.696 8.882
4.502 -15.269
7.222 14.511
-16.095 -5.732
15.634 -6.084
-7.535 14.587
-4.861 -16.219
14.438 9.655
-17.257 2.410
10.746 -13.442
2.307 17.418
-12.349 -12.512
17.616 0.420
-13.107 11.668
1.717 -17.174
10.877 14.042
-16.917 -2.507
14.371 -9.805
-4.986 16.715
-8.426 -15.185
16.496 5.595
-16.318 6.772
7.874 -16.012
4.393 17.012
-15.836 -9.774
18.316 -3.435
-11.104 15.286
-1.884 -17.189
13.986 11.845
-18.406 0.849
12.537 -13.179
-1.360 18.553
-11.974 -14.508
18.097 2.594
-14.875 10.159
3.443 -17.713
8.759 15.526
-18.190 -5.865
16.586 -8.661
-7.297 16.416
-6.660 -17.577
17.200 8.657
-17.120 4.168
9.645 -15.621
2.738 19.212
-14.762 -11.263
18.421 -1.669
-12.835 13.994
0.635 -19.477
13.061 13.819
-19.322 -1.385
15.863 -11.144
-3.774 18.873
-10.934 -16.006
19.133 4.941
-17.067 8.322
7.189 -17.672
