-12.75629, -10.04676
-11.29615, -13.54156
-6.78974, -17.39361
-4.72765, -18.71640
-5.59978, -15.95973
-2.69224, -17.26722
-1.39723, -16.06674
-3.65905, -14.96329
-10.74136, -16.22712
-10.29469, -12.06562
-8.73826, -12.90963
-5.89718, -11.11368
-7.28920, -9.65901
-8.85651, -10.81712
-10.12204, -8.12616
-10.75479, -10.33122
2.43380, -15.30047
3.46320, -16.78465
5.20097, -13.21783
2.29433, -13.56186
5.88600, -11.41617
3.36761, -11.77362
0.75635, -12.41047
-0.79317, -14.39091
-2.49401, -13.28279
-4.09979, -12.52175
-5.84782, -13.04278
-7.14694, -14.95460
-9.58864, -14.75648
-0.50707, -18.04893
0.53614, -16.44711
3.45351, -18.63588
-2.98196, -8.27990
-4.88231, -8.09670
-4.01942, -10.34591
-7.62199, -7.83129
-5.16600, -6.35774
-3.16459, -6.13365
-4.22188, -4.60308
-3.74344, -1.89686
-2.13674, -10.40603
-1.05436, -11.81762
1.76343, -10.67827
0.58751, -9.25070
1.09184, -7.52609
0.88967, -5.65686
-1.18566, -8.21135
-1.26863, -5.23023
11.84556, -14.90661
11.81175, -13.14901
8.53132, -13.97782
9.78451, -12.50060
8.82740, -9.83408
7.11349, -9.80810
7.99580, -12.23380
6.52991, -14.45302
-5.54808, -1.45446
-6.22928, -4.07487
-7.07993, -5.69402
-9.65241, -4.08165
-8.86124, -5.64501
6.82073, -16.20326
5.55278, -18.25250
9.08296, -15.59540
3.80459, -4.83421
1.88222, -4.24019
2.82080, -6.99902
10.99969, -9.28103
11.93746, -11.21158
13.68628, -11.18296
14.52492, -9.64748
16.27538, -8.72192
3.70599, -8.86110
5.28488, -9.66334
4.62350, -6.87313
7.25006, -7.62634
8.33404, -5.18487
5.79563, -4.94962
5.84595, -3.12972
2.77627, -1.95529
11.51943, -2.52348
8.65476, -0.30671
10.78227, 0.78268
9.71478, 2.29696
8.18499, 1.41900
6.43077, -0.13725
3.70081, 0.34241
4.62279, -1.65194
13.12888, -7.61253
12.06698, -6.15351
10.16092, -5.73921
10.72414, -7.45339
8.95523, -7.05251
7.33360, -1.70178
7.60674, -3.53768
9.44597, -3.69460
12.39212, -0.05958
12.94225, -3.63043
11.32412, -4.31364
14.07202, 1.68468
15.17441, 0.26739
16.14024, 2.84655
18.52661, 1.97744
18.18066, 3.73381
13.62058, -5.38589
14.84867, -6.98060
18.07735, -7.12351
16.37376, -5.07865
18.97002, -2.56848
15.14844, -3.68852
17.01874, -1.77692
14.54236, -1.94272
12.09008, 8.06732
14.77333, 5.90569
15.20393, 8.53371
14.17666, 10.02393
16.77917, 9.69035
13.59520, 12.98834
12.53733, 11.08048
7.96909, 7.90516
16.52550, 5.94290
17.05137, 7.87531
14.40749, 3.47095
12.30361, 4.10523
11.62547, 2.39286
9.66689, 8.23378
11.26752, 6.41033
13.01248, 5.81459
5.83042, 16.20579
5.53330, 13.97417
4.26380, 12.67666
-0.50119, 13.58798
0.79214, 16.23946
1.03476, 12.73892
2.72632, 13.66929
4.21728, 15.33890
4.67524, 11.00257
7.66917, 11.45133
9.92036, 10.94704
9.03292, 12.47669
11.39609, 12.53609
9.09818, 14.68962
7.28448, 14.55882
7.85759, 17.84491
6.52947, 2.16474
7.39184, 3.99248
10.29575, 4.07808
9.28502, 5.95977
8.07911, 9.73008
5.14971, 9.15453
6.18871, 7.74576
3.94270, 4.53498
2.50723, 15.67457
4.53603, 17.43612
1.15060, 19.05835
-0.18583, 17.81581
-1.98706, 18.20008
-1.70295, 16.26630
4.77354, 2.56487
6.16593, 5.25421
-1.36997, 12.01758
-1.76882, 9.42294
-2.79888, 10.90901
-7.63864, 13.54663
-5.40519, 11.66189
-5.79650, 13.46913
-3.42698, 12.62696
-2.12169, 14.61193
-0.14521, 7.58529
0.82594, 5.35069
2.32108, 6.30340
1.30556, 8.58603
4.65086, 6.79399
3.47037, 8.48273
2.61488, 11.87566
0.50164, 10.17672
1.73396, 0.02871
2.18899, 2.21179
0.41553, 1.40637
2.18283, 4.25350
-0.23881, 3.87695
-1.82017, 1.26129
-3.62992, -0.09403
-2.21089, -2.73016
-3.99507, 14.41254
-3.87886, 16.72808
-5.63642, 17.25690
-6.41896, 15.58850
-9.50178, 16.85793
-1.20198, -0.42834
0.31669, -3.37924
1.03165, -1.67517
-7.38108, 9.30752
-8.25552, 6.35243
-10.03789, 6.28346
-12.05056, 10.26076
-11.47300, 8.53889
-8.93312, 8.29039
-9.54642, 10.30490
-7.64739, 11.75929
-3.43414, 1.95800
-4.88376, 3.56203
-2.90345, 5.16250
-1.17904, 5.82359
-4.95289, 6.19198
-3.90532, 7.69361
-5.09457, 8.97771
-6.58950, 7.06831
-7.46584, -0.45303
-5.06712, 1.19013
-6.33052, 2.50442
-6.72678, 4.30462
-7.96086, 1.81375
-8.51437, 3.84814
-10.74209, 1.06016
-10.81634, -0.78825
-9.78492, 13.21883
-8.76539, 15.02744
-11.22889, 14.93079
-11.44786, 12.17345
-15.05253, 10.97257
-10.91544, -2.70789
-9.18690, -1.35665
-7.75883, -3.10490
-16.10809, 7.15198
-17.46279, 5.40188
-14.85394, 5.80054
-17.17716, -2.56018
-15.60662, -3.43845
-12.67026, -1.92064
-15.07153, -0.79716
-13.88932, 1.19133
-16.60622, 3.65480
-14.07810, 3.97540
-12.40782, 2.16787
-11.30900, 3.66837
-11.95379, 5.25545
-13.62091, 7.06303
-13.72322, 8.89518
-15.92943, 9.39509
-11.95299, -6.17147
-11.41086, -4.41561
-13.54579, -3.48387
-14.25550, -5.82924
-15.98625, -5.25290
-17.72730, -4.70769
-17.68897, -6.88965
-15.86330, -8.07591
-16.24744, 0.56684
-15.22618, 2.44917
-17.32105, 2.02600
-19.41332, 3.75568
-19.25831, -0.45682
-14.58445, -10.30871
-14.09698, -8.24247
-12.04210, -8.01979
