-11.50649, 11.45692
-14.80057, 9.58750
-18.08333, 4.65095
-19.14881, 2.44488
-16.51688, 3.64187
-17.46560, 0.59831
-16.11823, -0.54309
-15.29450, 1.83491
-17.40003, 8.71409
-13.21500, 8.77060
-13.86592, 7.12405
-11.74166, 4.51931
-10.46476, 6.07601
-11.80277, 7.49284
-9.28334, 9.07247
-11.54844, 9.43574
-14.89726, -4.25432
-16.24702, -5.45457
-12.49727, -6.75125
-13.18800, -3.90699
-10.62636, -7.21487
-11.28378, -4.75766
-12.22972, -2.24182
-14.38197, -0.94145
-13.48621, 0.88019
-12.92359, 2.56577
-13.65085, 4.23854
-15.70490, 5.29858
-15.80156, 7.74640
-17.97912, -1.66495
-16.26358, -2.50816
-18.08602, -5.66736
-8.57818, 1.96564
-8.62460, 3.87423
-10.75385, 2.74738
-8.69025, 6.62596
-6.93232, 4.36479
-6.46941, 2.40479
-5.07695, 3.63830
-2.33285, 3.48844
-10.58737, 0.87112
-11.85870, -0.37301
-10.38908, -3.03351
-9.11312, -1.69460
-7.34041, -1.98809
-5.50901, -1.56283
-8.29432, 0.19059
-5.34476, 0.63110
-13.37556, -13.55060
-11.63475, -13.30588
-12.85165, -10.14878
-11.23458, -11.21543
-8.70236, -9.94490
-8.88247, -8.24028
-11.18460, -9.40762
-13.56386, -8.21895
-2.11045, 5.33316
-4.79372, 5.69462
-6.50334, 6.34459
-5.21169, 9.09215
-6.66869, 8.11888
-15.26648, -8.71794
-17.45321, -7.70536
-14.39125, -10.89075
-4.34212, -4.35780
-3.98336, -2.37799
-6.60945, -3.64121
-7.89234, -12.03501
-9.69625, -13.19793
-9.45774, -14.93064
-7.83263, -15.57874
-6.70347, -17.20533
-8.35170, -4.74370
-8.95845, -6.40753
-6.26790, -5.41573
-6.70011, -8.11376
-4.14609, -8.89657
-4.21751, -6.34829
-2.40473, -6.17961
-1.60759, -2.99107
-1.12130, -11.73916
0.73526, -8.62893
2.07236, -10.61015
3.44743, -9.36847
2.39204, -7.95523
0.63631, -6.40068
0.78454, -3.63287
-1.08461, -4.78776
-5.98014, -13.94834
-4.65926, -12.71884
-4.47694, -10.77682
-6.11104, -11.54190
-5.92558, -9.73764
-0.80842, -7.48493
-2.59820, -7.97666
-2.53303, -9.82142
1.42961, -12.30952
-2.04929, -13.28466
-2.92195, -11.76033
3.36305, -13.76771
2.08846, -15.03239
4.76498, -15.68136
4.18885, -18.15486
5.89093, -17.60042
-3.71054, -14.16897
-5.14617, -15.57976
-4.90016, -18.80222
-3.07478, -16.86530
-0.27088, -19.14119
-1.84192, -15.48185
0.28052, -17.10895
-0.18157, -14.67043
9.46136, -11.03334
7.63774, -13.95684
10.29845, -14.06860
11.65447, -12.86974
11.63596, -15.49348
14.52756, -11.93636
12.50642, -11.11535
8.80529, -6.96167
7.88518, -15.69185
9.86677, -15.98176
5.17668, -13.88615
5.55362, -11.72131
3.77218, -11.25380
9.33549, -8.60769
7.71755, -10.41579
7.33575, -12.21969
16.78886, -3.84128
14.53771, -3.81441
13.09709, -2.70999
13.42936, 2.12998
16.21701, 1.16455
12.77097, 0.50315
13.89782, -1.06439
15.73446, -2.34397
11.48455, -3.31956
12.28974, -6.23790
12.05955, -8.53337
13.47151, -7.46858
13.81438, -9.80751
15.67626, -7.26752
15.32851, -5.48267
18.65965, -5.65685
2.93349, -6.22212
4.85160, -6.85866
5.28544, -9.73125
7.03207, -8.50179
10.63021, -6.85165
9.70689, -4.01261
8.43316, -5.21334
4.97580, -3.36933
15.86226, -0.60598
17.85478, -2.40846
19.05855, 1.14734
17.66446, 2.32482
17.82954, 4.15917
15.94390, 3.64480
3.11977, -4.43083
5.95691, -5.49005
11.76596, 2.80381
9.14219, 2.88805
10.49375, 4.08918
12.53083, 9.21076
10.92807, 6.76707
12.67520, 7.37265
12.12380, 4.91913
14.25121, 3.86175
7.51291, 1.05543
5.41116, -0.17714
6.53659, -1.54700
8.68070, -0.26461
7.30353, -3.80097
8.83821, -2.42614
12.10379, -1.16924
10.16328, 0.72459
0.23682, -1.71795
2.45875, -1.90742
1.44611, -0.24356
4.48493, -1.65602
3.82018, 0.70284
1.03349, 1.95851
-0.52943, 3.59234
-2.97600, 1.86689
13.82820, 5.69761
16.14093, 5.86043
16.45478, 7.66878
14.70444, 8.24523
15.59432, 11.45822
-0.56964, 1.14181
-3.31672, -0.72036
-1.53910, -1.22542
8.35337, 8.44580
5.31463, 8.95889
5.03203, 10.72007
8.73873, 13.19598
7.09871, 12.41574
7.15714, 9.86441
9.08339, 10.71527
10.75539, 9.00473
1.53126, 3.64450
2.94951, 5.27632
4.77629, 3.50263
5.63977, 1.87013
5.55211, 5.66090
7.16871, 4.80132
8.30064, 6.13623
6.22547, 7.39094
-1.34667, 7.35734
0.57276, 5.17340
1.72575, 6.58554
3.46531, 7.19520
0.84422, 8.12110
2.79738, 8.91500
-0.23804, 10.79166
-2.08199, 10.64330
11.94756, 11.30212
13.86555, 10.50726
13.47364, 12.94130
10.70998, 12.82743
9.08474, 16.26172
-3.99963, 10.51107
-2.45051, 8.95738
-4.01453, 7.32962
5.16500, 16.85064
3.26483, 17.98528
3.97403, 15.44322
-4.60525, 16.74518
-5.28848, 15.08050
-3.42889, 12.34775
-2.60203, 14.86661
-0.48592, 13.93185
1.63331, 16.92502
2.25531, 14.45373
0.66153, 12.57839
2.28317, 11.66780
3.78130, 12.49859
5.37550, 14.37079
7.18209, 14.69246
7.41333, 16.94276
-7.56276, 11.12500
-5.75449, 10.79774
-5.08599, 13.02914
-7.49964, 13.45194
-7.13539, 15.23941
-6.80330, 17.03334
-8.96485, 16.73316
-9.92318, 14.77819
-1.38918, 16.19786
0.60220, 15.41014
-0.06957, 17.43900
1.39623, 19.72391
-2.76715, 19.06395
-11.98618, 13.24037
-9.87634, 13.00466
-9.40841, 10.99141
