1.921 -0.210
-0.865 1.243
-0.506 -1.163
1.057 1.372
-2.164 -0.563
2.766 -1.844
-0.388 3.094
-2.263 -2.857
3.267 0.955
-3.184 2.273
0.679 -3.390
2.011 3.090
-3.741 -1.441
4.448 -1.157
-1.972 4.425
-0.923 -4.092
4.163 2.561
-5.845 1.024
3.264 -4.258
0.964 5.355
-4.131 -3.171
6.112 -0.090
-3.678 4.015
0.895 -6.154
4.098 4.902
-5.885 -1.540
4.920 -2.836
-1.068 5.951
-2.409 -5.186
6.071 2.594
-5.274 2.783
2.713 -6.324
2.404 6.442
-5.952 -3.336
7.158 -2.217
-3.467 5.780
-0.809 -7.405
5.899 4.617
-7.953 0.103
5.591 -6.089
-0.198 8.124
-4.358 -6.056
7.467 1.420
-6.008 4.662
1.653 -7.952
4.002 7.260
-7.596 -2.491
6.482 -3.854
-2.372 7.888
-2.501 -7.980
7.507 3.706
-8.439 1.849
4.497 -7.514
1.558 8.264
-6.489 -5.038
8.196 -0.702
-5.870 6.426
-0.070 -9.064
5.660 6.504
-9.664 -0.657
7.525 -5.356
-2.167 9.706
-4.734 -7.957
9.225 3.187
-8.438 4.585
3.192 -8.845
4.326 9.034
-8.406 -4.190
9.159 -2.678
-4.431 8.046
-2.980 -10.022
8.771 5.004
-10.221 1.732
6.677 -8.178
1.180 11.008
-7.643 -7.647
10.450 0.836
-7.643 6.816
1.230 -10.834
6.142 8.861
-10.144 -2.365
9.393 -5.344
-3.922 9.810
-4.825 -10.147
10.797 4.263
-10.267 4.767
5.448 -9.624
3.278 10.579
-9.963 -6.460
10.787 -1.971
-7.569 9.547
-1.247 -10.422
9.180 7.366
-11.897 0.197
8.507 -8.243
-1.152 11.194
-6.247 -8.881
11.102 2.509
-10.213 6.552
2.911 -11.725
5.412 10.569
-11.221 -3.788
11.200 -4.788
-5.632 10.606
-3.792 -11.650
10.460 6.097
-12.512 3.191
7.098 -11.049
2.085 12.815
-9.515 -8.266
12.079 -0.636
-9.254 8.856
-0.095 -12.965
7.801 9.577
-12.100 -1.665
10.062 -7.175
-2.490 12.386
-6.521 -11.029
12.492 3.646
-12.014 5.314
4.860 -11.543
4.568 12.184
-11.650 -5.964
12.523 -2.603
-7.221 11.334
-2.780 -13.140
10.944 7.785
-13.951 1.490
8.744 -10.300
-0.326 12.740
-9.709 -10.008
13.184 0.694
-10.887 8.197
2.743 -13.664
7.508 12.013
-13.931 -3.486
11.906 -6.751
-4.088 13.172
-5.880 -12.676
12.360 5.499
-14.121 4.016
6.391 -12.753
3.645 13.799
-12.004 -8.411
14.480 -1.474
-8.912 10.745
-1.386 -14.401
10.662 10.101
-14.059 -0.884
10.638 -9.674
-2.276 14.575
-8.899 -12.154
14.088 2.719
-12.685 7.539
4.510 -14.902
6.342 13.352
-14.094 -6.088
13.497 -4.299
-7.416 13.113
-4.527 -14.731
12.743 7.198
-15.365 2.642
9.273 -12.238
1.291 14.494
-11.520 -10.237
15.853 -0.258
-12.126 10.862
1.187 -14.808
9.319 11.955
-15.569 -2.868
13.392 -7.747
-4.037 14.906
-7.209 -14.267
14.152 5.413
-13.735 5.990
7.054 -14.933
4.692 15.205
-13.913 -7.855
15.299 -4.012
-9.277 12.952
-2.507 -16.108
12.359 9.475
-16.455 0.770
11.572 -11.209
-0.775 16.742
-10.733 -12.210
16.179 2.197
-13.747 8.964
2.854 -15.585
7.919 14.350
-15.603 -5.019
15.146 -7.906
-6.738 14.878
-6.030 -15.712
14.726 7.129
-16.149 4.885
8.835 -14.394
2.920 17.205
-13.303 -10.534
16.182 -2.148
-10.616 11.862
-0.299 -16.206
12.081 12.082
-16.733 -1.210
13.064 -9.945
-2.566 16.736
-8.901 -14.915
16.623 5.225
-15.473 7.534
5.387 -16.723
5.789 16.599
-15.733 -7.935
16.845 -4.918
-8.917 14.777
-3.802 -17.350
14.207 9.522
-17.187 2.694
11.673 -12.960
1.098 17.332
-12.502 -12.130
17.645 0.882
-13.981 11.087
3.328 -17.251
10.112 15.622
-18.019 -4.754
16.587 -9.045
-5.671 16.335
-7.553 -16.699
16.991 7.128
-16.978 6.528
9.186 -16.176
4.594 18.242
-15.235 -10.105
17.794 -2.796
-10.708 14.523
-1.253 -17.783
13.916 13.100
-18.698 0.710
13.633 -11.699
-1.523 18.735
-11.824 -15.198
17.253 3.578
-15.414 9.974
5.767 -18.530
8.504 16.507
-17.356 -6.394
17.597 -7.136
-8.928 17.322
-5.871 -18.085
16.860 9.539
-19.110 3.262
11.504 -15.430
3.012 19.149
-15.165 -12.670
18.987 -0.197
-14.074 12.880
