-1.844 0.579
0.607 -1.388
0.723 1.042
-1.303 -1.141
2.232 0.132
-2.355 2.346
-0.220 -3.110
2.775 2.363
-3.390 -0.302
2.682 -2.848
-0.008 3.457
-2.573 -2.640
3.950 0.687
-4.138 1.999
1.075 -4.724
1.700 3.834
-4.581 -1.704
5.535 -2.139
-2.374 4.811
-1.986 -5.066
4.669 2.308
-5.979 1.276
2.828 -4.653
0.317 6.211
-4.972 -4.013
6.072 0.368
-4.275 3.737
-0.109 -6.045
3.370 4.619
-6.459 -1.366
4.633 -3.754
-1.433 6.731
-3.610 -5.852
6.487 2.116
-6.591 3.566
2.278 -6.343
2.232 7.106
-6.684 -3.384
7.781 -1.645
-4.301 7.059
-1.384 -8.008
5.451 5.094
-7.601 0.058
4.988 -5.740
-0.077 8.122
-5.336 -6.344
7.935 0.969
-5.610 5.039
0.795 -8.199
4.003 7.343
-8.084 -2.177
7.919 -3.453
-2.952 8.244
-3.134 -7.804
7.344 3.682
-7.904 2.280
4.510 -7.444
1.829 8.877
-6.816 -5.281
9.607 -1.233
-6.342 6.715
0.241 -9.942
6.189 6.886
-9.668 -1.334
7.387 -6.136
-1.414 9.296
-5.999 -8.022
9.059 2.477
-8.464 4.406
2.784 -8.753
4.869 9.252
-9.576 -3.206
9.690 -3.685
-4.962 9.319
-3.295 -10.569
8.982 6.016
-10.413 1.209
6.174 -8.170
0.897 10.867
-7.746 -7.500
10.410 0.350
-8.176 7.067
1.942 -10.385
6.704 9.017
-11.419 -2.085
9.146 -6.671
-3.475 10.499
-5.271 -9.740
11.028 4.401
-10.199 4.029
5.570 -10.835
3.247 9.982
-10.436 -5.443
11.633 -2.504
-6.744 9.738
-1.044 -11.204
7.853 7.499
-11.378 -0.305
8.746 -8.411
-0.578 12.067
-7.361 -9.317
11.743 1.536
-10.057 6.872
3.465 -11.498
5.982 10.692
-11.445 -3.949
11.654 -5.560
-4.817 12.217
-4.534 -12.166
10.939 6.260
-11.726 2.970
7.357 -10.484
2.611 12.700
-9.513 -7.879
12.192 -0.717
-8.477 8.993
0.037 -12.634
8.539 9.552
-12.962 -1.150
10.753 -7.546
-2.526 12.268
-6.848 -11.065
12.587 3.588
-11.779 4.986
4.882 -12.520
5.279 12.349
-12.248 -5.510
13.396 -4.172
-6.577 11.803
-2.154 -12.560
11.468 7.932
-13.068 1.880
9.087 -10.155
-0.037 13.937
-9.699 -10.326
14.343 0.714
-10.368 8.935
1.452 -13.715
8.230 11.292
-13.193 -2.994
13.072 -6.682
-3.793 13.751
-6.256 -12.828
13.409 5.920
-13.918 4.258
6.655 -12.271
4.157 13.858
-12.421 -7.838
13.963 -1.864
-8.556 11.556
-0.598 -14.739
11.091 10.194
-14.348 0.070
10.979 -9.860
-1.530 15.494
-8.815 -11.866
15.008 3.235
-12.405 6.838
4.728 -14.304
7.302 13.572
-13.898 -4.586
14.559 -5.576
-6.719 13.806
-4.082 -13.967
13.289 7.804
-15.501 3.332
9.785 -13.011
1.712 14.757
-11.464 -9.918
15.830 -0.211
-11.632 10.201
1.065 -15.406
9.843 12.595
-14.934 -2.561
12.310 -8.544
-4.019 16.019
-7.556 -14.004
15.173 5.003
-14.229 6.908
6.584 -14.507
5.588 15.314
-13.964 -6.894
15.993 -3.951
-9.174 13.243
-2.492 -16.573
12.900 9.893
-16.297 0.988
11.744 -11.463
0.227 15.843
-10.556 -12.539
16.280 1.893
-13.322 10.697
3.720 -15.904
8.967 14.242
-15.830 -4.133
14.893 -7.929
-5.871 15.836
-6.206 -16.310
15.095 7.749
-15.456 5.250
8.110 -13.698
3.442 15.839
-14.197 -9.505
16.649 -2.063
-10.883 12.293
-0.734 -16.916
11.629 12.902
-17.321 -1.897
13.715 -10.396
-2.036 17.451
-8.903 -15.159
16.974 4.728
-15.569 8.096
5.877 -16.228
7.100 16.281
-15.785 -6.581
16.337 -5.981
-8.933 14.981
-4.444 -16.788
14.620 9.471
-17.481 2.562
11.561 -13.592
0.086 17.569
-12.954 -13.360
18.599 1.163
-14.514 12.095
2.390 -17.126
10.653 14.914
-18.052 -3.692
15.387 -9.701
-5.869 17.652
-8.050 -17.002
16.908 6.954
-16.912 6.199
7.683 -16.327
4.683 17.201
-16.196 -10.148
18.204 -4.328
-11.101 14.124
-2.145 -18.674
14.551 12.612
-17.619 -0.159
13.183 -12.778
-2.058 19.297
-11.548 -14.540
18.267 2.901
-15.876 10.418
5.394 -18.726
9.272 16.600
-18.392 -6.082
18.112 -6.912
-8.288 17.371
-6.674 -18.199
17.337 9.483
-18.587 3.881
11.305 -15.368
