-1.715 -0.891
1.410 -0.554
-0.224 1.248
-0.118 -1.728
1.488 1.669
-3.324 -0.000
2.040 -2.358
0.298 3.633
-2.188 -2.607
3.910 -0.125
-2.446 2.443
0.041 -3.686
2.313 3.274
-4.342 -1.505
4.096 -2.588
-1.502 3.916
-2.042 -4.441
5.431 2.391
-5.078 1.732
2.169 -4.990
1.678 4.931
-5.135 -3.317
5.287 -1.300
-4.159 4.623
-0.689 -6.352
4.041 4.546
-5.666 -0.371
4.190 -4.358
-0.873 5.651
-3.611 -5.527
5.932 0.611
-5.766 3.756
1.574 -6.694
3.101 6.078
-7.186 -2.127
6.091 -2.885
-3.435 6.609
-2.346 -7.115
6.673 4.327
-8.030 1.964
4.672 -6.649
0.265 7.456
-5.425 -5.325
7.585 -0.545
-5.787 5.699
0.699 -8.260
4.937 6.287
-7.531 -0.390
6.351 -5.247
-2.347 8.027
-4.190 -7.248
8.047 3.144
-7.910 3.756
3.289 -7.740
2.603 7.792
-7.208 -3.964
8.449 -2.090
-4.971 7.579
-1.101 -8.552
7.676 5.908
-9.232 0.280
7.188 -6.872
-0.476 9.246
-5.907 -7.769
9.564 0.867
-7.563 5.587
1.414 -9.917
4.668 8.150
-9.106 -2.853
8.151 -4.235
-3.082 9.991
-4.520 -9.030
9.465 4.230
-10.092 3.099
5.126 -9.813
2.116 10.602
-8.230 -6.494
10.140 -1.430
-7.035 8.331
-0.193 -10.780
7.127 7.596
-10.780 -0.766
8.706 -5.985
-1.616 11.119
-6.617 -9.537
11.187 1.731
-9.872 4.984
3.142 -10.620
4.705 10.902
-10.068 -4.345
11.594 -3.743
-4.746 9.362
-3.550 -11.222
10.008 6.437
-11.651 2.138
7.169 -8.673
0.270 10.855
-7.844 -8.247
12.132 0.215
-8.927 8.139
1.362 -11.795
7.234 9.377
-11.974 -2.231
10.570 -5.699
-3.309 11.796
-5.319 -10.876
12.180 4.288
-12.036 5.254
5.376 -11.818
3.330 12.156
-10.402 -6.173
12.612 -2.233
-7.115 10.839
-1.177 -12.296
9.142 8.099
-12.352 0.387
8.944 -8.923
-0.694 12.794
-8.370 -9.965
12.944 2.245
-10.448 6.907
2.960 -12.671
6.383 11.426
-11.863 -4.783
12.296 -5.422
-4.978 12.474
-4.786 -12.549
12.433 6.501
-12.990 3.718
7.340 -10.418
2.524 13.713
-10.584 -7.893
13.605 -0.779
-9.864 9.846
0.419 -14.160
9.656 10.630
-13.651 -0.990
10.709 -8.690
-2.141 13.808
-7.232 -11.433
13.976 4.494
-12.393 7.063
4.624 -13.502
5.320 13.658
-12.865 -6.808
13.376 -3.995
-6.837 12.750
-3.266 -14.319
11.206 8.536
-14.218 2.146
9.981 -10.863
0.660 15.050
-10.212 -10.078
14.736 0.766
-12.020 9.895
2.132 -14.627
8.347 12.885
-13.614 -3.912
13.446 -6.795
-4.408 14.767
-6.608 -13.058
14.249 6.327
-14.505 5.036
6.968 -12.775
3.904 14.908
-13.332 -8.581
16.115 -2.309
-9.204 11.661
-1.120 -15.117
11.362 11.024
-15.440 -0.985
11.629 -10.161
-1.918 15.870
-8.771 -12.356
14.750 2.637
-14.154 8.510
4.533 -15.254
7.216 14.255
-14.955 -5.151
14.904 -5.628
-6.852 14.792
-5.025 -14.740
14.117 8.490
-15.846 2.905
9.934 -13.499
2.155 16.113
-12.241 -10.804
16.411 0.170
-11.022 11.383
1.374 -16.333
10.196 12.833
-16.987 -1.826
13.861 -8.640
-3.701 16.418
-8.295 -14.102
16.146 4.896
-15.337 7.073
7.117 -15.934
5.223 16.144
-14.654 -7.191
15.413 -3.978
-8.743 13.649
-3.347 -16.754
13.250 10.291
-16.386 1.025
11.421 -12.500
-0.870 17.347
-10.931 -13.570
17.053 2.317
-13.761 10.924
4.394 -17.022
8.686 15.331
-16.743 -5.255
15.618 -7.346
-6.463 16.544
-6.536 -15.804
15.794 7.295
-16.902 4.306
8.703 -15.029
3.671 17.028
-14.191 -10.524
17.783 -1.467
-12.341 12.506
0.255 -18.607
12.353 13.952
-18.819 -1.678
13.782 -10.444
-2.982 18.084
-10.181 -15.357
17.747 3.989
-16.618 8.361
6.299 -17.725
7.068 16.860
-16.356 -7.547
16.967 -6.141
-8.824 15.489
-4.309 -18.620
15.950 9.784
-17.833 2.169
11.662 -14.742
1.405 19.204
-12.368 -12.550
18.357 0.254
-15.079 12.216
2.084 -18.451
10.892 14.949
-18.600 -3.827
17.039 -9.457
-5.150 18.303
-8.734 -17.291
17.708 7.889
-18.133 6.454
8.119 -17.602
5.586 18.955
-15.905 -10.371
18.855 -2.906
