-1.499 -1.220
1.493 -0.257
-0.472 1.177
0.235 -1.716
1.119 1.936
-3.255 -0.674
2.476 -1.896
-0.445 3.618
-1.614 -2.996
3.854 0.671
-2.891 1.897
0.788 -3.601
1.601 3.675
-3.947 -2.354
4.535 -1.703
-2.265 3.530
-1.099 -4.762
4.833 3.443
-5.324 0.666
3.136 -4.447
0.643 5.168
-4.356 -4.289
5.441 -0.200
-5.011 3.684
0.613 -6.360
3.035 5.271
-5.473 -1.512
4.987 -3.418
-2.001 5.357
-2.415 -6.144
5.685 1.801
-6.408 2.509
2.899 -6.235
1.804 6.581
-6.605 -3.540
6.550 -1.590
-4.704 5.775
-0.854 -7.442
5.657 5.590
-8.261 0.295
5.923 -5.563
-1.252 7.355
-4.232 -6.314
7.538 1.004
-6.823 4.407
2.359 -7.947
3.559 7.158
-7.295 -1.909
7.282 -3.850
-3.926 7.384
-2.633 -7.947
7.242 4.710
-8.507 2.074
4.790 -6.912
0.969 8.158
-6.255 -5.343
8.697 -0.333
-6.404 6.414
0.656 -8.597
6.318 7.342
-9.097 -1.598
8.432 -5.272
-2.342 8.957
-4.208 -8.806
9.189 2.789
-8.539 3.937
3.395 -9.424
2.919 8.927
-8.338 -4.641
8.840 -2.494
-5.044 9.158
-2.595 -9.759
8.410 6.061
-10.511 0.988
7.009 -8.569
-0.078 10.811
-6.742 -8.028
10.219 0.656
-8.578 6.731
1.997 -10.595
5.438 8.883
-10.400 -2.936
9.739 -4.095
-3.837 10.560
-4.546 -10.681
10.604 3.963
-10.678 2.879
5.230 -9.762
2.396 11.630
-8.978 -6.297
12.112 -1.314
-6.546 8.206
-1.201 -11.709
8.494 8.333
-11.843 -0.270
8.779 -7.039
-1.937 10.684
-6.009 -9.667
11.837 2.671
-10.392 6.160
3.726 -11.274
5.182 10.649
-11.273 -4.613
11.507 -3.437
-5.633 10.880
-3.003 -11.729
11.057 6.668
-12.851 2.704
7.661 -10.483
0.796 12.579
-8.934 -8.154
12.803 0.371
-9.165 9.171
1.341 -12.279
7.310 9.784
-12.174 -2.126
10.568 -6.924
-3.274 12.387
-6.175 -11.455
12.219 4.823
-11.632 4.645
5.468 -11.808
3.934 12.483
-10.647 -7.089
13.140 -2.816
-7.404 11.205
-2.142 -13.259
10.857 8.887
-13.474 1.006
9.300 -8.713
-0.309 13.940
-8.763 -9.875
13.480 1.996
-11.656 7.641
3.282 -13.781
7.300 12.367
-13.167 -3.737
12.249 -6.338
-4.897 13.087
-4.763 -12.662
12.774 7.235
-13.568 4.404
7.266 -12.284
2.439 14.453
-11.217 -9.276
13.908 -1.199
-9.281 11.099
-0.294 -14.684
9.242 10.631
-14.357 -0.782
11.976 -8.613
-2.405 14.871
-7.956 -11.940
14.275 3.738
-13.777 7.252
5.054 -13.891
5.561 14.310
-12.538 -6.592
14.544 -3.927
-7.311 13.567
-3.822 -14.127
12.670 9.085
-15.225 1.990
9.414 -11.096
0.800 15.390
-11.315 -11.107
16.249 1.007
-11.377 9.552
1.969 -15.030
8.890 13.099
-14.919 -4.096
13.448 -7.592
-5.096 15.151
-6.083 -13.878
13.909 5.574
-15.586 5.463
7.532 -14.017
4.176 15.422
-13.599 -8.076
15.736 -2.489
-9.709 13.095
-1.931 -15.453
12.102 11.176
-16.106 -0.369
12.465 -11.204
-1.158 16.215
-9.796 -13.062
16.035 3.494
-13.101 8.911
4.657 -15.715
7.381 14.634
-16.264 -5.233
15.325 -5.649
-6.953 15.326
-5.263 -15.491
14.818 8.068
-16.453 3.816
10.200 -14.159
1.840 16.868
-12.892 -10.013
15.900 -0.770
-11.329 11.593
0.120 -17.085
10.888 12.764
-16.254 -2.319
13.719 -9.924
-4.370 16.810
-7.952 -15.505
16.228 5.727
-15.690 7.907
7.755 -15.777
5.397 16.774
-15.329 -8.541
16.783 -4.026
-9.684 14.890
-3.196 -16.801
13.986 10.347
-17.424 0.789
11.570 -12.952
0.141 17.419
-11.762 -13.183
17.711 2.170
-14.621 9.743
4.023 -18.169
9.267 16.167
-18.087 -5.459
15.613 -7.432
-6.587 17.104
-6.855 -17.103
16.569 7.505
-17.968 4.817
9.763 -16.080
3.502 17.943
-14.485 -10.707
17.860 -2.573
-11.782 13.378
-0.444 -19.107
13.634 12.815
-17.902 -1.492
14.409 -12.070
-2.519 19.090
-9.566 -14.797
17.924 3.972
-17.243 8.904
5.782 -17.645
7.634 16.847
-17.437 -7.519
18.603 -5.805
-8.755 16.879
-5.047 -18.703
15.741 11.316
-19.065 2.643
11.520 -15.590
1.626 19.694
-13.472 -13.381
19.053 0.978
