-1.244 1.479
-0.234 -1.497
1.169 0.491
-1.712 -0.262
1.954 -1.088
-0.725 3.244
-1.857 -2.505
3.610 0.502
-3.021 1.567
0.731 -3.843
1.851 2.920
-3.589 -0.844
3.700 -1.543
-2.416 3.910
-1.632 -4.562
3.494 2.320
-4.779 1.024
3.518 -4.778
0.583 5.333
-4.397 -3.205
5.178 -0.562
-4.357 4.288
-0.115 -5.444
3.604 5.068
-6.349 -0.713
5.318 -2.952
-1.598 5.449
-3.339 -5.040
5.324 2.085
-6.181 2.318
1.890 -5.656
2.408 6.447
-6.189 -2.996
6.608 -1.700
-3.643 6.549
-1.487 -6.574
5.701 4.794
-7.455 0.737
5.679 -5.568
0.165 8.265
-5.470 -6.010
7.335 1.368
-6.380 4.133
1.123 -7.521
4.299 6.891
-7.909 -2.484
7.213 -3.447
-2.024 7.264
-3.735 -7.342
7.321 4.042
-7.988 2.508
4.824 -7.167
1.940 8.539
-6.836 -4.898
8.172 -0.841
-5.441 6.170
-0.196 -8.701
6.312 6.504
-8.586 -0.791
7.440 -6.202
-1.740 9.071
-5.139 -8.514
8.919 2.482
-8.871 4.069
2.933 -9.144
3.803 8.600
-9.369 -3.543
8.972 -2.778
-4.771 8.264
-2.355 -8.878
9.078 5.187
-9.798 2.442
6.193 -8.314
0.822 10.525
-8.458 -7.143
10.808 0.248
-8.133 6.615
0.817 -10.208
6.596 8.683
-10.563 -2.163
8.968 -5.298
-3.099 10.353
-3.942 -9.802
10.499 4.003
-10.751 4.377
4.130 -10.540
2.711 10.722
-9.679 -5.383
11.666 -2.213
-6.437 8.878
-1.124 -12.131
8.102 6.674
-11.726 1.017
8.465 -8.362
-0.456 11.837
-6.901 -8.888
10.652 2.105
-9.760 5.856
2.857 -11.793
5.996 10.488
-11.214 -3.902
10.729 -5.014
-4.790 11.199
-3.256 -11.559
10.790 5.803
-11.775 2.818
6.841 -10.951
2.502 12.892
-10.361 -7.825
12.590 -0.598
-8.293 8.805
0.572 -12.796
9.026 9.308
-12.256 -1.534
9.898 -7.156
-2.317 12.139
-6.757 -10.675
12.334 3.468
-11.550 5.995
5.015 -12.142
4.461 11.703
-11.720 -5.653
12.544 -3.737
-7.256 10.534
-2.610 -13.183
11.088 7.579
-13.291 1.933
9.056 -10.716
0.795 13.488
-8.566 -9.436
13.933 0.528
-10.011 8.607
2.208 -13.447
7.457 11.774
-13.728 -3.498
12.480 -7.104
-3.944 13.106
-6.144 -12.347
13.008 5.102
-12.735 4.563
7.435 -12.659
4.190 13.635
-12.168 -7.458
14.490 -2.212
-9.451 11.070
-0.980 -13.925
10.951 9.454
-14.687 0.063
10.774 -9.074
-1.007 14.343
-8.424 -12.110
14.831 2.639
-12.063 7.768
3.962 -14.214
7.035 13.889
-13.810 -5.272
14.395 -5.335
-6.788 12.433
-3.698 -14.604
13.450 7.523
-14.185 3.600
9.283 -12.526
1.751 15.254
-10.947 -9.587
15.401 -0.558
-11.283 11.139
1.262 -16.231
9.372 11.526
-14.997 -2.205
13.237 -8.684
-4.329 14.853
-7.380 -13.565
15.069 5.334
-13.971 5.864
5.791 -13.820
5.217 15.669
-13.897 -7.751
15.485 -3.933
-8.289 13.471
-2.242 -15.773
12.941 9.914
-15.482 1.688
11.365 -11.925
-0.622 16.098
-11.007 -12.639
16.195 1.412
-13.214 9.589
3.746 -15.978
8.704 13.240
-15.640 -4.904
14.748 -7.151
-5.488 16.180
-5.408 -15.412
15.215 7.193
-15.571 5.019
8.300 -14.689
3.557 16.511
-13.997 -10.421
16.895 -1.575
-10.214 12.733
-0.520 -15.910
11.413 11.510
-17.081 -0.388
12.933 -10.686
-2.574 16.215
-9.708 -13.873
16.740 4.633
-15.628 7.707
5.981 -16.136
7.659 15.812
-15.653 -8.001
16.857 -5.132
-8.781 15.193
-3.762 -16.844
14.736 9.917
-16.849 2.931
10.565 -13.822
0.515 17.435
-12.768 -11.772
17.419 0.132
-13.366 11.553
2.448 -17.675
9.512 14.772
-18.104 -4.307
16.311 -9.012
-5.743 17.999
-7.186 -15.728
16.998 6.855
-17.208 6.586
7.764 -16.449
4.534 18.041
-15.924 -10.014
17.996 -3.220
-10.933 14.315
-2.292 -17.898
13.191 11.991
-19.112 0.143
13.028 -13.431
-1.774 17.877
-11.843 -14.597
19.048 2.819
-14.945 9.332
4.253 -17.860
8.632 17.381
-17.552 -6.059
16.965 -7.368
-7.792 17.317
-5.513 -18.691
16.739 9.019
-18.780 4.752
11.562 -15.561
2.343 19.104
-15.407 -11.763
19.717 -1.317
-13.591 13.260
1.277 -19.035
