-1.806 -0.688
1.337 -0.713
-0.079 1.266
-0.316 -1.703
1.670 1.487
-3.302 0.382
1.755 -2.577
0.713 3.575
-2.473 -2.338
3.870 -0.573
-2.149 2.708
-0.383 -3.667
2.674 2.987
-4.487 -0.996
3.771 -3.041
-1.042 4.063
-2.539 -4.176
5.669 1.751
-4.845 2.304
1.581 -5.206
2.233 4.705
-5.482 -2.704
5.103 -1.899
-3.600 5.071
-1.415 -6.231
4.537 4.052
-5.671 0.283
3.661 -4.811
-0.218 5.714
-4.222 -5.075
5.963 -0.075
-5.296 4.394
0.794 -6.830
3.779 5.681
-7.382 -1.287
5.719 -3.566
-2.653 6.960
-3.148 -6.798
7.126 3.531
-7.751 2.874
3.877 -7.142
1.121 7.376
-6.001 -4.666
7.472 -1.413
-5.094 6.326
-0.255 -8.286
5.627 5.678
-7.526 0.478
5.705 -5.942
-1.409 8.243
-4.995 -6.719
8.355 2.198
-7.426 4.640
2.377 -8.067
3.481 7.441
-7.616 -3.109
8.153 -3.047
-4.067 8.100
-2.076 -8.368
8.304 4.987
-9.139 1.340
6.351 -7.653
0.589 9.239
-6.760 -7.039
9.600 -0.238
-6.871 6.419
0.264 -10.013
5.574 7.559
-9.374 -1.788
7.610 -5.144
-1.913 10.279
-5.528 -8.450
9.888 3.114
-9.669 4.238
3.964 -10.337
3.320 10.289
-8.922 -5.505
9.909 -2.586
-6.031 9.084
-1.431 -10.686
7.953 6.726
-10.796 0.478
7.961 -6.946
-0.328 11.231
-7.669 -8.713
11.312 0.434
-9.234 6.086
1.901 -10.911
5.927 10.289
-10.501 -3.159
11.087 -5.051
-3.638 9.846
-4.817 -10.740
10.681 5.244
-11.328 3.463
6.125 -9.440
1.516 10.752
-8.740 -7.291
12.077 -1.180
-7.933 9.111
-0.003 -11.874
8.263 8.484
-12.152 -0.840
9.845 -6.876
-1.932 12.098
-6.534 -10.193
12.592 2.859
-11.352 6.602
3.982 -12.358
4.705 11.693
-11.043 -4.936
12.272 -3.668
-5.822 11.585
-2.582 -12.079
10.013 6.994
-12.226 1.804
7.859 -9.892
0.781 12.789
-9.460 -8.937
13.116 0.743
-9.585 8.062
1.484 -12.927
7.654 10.617
-12.334 -3.388
11.591 -6.800
-3.511 12.963
-6.197 -11.916
13.098 5.028
-12.476 5.186
6.094 -11.192
4.084 13.332
-11.421 -6.624
13.426 -2.337
-8.667 10.915
-1.211 -14.115
10.814 9.450
-13.674 0.586
9.639 -9.863
-0.540 13.963
-8.498 -10.526
14.400 2.858
-11.499 8.441
3.041 -13.944
6.854 12.956
-13.562 -5.285
12.828 -5.506
-5.327 13.451
-4.890 -13.849
12.113 7.191
-13.877 3.766
8.666 -11.938
2.386 14.874
-11.303 -8.838
14.727 -0.933
-10.803 11.211
0.437 -14.775
9.773 11.840
-13.973 -2.322
12.575 -8.295
-2.681 15.176
-8.065 -12.212
14.882 4.647
-13.830 6.670
5.454 -13.491
5.592 14.361
-14.230 -6.992
15.743 -4.146
-7.803 12.642
-2.850 -14.888
12.554 9.645
-15.451 0.796
10.384 -11.430
-0.081 15.985
-10.133 -11.266
14.955 0.924
-13.082 10.080
2.749 -15.673
8.807 13.331
-15.447 -3.398
14.159 -7.304
-5.106 15.482
-6.686 -14.065
15.000 6.811
-15.407 4.707
8.316 -14.551
3.993 15.759
-13.402 -9.326
16.321 -1.717
-9.641 12.574
-0.513 -16.382
11.603 11.576
-17.084 0.138
12.776 -10.176
-1.789 16.734
-9.861 -13.055
16.602 3.008
-14.423 8.789
5.238 -16.646
7.043 15.437
-15.384 -5.459
14.854 -5.724
-7.116 14.563
-5.251 -16.259
14.345 8.700
-16.160 2.902
9.909 -13.730
1.130 17.332
-12.418 -12.224
17.206 0.342
-12.414 12.433
2.408 -17.414
10.391 14.231
-17.236 -3.296
14.670 -9.092
-4.519 17.177
-8.309 -14.948
16.527 5.432
-16.296 6.220
6.918 -15.929
5.604 16.493
-15.306 -8.823
17.497 -3.501
-10.822 13.841
-1.886 -18.513
13.875 12.440
-18.887 0.496
12.490 -11.958
-0.883 18.307
-11.879 -14.085
18.088 1.923
-15.547 10.215
4.220 -18.332
8.959 15.936
-17.115 -5.617
16.149 -8.051
-6.986 16.401
-6.421 -18.002
16.969 7.886
-17.466 4.204
9.890 -15.984
3.603 18.916
-13.728 -11.045
18.265 -1.857
-13.575 13.868
-0.051 -18.568
12.538 13.598
-18.916 -1.664
15.839 -11.353
-3.012 18.774
-10.664 -16.172
18.498 5.802
-17.271 8.496
6.042 -18.419
7.728 18.187
-16.992 -8.474
18.396 -5.054
