0.237 -1.918
1.011 1.128
-1.248 0.225
1.579 -0.713
-1.046 1.977
-1.159 -3.116
2.922 1.090
-3.301 1.545
1.681 -2.959
1.480 3.622
-3.143 -1.441
3.469 -1.246
-2.263 3.309
-0.103 -4.595
3.853 2.937
-4.194 -0.043
3.450 -3.462
-0.348 5.924
-3.393 -4.156
5.433 0.293
-4.037 3.291
1.319 -5.969
3.061 4.503
-5.783 -2.287
5.713 -2.860
-2.853 5.372
-1.628 -5.440
5.545 2.408
-5.601 1.152
3.921 -5.311
1.495 5.773
-5.530 -4.095
6.822 -0.858
-4.616 5.025
-0.511 -7.476
4.827 4.703
-7.392 -0.916
5.851 -4.679
-1.730 7.763
-4.640 -6.842
7.861 2.062
-6.896 2.848
3.100 -6.940
3.155 6.919
-7.359 -3.438
7.986 -2.224
-4.172 6.819
-2.259 -7.194
7.131 4.123
-8.342 0.598
5.333 -6.453
-0.142 8.638
-6.278 -6.105
8.401 0.385
-6.396 5.156
1.203 -8.138
4.904 7.191
-8.836 -2.017
7.632 -4.012
-2.862 9.254
-3.481 -8.556
8.947 4.342
-8.832 2.776
5.223 -8.244
2.521 9.266
-7.873 -5.142
9.787 -2.132
-6.011 7.216
-0.500 -9.529
6.810 6.164
-10.438 0.594
6.888 -7.384
-0.665 10.345
-6.422 -8.379
10.984 1.384
-9.200 5.679
3.218 -9.977
4.874 9.006
-10.261 -3.690
10.037 -3.939
-4.635 9.328
-3.040 -10.371
8.645 6.074
-10.985 2.361
6.632 -9.526
2.277 11.089
-8.113 -7.516
11.049 -0.757
-8.579 8.210
0.563 -10.951
7.549 9.562
-10.429 -1.185
9.281 -7.239
-2.545 11.624
-6.065 -10.175
10.628 3.696
-10.080 4.037
4.996 -10.227
4.027 11.446
-10.740 -5.530
11.530 -2.835
-6.268 10.048
-2.083 -12.001
9.026 7.921
-12.210 1.010
8.340 -8.777
0.227 12.910
-9.120 -9.450
12.951 0.919
-10.233 7.358
2.160 -11.902
6.489 11.043
-12.639 -2.891
11.115 -5.389
-4.404 11.392
-4.668 -11.443
11.481 5.273
-12.233 3.809
6.422 -11.318
2.407 12.915
-10.116 -7.385
12.908 -1.643
-8.485 9.966
0.348 -12.786
9.368 9.635
-13.427 -0.318
10.093 -8.860
-1.759 13.920
-8.013 -10.879
12.323 3.248
-11.973 7.146
3.708 -12.671
5.472 12.480
-12.667 -5.813
13.418 -4.543
-6.597 12.755
-3.831 -13.140
11.878 7.009
-13.688 2.806
8.195 -10.763
0.659 14.666
-10.940 -9.154
14.267 -0.373
-10.947 9.747
1.897 -14.431
8.407 11.145
-14.334 -1.964
12.283 -8.052
-4.094 13.478
-6.967 -12.578
13.660 5.568
-13.876 5.865
5.887 -13.085
4.419 14.079
-13.465 -7.817
14.453 -3.100
-9.167 12.315
-1.078 -14.124
11.055 10.234
-15.378 1.016
9.936 -10.745
-0.963 15.561
-9.776 -11.839
14.402 2.078
-12.613 8.856
3.396 -15.487
7.781 14.300
-14.138 -4.562
13.779 -6.319
-6.372 14.492
-4.459 -14.815
13.577 7.358
-15.543 3.734
8.523 -12.528
2.670 14.744
-12.910 -10.300
15.877 -1.069
-10.845 11.732
-0.385 -15.812
10.471 12.008
-16.253 -1.266
12.064 -9.848
-3.036 16.191
-8.246 -13.840
16.115 4.605
-14.352 7.636
5.860 -15.239
5.561 15.441
-14.511 -6.363
15.787 -4.406
-8.474 14.029
-4.210 -16.558
12.929 9.980
-16.678 2.254
10.326 -12.691
1.039 16.840
-11.976 -11.910
17.415 1.116
-13.311 10.522
1.632 -16.242
9.102 13.060
-15.841 -3.437
14.537 -8.977
-5.027 16.006
-6.673 -15.001
15.697 6.347
-16.563 5.231
8.909 -14.975
3.772 16.791
-15.036 -9.090
17.486 -1.815
-11.342 13.485
-0.911 -17.524
12.329 12.078
-17.760 -0.291
12.534 -11.635
-1.333 17.346
-9.927 -14.342
17.120 2.918
-14.681 9.376
4.917 -16.969
7.574 16.157
-16.023 -7.208
17.529 -6.247
-8.771 16.442
-4.987 -18.223
14.593 9.277
-17.989 3.509
10.845 -14.896
2.447 18.024
-13.629 -12.661
18.809 -0.274
-13.339 12.502
1.372 -17.960
11.670 13.762
-17.594 -2.872
15.951 -10.529
-3.611 18.360
-8.249 -15.959
17.882 5.792
-17.510 8.011
7.451 -15.967
6.161 17.295
-16.706 -9.875
18.020 -4.478
-10.215 15.419
-2.896 -18.767
14.803 12.674
-18.951 1.553
13.162 -14.214
-1.222 19.348
-12.370 -14.746
19.328 1.474
-15.819 11.843
4.177 -18.523
9.296 16.660
