-0.197 1.922
-1.034 -1.107
1.243 -0.251
-1.563 0.746
1.004 -1.998
1.224 3.091
-2.944 -1.028
3.268 -1.614
-1.618 2.994
-1.555 -3.590
3.172 1.375
-3.442 1.319
2.193 -3.356
0.199 4.592
-3.914 -2.856
4.194 -0.045
-3.377 3.533
0.224 -5.930
3.480 4.084
-5.438 -0.180
3.967 -3.375
-1.193 5.996
-3.155 -4.438
5.830 2.165
-5.652 2.979
2.739 -5.431
1.741 5.405
-5.595 -2.291
5.575 -1.269
-3.809 5.392
-1.616 -5.740
5.615 3.979
-6.803 1.001
4.510 -5.121
0.668 7.464
-4.925 -4.601
7.410 0.761
-5.751 4.800
1.567 -7.797
4.782 6.743
-7.902 -1.896
6.835 -2.992
-2.954 7.004
-3.299 -6.851
7.429 3.283
-7.937 2.391
4.028 -6.905
2.409 7.145
-7.216 -3.973
8.327 -0.772
-5.197 6.564
-0.039 -8.639
6.404 5.972
-8.407 -0.209
6.286 -5.289
-1.032 8.161
-5.053 -7.086
8.877 1.832
-7.546 4.171
2.668 -9.312
3.659 8.481
-9.036 -4.154
8.772 -2.961
-5.049 8.352
-2.714 -9.211
7.979 4.976
-9.741 2.336
5.859 -7.341
0.699 9.517
-6.938 -6.020
10.424 -0.813
-6.732 7.527
0.449 -10.357
6.596 8.243
-11.010 -1.154
9.079 -5.870
-3.008 10.042
-5.062 -8.902
10.336 3.474
-9.952 4.148
4.439 -9.423
3.256 10.305
-8.770 -5.892
10.933 -2.590
-6.431 9.663
-2.509 -11.039
8.268 7.344
-11.031 0.988
8.405 -8.388
-0.334 10.961
-7.748 -9.402
10.452 0.966
-9.127 7.432
2.301 -11.674
6.277 10.046
-10.703 -3.473
9.993 -4.247
-4.780 10.329
-4.266 -11.360
10.854 5.304
-11.469 3.076
6.056 -10.177
2.333 11.955
-9.190 -7.730
12.186 -1.265
-8.154 8.949
-0.497 -12.903
9.316 9.257
-12.967 -0.648
10.076 -7.571
-1.910 11.944
-6.719 -10.904
12.697 2.625
-10.999 5.620
4.164 -11.482
4.907 11.342
-11.589 -5.031
12.151 -4.065
-6.184 11.450
-2.677 -12.861
10.268 7.172
-12.871 1.913
8.274 -10.141
-0.080 12.791
-9.568 -9.437
13.430 0.036
-9.906 9.070
1.467 -13.953
8.239 10.709
-12.388 -2.989
11.821 -7.395
-3.442 12.746
-5.733 -12.363
12.786 5.547
-13.320 4.823
6.329 -12.891
4.105 13.057
-12.022 -6.758
13.627 -3.092
-7.968 10.933
-0.966 -14.649
11.130 8.923
-14.256 0.671
10.741 -9.974
-1.595 14.467
-8.638 -10.966
14.372 1.664
-12.111 8.308
3.811 -13.561
7.229 12.429
-13.774 -5.281
13.750 -6.154
-5.611 13.205
-4.713 -13.983
13.625 7.533
-14.385 3.402
8.907 -12.504
1.374 14.098
-11.267 -10.000
15.353 -1.338
-9.709 10.951
0.637 -15.578
10.022 11.632
-14.443 -1.776
12.424 -9.118
-3.071 15.555
-8.079 -14.134
14.230 4.265
-13.643 6.606
6.068 -14.622
4.768 14.718
-13.728 -7.072
15.461 -4.059
-8.259 12.703
-2.978 -14.685
13.123 10.027
-15.851 1.401
10.597 -11.957
0.716 15.800
-10.720 -11.786
16.276 0.925
-11.855 10.098
2.697 -16.251
8.534 13.664
-16.208 -4.267
14.188 -7.935
-5.539 15.359
-5.883 -15.321
14.641 6.058
-15.692 4.735
8.178 -14.204
4.555 16.466
-13.135 -9.707
16.627 -2.603
-10.058 12.904
-1.392 -16.814
12.222 11.656
-17.434 -0.751
13.088 -10.799
-1.291 16.272
-9.373 -12.867
15.909 3.104
-14.346 9.280
4.691 -16.108
6.985 14.858
-15.827 -6.017
16.449 -5.577
-8.593 15.158
-4.123 -16.708
15.223 8.773
-17.444 2.181
11.057 -13.720
1.278 17.501
-12.579 -11.817
17.762 -0.081
-12.288 11.895
0.969 -17.370
10.225 14.131
-17.177 -2.559
14.481 -9.681
-4.561 17.068
-7.910 -15.994
16.171 6.871
-17.394 6.613
8.425 -16.622
5.367 18.115
-14.784 -8.969
17.912 -3.885
-10.531 15.119
-2.824 -17.969
13.891 12.373
-18.800 0.668
13.074 -12.778
-0.996 17.985
-11.956 -13.515
17.650 2.503
-15.727 10.861
3.226 -18.432
8.581 15.782
-18.000 -5.416
17.339 -8.375
-7.115 16.119
-6.521 -17.162
16.909 9.523
-17.922 4.855
9.890 -15.630
3.289 18.702
-15.065 -12.361
18.914 -1.950
-12.861 14.486
0.816 -19.369
12.676 14.483
-19.355 -1.069
15.567 -12.172
-3.788 18.606
-9.643 -16.461
