-1.932 0.012
0.988 -1.148
0.384 1.209
-0.910 -1.474
2.095 0.782
-2.941 1.550
0.704 -3.038
1.958 3.075
-3.151 -1.286
3.401 -1.934
-1.024 3.302
-1.683 -3.280
3.573 1.818
-4.543 0.694
2.416 -4.199
0.497 4.165
-3.877 -2.976
5.919 -0.417
-3.684 3.900
-0.409 -5.426
3.783 3.579
-6.089 -0.539
4.071 -3.616
-1.523 6.029
-3.572 -5.297
5.695 2.137
-5.185 2.315
1.674 -5.809
1.863 5.406
-5.772 -3.205
5.532 -2.226
-3.349 6.012
-1.730 -6.655
5.578 3.930
-7.348 1.470
4.042 -5.393
0.044 7.449
-5.393 -5.199
7.921 0.715
-6.187 5.482
1.032 -8.061
3.712 6.472
-7.282 -2.180
6.455 -4.020
-2.462 7.740
-3.234 -7.633
7.300 3.259
-6.844 3.167
3.171 -7.603
1.667 8.195
-7.087 -4.458
8.584 -0.972
-5.245 7.012
-0.701 -8.381
5.937 5.679
-8.225 -0.144
6.499 -5.789
-0.862 9.023
-4.962 -7.051
9.545 1.647
-8.036 4.554
3.153 -9.431
3.891 8.401
-8.848 -4.118
8.864 -3.693
-4.085 8.470
-3.375 -9.431
7.930 5.032
-9.386 1.723
5.235 -7.547
1.934 10.275
-8.210 -5.879
10.345 -0.673
-7.482 7.448
-0.042 -11.071
6.816 8.392
-10.308 -1.906
8.303 -5.994
-2.338 10.650
-5.199 -9.446
9.847 3.395
-9.893 4.350
4.910 -9.355
3.756 10.589
-10.301 -5.350
10.703 -3.686
-6.408 9.013
-2.173 -10.860
9.247 7.450
-10.933 0.852
8.510 -8.718
0.169 10.495
-8.374 -8.271
11.855 1.027
-9.309 7.325
2.296 -11.016
5.301 9.476
-10.785 -3.637
10.832 -5.468
-4.101 11.363
-4.296 -11.069
10.772 4.921
-11.633 3.611
6.693 -9.971
2.574 11.978
-9.778 -7.140
12.774 -1.888
-8.196 10.261
-0.756 -12.962
8.615 9.200
-12.081 -0.609
10.115 -7.858
-1.239 12.906
-6.776 -10.328
11.864 2.900
-10.746 6.103
3.750 -12.064
5.353 11.641
-12.051 -4.911
12.497 -4.051
-6.021 10.983
-3.292 -12.589
10.976 7.130
-12.724 1.302
8.348 -10.531
1.414 13.356
-10.086 -8.868
14.030 -0.049
-9.757 9.347
1.634 -12.639
8.629 10.953
-13.043 -2.046
11.672 -7.034
-4.134 13.310
-6.234 -12.722
13.499 4.900
-12.537 5.491
5.420 -12.682
4.546 13.213
-11.729 -6.741
14.459 -2.543
-7.668 12.028
-2.207 -14.100
11.076 9.601
-14.555 -0.023
9.969 -9.772
-0.102 14.467
-9.567 -11.143
13.893 2.324
-11.576 8.529
3.762 -14.264
7.603 13.005
-13.734 -4.152
13.393 -6.195
-6.018 14.359
-4.936 -13.933
13.393 7.505
-13.867 2.888
8.725 -12.281
2.988 15.119
-11.935 -8.469
15.555 -1.049
-10.482 11.220
0.206 -14.550
10.407 11.367
-15.796 -1.373
13.179 -9.558
-2.703 14.608
-8.041 -12.850
15.192 4.453
-14.117 6.330
5.548 -14.412
5.705 14.933
-13.521 -6.839
14.278 -4.546
-8.551 14.129
-3.105 -15.607
13.031 9.244
-15.631 2.418
10.559 -11.930
0.838 16.280
-11.320 -10.695
16.447 0.926
-12.663 9.960
2.491 -16.574
9.421 13.249
-15.867 -3.848
14.596 -7.503
-4.441 15.209
-6.402 -15.088
15.004 6.597
-15.878 6.307
8.232 -14.107
4.383 16.249
-13.915 -8.605
16.566 -3.199
-10.268 13.410
-1.136 -17.414
12.149 11.845
-16.317 0.474
11.779 -10.708
-1.368 16.151
-10.775 -13.259
16.520 2.923
-14.017 8.549
4.273 -16.384
7.321 15.751
-15.998 -6.906
16.165 -5.903
-7.077 16.081
-4.052 -17.107
14.834 9.510
-17.261 3.160
10.389 -13.782
1.999 17.649
-13.153 -10.931
17.373 -0.913
-12.944 11.692
0.689 -17.353
11.189 13.351
-17.461 -2.691
15.046 -9.591
-5.084 16.818
-8.453 -16.578
17.434 6.581
-17.429 7.292
7.320 -15.666
5.797 17.387
-16.168 -8.837
17.559 -4.748
-10.800 15.146
-2.695 -18.617
14.116 11.618
-17.988 0.952
12.144 -13.346
-0.582 17.817
-12.496 -14.462
18.672 1.216
-14.763 10.236
3.441 -18.479
10.199 16.333
-16.793 -5.333
16.357 -8.337
-7.641 17.839
-6.762 -17.293
16.607 8.144
-18.238 5.289
10.661 -16.312
3.981 18.593
-15.791 -11.222
19.344 -1.280
-13.030 14.166
-1.027 -19.357
13.782 14.162
-18.907 -1.756
15.324 -11.365
