-1.908 -0.307
1.164 -0.969
0.180 1.255
-0.655 -1.604
1.937 1.117
-3.156 1.044
1.196 -2.880
1.423 3.356
-2.896 -1.788
3.673 -1.346
-1.555 3.088
-1.118 -3.513
3.224 2.383
-4.595 -0.065
3.076 -3.743
-0.197 4.190
-3.333 -3.575
5.907 0.565
-4.277 3.239
0.492 -5.419
3.141 4.154
-5.917 -1.536
4.612 -2.894
-2.497 5.695
-2.649 -5.814
5.264 3.047
-5.496 1.427
2.610 -5.453
0.946 5.639
-5.164 -4.113
5.824 -1.283
-4.295 5.377
-0.607 -6.849
4.853 4.797
-7.490 0.237
4.877 -4.652
-1.186 7.354
-4.461 -6.018
7.694 2.013
-7.007 4.386
2.348 -7.780
2.593 6.996
-6.822 -3.352
7.030 -2.899
-3.705 7.228
-1.930 -8.062
6.661 4.419
-7.272 1.994
4.382 -6.975
0.292 8.358
-6.254 -5.566
8.627 0.458
-6.331 6.050
0.692 -8.381
4.918 6.580
-8.088 -1.500
7.366 -4.637
-2.340 8.757
-3.730 -7.774
9.142 3.199
-8.678 3.165
4.667 -8.782
2.451 8.928
-8.047 -5.522
9.352 -2.179
-5.427 7.679
-1.772 -9.859
6.991 6.272
-9.541 0.150
6.409 -6.580
0.211 10.453
-7.127 -7.154
10.314 1.044
-8.609 6.111
1.786 -10.926
5.338 9.402
-9.853 -3.581
9.178 -4.541
-4.063 10.118
-3.568 -10.174
9.151 4.974
-10.475 2.658
6.387 -8.416
1.957 11.064
-9.277 -6.977
11.165 -1.869
-7.808 7.832
-0.351 -11.069
7.890 8.874
-10.923 -0.964
9.832 -7.194
-1.566 10.379
-6.894 -9.540
11.523 2.969
-10.391 5.688
4.083 -10.486
3.665 10.221
-10.037 -5.367
11.586 -3.605
-5.920 10.531
-2.411 -11.627
9.812 6.632
-12.069 1.641
8.246 -8.730
0.562 12.239
-8.465 -8.656
12.910 0.246
-9.777 8.767
1.393 -12.909
6.979 10.496
-11.815 -2.594
11.273 -6.080
-3.352 12.524
-4.978 -11.305
11.223 4.818
-11.606 4.246
5.690 -11.280
3.358 12.365
-11.075 -6.833
12.994 -1.933
-7.751 9.838
-1.169 -12.960
9.648 8.844
-12.765 -0.816
9.972 -9.009
-0.809 13.406
-8.484 -10.411
13.846 2.268
-11.166 7.608
3.698 -12.196
6.702 12.227
-12.527 -4.170
12.673 -5.011
-6.274 12.445
-4.048 -13.576
12.505 7.060
-13.271 3.347
7.439 -11.613
2.303 13.782
-10.456 -8.584
14.680 -0.122
-9.548 10.598
0.150 -14.271
9.339 11.297
-14.352 -2.425
11.445 -7.993
-2.488 14.252
-7.597 -12.570
13.319 4.585
-12.825 6.502
6.065 -13.447
5.352 14.081
-12.860 -6.362
14.232 -3.900
-8.305 13.169
-2.569 -14.557
11.971 9.612
-14.154 0.560
10.632 -10.673
0.452 15.405
-10.374 -10.323
15.515 1.533
-12.190 9.336
2.605 -14.317
8.388 12.929
-15.352 -3.961
14.575 -7.252
-5.077 13.961
-5.810 -14.001
14.249 6.899
-14.968 3.913
7.850 -13.299
3.162 15.669
-12.207 -8.977
14.832 -2.128
-10.766 12.524
-0.486 -15.905
11.327 11.268
-15.815 -0.195
12.383 -10.024
-1.861 16.195
-9.399 -12.417
16.069 3.628
-14.133 7.733
5.193 -15.935
7.105 14.622
-15.014 -6.414
15.634 -4.991
-6.890 14.268
-3.824 -15.938
13.709 8.982
-16.701 3.600
10.447 -12.555
1.641 16.749
-12.304 -10.784
16.867 -0.421
-12.341 11.531
1.754 -17.362
10.028 13.688
-16.171 -2.226
13.385 -8.617
-4.015 15.704
-8.439 -14.856
15.811 5.610
-15.235 6.119
6.918 -15.454
4.621 16.743
-14.639 -9.452
16.918 -3.154
-9.635 14.692
-1.173 -17.541
13.061 11.828
-17.546 0.268
12.521 -11.878
-0.942 17.737
-11.168 -12.952
17.286 1.967
-14.696 9.395
3.544 -17.001
8.832 15.014
-16.778 -5.536
16.423 -6.976
-7.790 15.748
-5.601 -17.746
16.109 9.368
-18.394 4.316
9.805 -14.243
2.848 18.106
-14.488 -11.384
18.102 -1.785
-13.152 13.156
0.415 -18.807
12.004 13.788
-17.898 -2.030
14.181 -11.158
-3.515 17.477
-9.938 -16.326
18.215 4.281
-16.250 7.659
6.443 -17.658
7.363 17.792
-15.683 -8.032
17.509 -5.523
-10.481 16.333
-3.815 -18.172
15.035 10.773
-18.861 2.207
13.208 -14.329
0.858 18.995
-13.722 -13.674
19.290 1.930
-15.189 11.821
2.182 -19.261
11.256 16.242
-18.358 -4.853
16.989 -8.680
