1.417 -1.314
0.047 1.514
-1.100 -0.631
1.667 0.471
-2.073 0.839
1.121 -3.130
1.533 2.715
-3.521 -0.944
3.192 -1.181
-1.201 3.723
-1.476 -3.126
3.457 1.281
-3.862 1.074
2.881 -3.581
1.055 4.728
-3.180 -2.735
4.869 -0.425
-4.082 4.307
0.081 -5.364
3.967 3.724
-5.207 -0.083
4.854 -3.717
-0.559 5.416
-2.950 -5.474
6.212 1.493
-5.642 2.272
2.259 -5.210
2.691 5.414
-5.026 -2.727
6.421 -1.537
-2.575 5.379
-1.592 -6.695
5.771 3.738
-6.768 0.871
4.425 -6.048
0.663 6.707
-5.065 -5.462
7.489 0.190
-6.323 4.824
0.858 -8.222
4.685 6.640
-7.109 -2.264
6.842 -3.312
-2.044 7.325
-3.414 -7.370
7.541 3.442
-7.584 2.529
2.906 -6.958
2.799 7.747
-6.766 -4.916
8.236 -1.501
-5.673 6.516
-0.870 -8.713
6.178 5.705
-8.213 -0.176
6.162 -5.450
-0.881 8.659
-5.460 -7.235
8.422 1.847
-8.150 5.235
2.848 -8.787
4.047 9.084
-8.544 -3.565
9.306 -2.942
-4.041 8.712
-2.711 -9.004
8.860 4.674
-9.246 1.648
5.756 -7.611
1.239 9.101
-8.367 -6.269
10.025 -1.212
-7.173 7.485
0.485 -10.546
7.510 8.134
-10.695 -1.582
8.888 -5.559
-2.072 10.029
-5.472 -9.431
10.214 3.452
-9.554 4.149
4.355 -9.891
2.700 10.215
-9.923 -5.270
11.209 -3.015
-5.401 9.949
-1.365 -10.974
8.939 6.538
-11.850 0.754
7.485 -8.014
-0.384 12.177
-7.215 -7.624
11.762 0.440
-9.434 7.252
1.915 -11.690
5.749 9.673
-10.311 -3.405
10.409 -4.605
-4.293 11.350
-4.653 -11.148
10.646 5.258
-11.267 3.649
6.137 -10.521
1.802 11.873
-9.990 -7.092
12.033 -1.342
-8.142 10.021
-0.889 -13.102
9.314 9.045
-12.567 -0.963
9.318 -7.713
-2.149 12.627
-7.806 -10.352
11.973 3.037
-10.706 5.877
3.800 -11.760
5.386 11.428
-11.811 -4.966
12.203 -4.521
-6.477 11.429
-2.980 -12.165
10.932 7.058
-12.909 2.158
8.502 -9.556
0.960 13.404
-10.066 -8.891
13.428 -0.276
-10.311 9.514
0.879 -13.483
7.334 10.422
-13.761 -2.246
10.998 -7.304
-3.853 13.071
-5.945 -12.606
13.190 5.168
-13.263 5.507
5.534 -12.518
4.571 13.012
-12.278 -6.671
13.202 -2.954
-8.942 11.643
-2.472 -14.049
11.153 8.905
-14.652 0.404
10.746 -9.817
-0.748 13.940
-9.699 -10.735
14.582 1.752
-11.813 7.673
2.772 -14.109
6.862 13.058
-14.391 -4.452
12.931 -6.217
-5.689 13.616
-5.264 -14.652
13.052 6.938
-14.945 3.515
8.273 -11.498
1.865 14.949
-12.417 -9.128
14.521 -1.819
-10.760 11.282
0.148 -15.353
9.678 10.867
-15.352 -1.350
12.573 -9.659
-3.259 15.950
-7.876 -12.596
14.610 4.042
-14.209 6.981
6.132 -14.204
5.646 14.373
-14.294 -7.156
14.589 -4.093
-7.455 12.998
-3.241 -16.194
12.833 9.409
-15.853 1.989
9.890 -12.343
0.275 15.929
-11.617 -11.437
15.572 0.238
-12.752 10.429
2.607 -15.898
9.360 13.902
-15.897 -3.403
14.298 -7.883
-5.692 15.393
-7.001 -14.214
14.914 6.799
-15.519 5.273
7.446 -15.377
3.462 15.962
-14.209 -9.019
16.073 -3.056
-10.052 13.551
-1.489 -16.824
12.602 12.071
-16.960 -0.525
11.710 -11.373
-1.450 15.852
-9.903 -12.832
16.902 2.497
-14.155 9.005
4.558 -15.773
7.919 14.966
-16.039 -6.667
16.461 -5.716
-7.930 15.273
-5.646 -16.638
14.544 9.875
-17.362 3.010
10.591 -13.991
1.651 17.180
-13.397 -11.662
17.082 -0.826
-12.192 12.410
1.644 -17.365
11.215 13.259
-17.269 -2.284
14.692 -9.813
-4.614 17.237
-7.614 -15.834
17.432 6.512
-17.300 6.927
7.923 -17.151
5.187 16.496
-16.021 -8.903
17.890 -4.408
-9.738 15.363
-2.270 -18.463
14.564 11.906
-18.256 0.971
12.618 -12.854
0.063 18.044
-11.608 -13.529
18.983 2.220
-14.588 11.718
3.970 -17.521
9.948 15.949
-18.554 -5.151
15.984 -7.414
-6.427 17.197
-6.418 -18.315
16.668 8.182
-17.746 5.215
9.873 -16.221
3.160 19.229
-15.496 -11.019
19.223 -2.395
-13.397 14.013
0.036 -19.247
13.835 13.578
-19.729 -1.130
15.126 -11.478
-3.620 18.731
