-0.180 -1.924
1.230 0.885
-1.170 0.488
1.389 -1.035
-0.597 2.155
-1.801 -2.795
3.087 0.437
-2.892 2.218
1.006 -3.251
2.223 3.219
-3.379 -0.732
3.121 -1.962
-1.500 3.718
-1.087 -4.465
4.394 2.041
-4.106 0.859
2.626 -4.122
0.932 5.860
-4.206 -3.330
5.369 -0.880
-3.236 4.081
0.006 -6.113
3.957 3.740
-6.139 -0.992
4.966 -4.020
-1.632 5.860
-2.758 -4.964
5.933 1.161
-5.223 2.327
2.689 -6.029
2.700 5.317
-6.281 -2.812
6.479 -2.303
-3.429 5.899
-2.105 -7.192
5.725 3.557
-7.416 0.693
4.710 -5.826
-0.022 7.953
-6.001 -5.686
8.120 0.325
-6.124 4.262
1.537 -7.444
4.567 6.080
-7.925 -1.778
7.322 -3.887
-2.610 7.556
-3.751 -6.541
7.850 2.496
-8.019 2.375
3.823 -7.448
1.716 8.467
-7.442 -4.614
8.288 -1.428
-5.140 6.409
-0.573 -8.206
6.333 5.970
-9.064 -0.073
6.592 -5.558
-0.808 9.652
-5.237 -7.609
9.670 2.319
-8.030 4.608
3.331 -9.174
4.452 8.509
-8.794 -3.331
9.101 -4.184
-4.321 8.339
-2.534 -9.200
7.975 4.557
-10.067 2.822
5.142 -8.691
1.572 10.247
-8.072 -6.805
11.025 -1.007
-7.766 7.522
1.000 -10.435
6.695 7.749
-10.813 -1.400
8.957 -6.002
-2.524 10.105
-5.196 -9.476
9.747 4.076
-10.222 4.665
4.432 -10.728
4.605 10.341
-9.537 -5.598
10.629 -3.112
-6.615 9.861
-1.802 -10.817
9.427 7.718
-10.440 1.083
7.510 -9.063
0.010 11.899
-8.108 -8.636
11.174 1.328
-8.978 6.107
2.683 -11.061
6.391 10.315
-11.677 -3.095
10.653 -5.245
-3.964 11.160
-4.611 -11.274
10.517 5.798
-11.708 3.608
6.261 -10.363
2.994 12.560
-10.936 -7.271
12.846 -1.883
-8.414 9.384
-0.446 -12.088
8.709 9.392
-12.965 -0.109
9.698 -7.650
-1.855 12.072
-7.016 -10.173
12.345 2.684
-11.130 6.347
3.842 -12.433
5.124 12.096
-11.466 -5.041
12.254 -4.376
-6.147 11.555
-2.406 -12.563
11.219 7.398
-13.182 2.573
7.955 -10.821
1.271 13.973
-10.162 -8.905
12.733 0.526
-10.159 9.550
0.901 -13.172
8.025 11.014
-13.620 -2.958
12.130 -7.319
-3.704 13.875
-6.563 -12.011
13.106 4.294
-12.766 5.680
5.693 -12.272
3.793 14.182
-12.651 -6.591
13.854 -3.428
-8.599 11.870
-1.246 -14.502
10.604 9.080
-14.421 1.160
10.267 -10.502
-1.104 14.043
-9.506 -10.788
14.537 2.505
-12.293 8.707
2.940 -14.044
7.339 12.802
-14.829 -4.743
13.450 -6.132
-6.309 13.996
-4.086 -13.563
12.995 7.621
-14.801 4.295
7.397 -12.628
2.401 15.405
-12.091 -9.464
14.513 -1.063
-10.417 11.358
-0.009 -15.855
10.671 12.295
-14.788 -1.420
12.100 -9.130
-3.112 15.523
-7.536 -13.512
14.841 4.270
-14.379 6.984
5.634 -14.066
5.773 13.827
-14.820 -7.288
15.277 -4.453
-8.073 13.787
-3.771 -15.360
12.805 9.479
-16.145 2.254
9.668 -12.209
0.511 16.466
-11.026 -11.746
16.728 1.037
-12.377 10.540
2.451 -16.142
8.747 13.886
-15.538 -3.099
14.473 -7.693
-5.264 15.522
-7.667 -15.268
14.771 6.971
-15.805 5.783
7.360 -14.612
4.631 16.224
-14.254 -9.060
17.248 -2.649
-10.741 13.135
-1.894 -16.213
11.694 10.801
-16.209 0.045
12.270 -11.889
-1.473 16.712
-9.738 -13.218
16.694 2.829
-15.053 8.666
5.485 -16.539
7.290 15.589
-16.637 -5.649
16.688 -5.527
-8.181 15.606
-4.653 -16.920
14.635 9.148
-17.408 3.529
9.744 -14.055
2.423 17.228
-12.775 -11.875
17.347 -0.826
-12.325 12.310
1.159 -17.629
10.866 14.153
-17.197 -3.599
15.779 -9.866
-5.036 17.942
-8.784 -16.727
16.244 5.927
-16.816 7.290
7.394 -16.877
6.261 17.078
-16.030 -9.439
18.312 -4.307
-10.343 15.074
-2.516 -17.836
14.353 10.935
-17.800 0.973
13.317 -13.709
0.416 18.707
-11.483 -13.815
18.709 1.817
-15.382 11.584
3.849 -17.194
9.731 15.568
-18.437 -6.058
16.638 -8.243
-6.666 17.253
-6.859 -17.707
17.179 9.199
-18.175 5.586
9.803 -16.709
2.961 19.159
-15.248 -11.745
19.194 -2.711
-12.907 14.964
0.102 -18.988
12.657 14.275
