0.274 -1.913
0.989 1.147
-1.252 0.201
1.592 -0.683
-1.083 1.956
-1.099 -3.138
2.900 1.145
-3.330 1.482
1.737 -2.927
1.410 3.649
-3.115 -1.501
3.493 -1.180
-2.326 3.265
-0.015 -4.596
3.796 3.010
-4.193 -0.124
3.516 -3.395
-0.462 5.916
-3.313 -4.220
5.427 0.398
-4.099 3.213
1.433 -5.943
2.974 4.561
-5.738 -2.398
5.767 -2.750
-2.955 5.317
-1.523 -5.470
5.498 2.514
-5.622 1.044
4.023 -5.235
1.384 5.800
-5.451 -4.201
6.838 -0.727
-4.712 4.936
-0.368 -7.485
4.736 4.795
-7.373 -1.058
5.939 -4.565
-1.878 7.728
-4.508 -6.929
7.819 2.212
-6.950 2.715
3.232 -6.880
3.021 6.978
-7.291 -3.579
8.027 -2.071
-4.302 6.738
-2.121 -7.236
7.051 4.260
-8.352 0.437
5.456 -6.350
-0.308 8.634
-6.159 -6.224
8.392 0.546
-6.494 5.032
1.359 -8.113
4.765 7.283
-8.796 -2.186
7.707 -3.865
-3.039 9.197
-3.316 -8.621
8.862 4.513
-8.884 2.606
5.381 -8.142
2.342 9.313
-7.773 -5.292
9.826 -1.943
-6.149 7.100
-0.317 -9.537
6.691 6.293
-10.448 0.394
7.028 -7.251
-0.864 10.331
-6.260 -8.501
10.955 1.595
-9.307 5.501
3.409 -9.914
4.701 9.098
-10.188 -3.886
10.110 -3.745
-4.813 9.237
-2.840 -10.427
8.527 6.239
-11.028 2.149
6.814 -9.397
2.064 11.130
-7.967 -7.670
11.062 -0.544
-8.735 8.044
0.773 -10.938
7.364 9.705
-10.405 -1.385
9.418 -7.060
-2.768 11.573
-5.868 -10.290
10.555 3.899
-10.156 3.842
5.191 -10.129
3.807 11.522
-10.632 -5.735
11.583 -2.613
-6.459 9.926
-1.852 -12.039
8.872 8.093
-12.227 0.775
8.507 -8.615
-0.021 12.912
-8.937 -9.623
12.931 1.168
-10.372 7.161
2.388 -11.858
6.276 11.165
-12.581 -3.133
11.216 -5.175
-4.622 11.305
-4.448 -11.530
11.377 5.492
-12.304 3.574
6.638 -11.193
2.159 12.958
-9.972 -7.578
12.937 -1.395
-8.674 9.801
0.593 -12.777
9.182 9.813
-13.418 -0.575
10.262 -8.665
-2.026 13.883
-7.802 -11.031
12.258 3.484
-12.108 6.915
3.951 -12.598
5.232 12.583
-12.553 -6.055
13.503 -4.285
-6.841 12.626
-3.578 -13.211
11.741 7.235
-13.740 2.543
8.400 -10.604
0.378 14.676
-10.763 -9.362
14.272 -0.099
-11.132 9.535
2.174 -14.392
8.191 11.304
-14.293 -2.239
12.435 -7.815
-4.352 13.397
-6.724 -12.709
13.551 5.829
-13.986 5.597
6.137 -12.969
4.148 14.161
-13.312 -8.074
14.510 -2.822
-9.402 12.137
-0.807 -14.142
10.857 10.444
-15.394 0.721
10.141 -10.552
-1.262 15.539
-9.547 -12.025
14.360 2.354
-12.780 8.612
3.693 -15.419
7.505 14.447
-14.048 -4.832
13.897 -6.053
-6.649 14.367
-4.173 -14.898
13.434 7.617
-15.612 3.435
8.762 -12.362
2.386 14.793
-12.710 -10.546
15.894 -0.764
-11.068 11.522
-0.081 -15.816
10.238 12.206
-16.225 -1.578
12.251 -9.614
-3.347 16.130
-7.979 -13.996
16.023 4.914
-14.496 7.359
6.151 -15.124
5.263 15.545
-14.386 -6.640
15.869 -4.102
-8.742 13.864
-3.891 -16.636
12.735 10.226
-16.718 1.933
10.567 -12.490
0.716 16.857
-11.745 -12.138
17.390 1.450
-13.511 10.265
1.943 -16.207
8.849 13.232
-15.772 -3.740
14.706 -8.697
-5.333 15.906
-6.384 -15.126
15.572 6.648
-16.660 4.912
9.195 -14.801
3.449 16.860
-14.858 -9.377
17.518 -1.479
-11.599 13.265
-0.574 -17.539
12.095 12.312
-17.751 -0.632
12.755 -11.392
-1.665 17.317
-9.650 -14.530
17.060 3.247
-14.858 9.092
5.242 -16.872
7.262 16.299
-15.882 -7.514
17.646 -5.910
-9.085 16.270
-4.636 -18.316
14.412 9.555
-18.053 3.163
11.129 -14.685
2.101 18.068
-13.383 -12.920
18.811 0.087
-13.576 12.243
1.717 -17.931
11.404 13.984
-17.536 -3.209
16.150 -10.221
-3.963 18.287
-7.941 -16.114
17.768 6.134
-17.661 7.673
7.757 -15.821
5.827 17.410
-16.513 -10.194
18.103 -4.131
-10.509 15.220
-2.536 -18.819
14.557 12.955
-18.977 1.189
13.432 -13.959
-1.593 19.321
-12.085 -14.980
19.296 1.845
-16.043 11.537
4.531 -18.439
8.975 16.835
