0.968 -1.673
0.490 1.433
-1.237 -0.280
1.732 -0.040
-1.735 1.411
0.151 -3.321
2.264 2.145
-3.643 0.133
2.703 -2.067
-0.053 3.912
-2.330 -2.554
3.681 0.208
-3.376 2.162
1.700 -4.270
2.399 4.209
-3.844 -1.678
4.529 -1.838
-2.635 5.317
-1.500 -5.151
4.887 2.393
-5.002 1.452
3.546 -4.979
1.058 5.341
-4.430 -4.365
6.377 -0.400
-4.725 3.831
0.627 -5.644
4.164 4.383
-5.606 -1.128
5.685 -3.357
-0.879 5.898
-3.491 -5.931
6.615 1.876
-6.212 2.822
2.451 -7.082
2.606 6.216
-6.447 -3.731
7.214 -2.021
-4.625 6.470
-1.598 -8.111
6.430 4.969
-7.461 -0.073
5.565 -5.178
0.200 7.602
-5.431 -6.040
8.220 1.073
-6.505 4.647
0.732 -7.505
4.953 6.582
-7.912 -2.709
7.431 -3.857
-3.506 7.896
-3.394 -8.072
7.583 3.637
-7.902 2.247
4.287 -7.021
1.704 8.535
-7.346 -5.309
8.593 -0.712
-6.250 7.400
0.139 -9.236
6.539 7.492
-9.215 -0.895
8.029 -5.548
-1.300 9.515
-5.238 -7.809
9.842 1.862
-8.353 4.294
3.264 -8.967
3.861 8.335
-9.841 -3.532
9.226 -4.106
-4.655 9.263
-2.638 -10.223
9.570 5.566
-10.687 1.633
6.860 -7.927
0.968 10.195
-8.003 -7.406
10.778 0.296
-7.911 6.775
1.254 -10.734
5.584 8.969
-11.034 -2.119
9.827 -6.178
-2.237 11.097
-4.531 -10.088
10.466 3.621
-11.105 4.206
4.797 -9.861
3.213 11.752
-9.137 -5.165
11.372 -3.038
-6.885 9.705
-1.607 -11.736
8.339 7.555
-10.856 -0.223
8.595 -7.462
-0.766 12.110
-7.726 -9.287
11.722 1.896
-9.696 6.801
2.772 -11.861
5.214 10.818
-11.634 -3.841
11.106 -4.820
-4.836 11.973
-4.703 -12.262
11.562 5.907
-12.295 2.775
6.638 -10.112
1.659 12.700
-10.505 -7.599
12.337 -0.618
-8.505 8.766
0.174 -12.357
8.508 9.339
-12.749 -1.273
10.334 -7.909
-2.830 12.829
-6.426 -10.751
12.524 3.531
-11.704 5.858
5.316 -11.634
4.859 12.530
-12.235 -5.539
12.753 -4.212
-7.058 12.126
-3.125 -13.145
10.074 7.805
-13.813 1.900
8.365 -10.215
0.161 13.627
-9.388 -10.301
14.127 1.061
-11.057 9.164
1.608 -13.592
8.195 11.092
-13.697 -2.765
11.749 -6.705
-5.124 13.758
-6.494 -12.701
13.279 5.232
-13.885 4.694
7.385 -12.542
3.384 13.544
-12.427 -7.409
14.453 -2.613
-9.035 10.807
-1.499 -14.300
10.399 10.463
-15.064 -0.023
10.531 -9.745
-1.433 14.686
-9.340 -12.457
14.515 2.793
-13.250 7.754
4.526 -13.422
6.178 13.740
-14.552 -5.073
13.345 -6.008
-6.967 13.947
-4.373 -14.718
12.445 7.540
-15.070 3.224
9.177 -12.929
1.575 16.203
-11.231 -9.723
15.152 -0.433
-11.528 10.850
1.684 -15.379
9.623 12.078
-15.766 -2.636
12.741 -8.201
-3.304 14.615
-7.859 -14.525
15.032 5.220
-14.567 6.562
5.824 -14.705
4.946 15.144
-14.466 -7.516
14.953 -4.351
-9.121 13.718
-2.183 -15.962
13.034 10.536
-16.194 1.422
11.348 -11.738
-0.914 16.386
-10.871 -11.527
16.254 2.113
-13.282 9.603
2.595 -16.887
8.002 14.238
-16.233 -4.442
14.463 -7.647
-5.623 15.907
-6.370 -15.642
15.594 7.832
-16.365 4.485
7.848 -14.313
3.275 15.578
-13.238 -9.353
16.889 -2.584
-10.881 12.769
-0.281 -16.416
11.969 11.976
-17.290 -1.656
14.052 -10.304
-3.088 16.930
-10.289 -14.242
16.805 5.162
-15.709 7.982
6.009 -16.487
6.630 15.935
-16.234 -7.207
16.084 -5.813
-8.004 15.446
-3.534 -17.080
14.618 9.376
-17.177 2.895
11.157 -13.699
0.659 17.831
-11.933 -12.896
18.577 1.098
-14.498 11.707
2.530 -18.723
9.808 14.241
-17.930 -3.799
15.803 -9.474
-4.790 17.548
-7.598 -16.980
17.421 7.097
-17.163 6.296
8.281 -15.996
5.365 17.228
-15.073 -9.518
18.797 -3.460
-10.498 15.490
-1.358 -17.913
14.197 12.319
-19.248 0.532
13.098 -11.786
-1.087 18.327
-11.519 -15.618
18.337 2.919
-15.428 10.202
4.667 -18.407
8.674 17.450
-18.051 -5.975
17.669 -7.941
-8.684 17.332
-5.625 -18.407
17.216 8.909
-19.189 4.721
11.082 -15.419
2.048 18.968
