-1.921 -0.210
1.114 -1.027
0.243 1.245
-0.735 -1.568
1.991 1.018
-3.100 1.202
1.049 -2.936
1.591 3.279
-2.983 -1.639
3.601 -1.530
-1.397 3.163
-1.295 -3.452
3.340 2.217
-4.593 0.167
2.883 -3.894
0.015 4.194
-3.509 -3.402
5.928 0.266
-4.108 3.451
0.218 -5.437
3.347 3.990
-5.987 -1.235
4.460 -3.124
-2.206 5.814
-2.939 -5.673
5.412 2.777
-5.417 1.704
2.330 -5.579
1.230 5.584
-5.365 -3.847
5.751 -1.576
-4.018 5.587
-0.953 -6.810
5.089 4.545
-7.468 0.616
4.636 -4.893
-0.813 7.404
-4.760 -5.785
7.786 1.621
-6.776 4.735
1.952 -7.889
2.944 6.856
-6.983 -3.003
6.874 -3.251
-3.335 7.406
-2.336 -7.954
6.877 4.076
-7.162 2.359
4.023 -7.188
0.714 8.332
-6.527 -5.243
8.639 0.021
-6.016 6.362
0.267 -8.406
5.245 6.323
-8.154 -1.089
7.121 -5.004
-1.894 8.864
-4.119 -7.575
9.293 2.733
-8.506 3.600
4.217 -9.006
2.899 8.793
-8.316 -5.108
9.230 -2.650
-5.031 7.944
-2.268 -9.757
7.299 5.910
-9.522 0.633
6.068 -6.896
0.740 10.429
-7.480 -6.784
10.354 0.521
-8.289 6.539
1.231 -11.002
5.807 9.120
-10.021 -3.078
8.937 -5.000
-3.546 10.311
-4.078 -9.981
9.391 4.505
-10.327 3.184
5.953 -8.729
2.514 10.951
-9.618 -6.499
11.056 -2.432
-7.402 8.217
-0.911 -11.037
8.329 8.463
-10.958 -0.410
9.456 -7.682
-1.039 10.445
-7.368 -9.179
11.658 2.383
-10.090 6.206
3.547 -10.679
4.177 10.023
-10.296 -4.852
11.389 -4.187
-5.380 10.817
-2.996 -11.490
10.135 6.127
-11.971 2.250
7.794 -9.136
1.180 12.195
-8.892 -8.217
12.906 -0.407
-9.321 9.251
0.738 -12.963
7.501 10.129
-11.931 -1.993
10.951 -6.643
-2.714 12.678
-5.544 -11.038
11.452 4.244
-11.376 4.827
5.112 -11.553
3.980 12.179
-11.407 -6.264
12.880 -2.587
-7.244 10.218
-1.823 -12.884
10.083 8.345
-12.790 -0.169
9.503 -9.502
-0.130 13.430
-9.000 -9.969
13.943 1.564
-10.766 8.164
3.076 -12.367
7.312 11.872
-12.722 -3.531
12.403 -5.646
-5.636 12.747
-4.730 -13.354
12.846 6.419
-13.085 4.014
6.842 -11.974
2.997 13.648
-10.877 -8.044
14.655 -0.864
-9.000 11.067
-0.572 -14.260
9.899 10.810
-14.456 -1.695
11.026 -8.561
-1.764 14.360
-8.223 -12.169
13.534 3.906
-12.479 7.142
5.377 -13.737
6.058 13.792
-13.166 -5.703
14.016 -4.615
-7.628 13.572
-3.302 -14.408
12.442 8.994
-14.107 1.275
10.078 -11.197
1.231 15.362
-10.883 -9.785
15.573 0.746
-11.702 9.941
1.877 -14.430
9.031 12.488
-15.533 -3.179
14.190 -7.980
-4.364 14.200
-6.511 -13.689
14.580 6.169
-14.751 4.665
7.167 -13.679
3.951 15.489
-12.645 -8.348
14.705 -2.875
-10.119 13.052
-1.290 -15.860
11.883 10.680
-15.805 0.606
11.860 -10.637
-1.039 16.269
-10.015 -11.926
16.232 2.810
-13.724 8.439
4.380 -16.177
7.836 14.244
-15.320 -5.646
15.362 -5.776
-6.160 14.598
-4.626 -15.724
14.146 8.277
-16.498 4.440
9.798 -13.067
2.487 16.645
-12.833 -10.147
16.824 -1.274
-11.742 12.141
0.873 -17.429
10.707 13.163
-16.263 -1.405
12.932 -9.283
-3.215 15.887
-9.179 -14.410
16.075 4.803
-14.906 6.882
6.128 -15.784
5.462 16.488
-15.098 -8.699
16.736 -4.006
-8.879 15.161
-2.059 -17.459
13.642 11.152
-17.510 1.155
11.904 -12.497
-0.043 17.762
-11.809 -12.371
17.363 1.090
-14.202 10.127
2.679 -17.159
9.580 14.548
-17.036 -4.680
16.049 -7.798
-6.983 16.122
-6.492 -17.440
16.563 8.541
-18.152 5.241
9.072 -14.721
3.760 17.938
-15.046 -10.636
17.988 -2.699
-12.470 13.804
-0.537 -18.804
12.687 13.163
-17.978 -1.121
13.598 -11.862
-2.626 17.632
-10.751 -15.802
18.409 3.354
-15.842 8.471
5.542 -17.961
8.254 17.397
-16.069 -7.228
17.207 -6.401
-9.641 16.842
-4.729 -17.956
15.560 9.999
-18.725 3.158
12.466 -14.979
1.818 18.927
-14.396 -12.962
19.363 0.952
-14.571 12.575
1.204 -19.347
12.063 15.652
-18.580 -3.918
16.528 -9.528
