-1.931 -0.066
1.034 -1.107
0.335 1.223
-0.850 -1.509
2.062 0.866
-3.001 1.431
0.826 -3.007
1.833 3.151
-3.097 -1.411
3.476 -1.796
-1.156 3.258
-1.550 -3.345
3.497 1.960
-4.567 0.511
2.583 -4.099
0.330 4.181
-3.755 -3.129
5.931 -0.180
-3.838 3.749
-0.191 -5.438
3.637 3.728
-6.063 -0.783
4.213 -3.449
-1.764 5.963
-3.356 -5.437
5.605 2.364
-5.274 2.105
1.905 -5.738
1.645 5.476
-5.639 -3.434
5.617 -2.002
-3.587 5.873
-1.461 -6.719
5.415 4.151
-7.401 1.174
4.256 -5.226
-0.255 7.444
-5.180 -5.412
7.886 1.033
-6.402 5.230
1.355 -8.013
3.449 6.616
-7.189 -2.470
6.611 -3.757
-2.770 7.635
-2.926 -7.756
7.163 3.549
-6.965 2.890
3.473 -7.469
1.337 8.255
-6.902 -4.738
8.617 -0.627
-5.522 6.796
-0.364 -8.402
5.704 5.912
-8.212 -0.474
6.726 -5.523
-1.224 8.981
-4.675 -7.245
9.471 2.028
-8.212 4.228
3.529 -9.297
3.550 8.550
-8.676 -4.470
9.005 -3.334
-4.421 8.299
-2.993 -9.559
7.722 5.346
-9.447 1.345
5.534 -7.331
1.520 10.344
-7.967 -6.204
10.364 -0.257
-7.775 7.142
0.402 -11.063
6.474 8.659
-10.224 -2.318
8.537 -5.656
-2.763 10.548
-4.815 -9.647
9.703 3.788
-10.059 3.950
5.282 -9.151
3.328 10.732
-10.078 -5.759
10.842 -3.254
-6.765 8.749
-1.736 -10.938
8.940 7.815
-10.958 0.413
8.853 -8.369
-0.253 10.493
-8.036 -8.600
11.804 1.502
-9.596 6.945
2.737 -10.915
4.917 9.681
-10.631 -4.067
11.043 -5.029
-4.554 11.189
-3.849 -11.233
10.566 5.350
-11.769 3.141
7.087 -9.695
2.091 12.072
-9.483 -7.527
12.839 -1.374
-8.602 9.924
-0.236 -12.981
8.239 9.538
-12.047 -1.093
10.422 -7.445
-1.756 12.846
-6.356 -10.591
11.738 3.374
-10.982 5.667
4.231 -11.904
4.882 11.846
-11.844 -5.391
12.649 -3.546
-6.457 10.732
-2.784 -12.711
10.681 7.565
-12.766 0.790
8.764 -10.188
0.877 13.402
-9.722 -9.266
14.021 0.515
-10.124 8.948
2.140 -12.563
8.182 11.290
-12.951 -2.567
11.945 -6.560
-4.664 13.133
-5.718 -12.961
13.291 5.437
-12.747 4.984
5.925 -12.454
4.012 13.385
-11.449 -7.206
14.549 -1.960
-8.145 11.711
-1.639 -14.177
10.681 10.038
-14.542 -0.607
10.353 -9.364
-0.682 14.452
-9.112 -11.518
13.789 2.880
-11.909 8.058
4.332 -14.101
7.075 13.299
-13.556 -4.700
13.631 -5.653
-6.589 14.106
-4.373 -14.120
13.081 8.036
-13.972 2.330
9.211 -11.921
2.379 15.226
-11.586 -8.942
15.585 -0.424
-10.923 10.790
0.790 -14.530
9.942 11.775
-15.728 -2.006
13.551 -9.022
-3.287 14.487
-7.519 -13.162
15.001 5.059
-14.360 5.758
6.121 -14.178
5.101 15.150
-13.236 -7.376
14.448 -3.970
-9.112 13.774
-2.476 -15.719
12.650 9.759
-15.715 1.789
11.029 -11.497
0.184 16.301
-10.881 -11.141
16.397 1.585
-13.052 9.444
3.155 -16.460
8.882 13.616
-15.700 -4.482
14.885 -6.911
-5.048 15.019
-5.792 -15.333
14.727 7.193
-16.119 5.665
8.791 -13.765
3.728 16.412
-13.558 -9.157
16.681 -2.532
-10.798 12.987
-0.436 -17.445
11.664 12.323
-16.323 -0.182
12.199 -10.227
-2.015 16.083
-10.234 -13.681
16.389 3.584
-14.348 7.980
4.927 -16.199
6.683 16.032
-15.708 -7.543
16.389 -5.250
-7.717 15.784
-3.362 -17.255
14.440 10.098
-17.374 2.465
10.934 -13.354
1.289 17.715
-12.703 -11.450
17.396 -0.215
-13.402 11.163
1.385 -17.311
10.644 13.789
-17.339 -3.389
15.419 -8.980
-5.755 16.600
-7.781 -16.904
17.156 7.275
-17.708 6.587
7.943 -15.359
5.094 17.606
-15.801 -9.478
17.736 -4.040
-11.399 14.700
-1.945 -18.711
13.638 12.175
-18.011 0.230
12.670 -12.848
-1.296 17.780
-11.906 -14.951
18.608 1.964
-15.162 9.635
4.180 -18.326
9.535 16.729
-16.566 -6.003
16.678 -7.674
-8.351 17.518
-6.062 -17.551
16.266 8.804
-18.435 4.553
11.308 -15.871
3.232 18.737
-15.328 -11.846
19.380 -0.503
-13.588 13.632
-0.250 -19.383
13.202 14.704
-18.821 -2.513
15.767 -10.740
