-0.738 -1.786
1.435 0.484
-0.975 0.811
1.023 -1.398
0.063 2.235
-2.543 -2.142
3.079 -0.490
-2.112 2.971
0.006 -3.403
3.071 2.423
-3.445 0.294
2.406 -2.793
-0.340 3.994
-2.352 -3.948
4.800 0.659
-3.672 2.028
1.298 -4.712
2.614 5.327
-5.000 -1.946
4.873 -2.420
-1.893 4.852
-1.792 -5.845
4.882 2.412
-6.160 0.857
3.564 -5.303
0.163 6.081
-4.096 -3.933
6.012 -0.635
-4.308 3.760
0.798 -6.553
4.144 4.288
-6.830 -0.841
5.515 -4.106
-1.543 6.647
-4.126 -6.255
6.518 1.717
-6.885 2.843
2.788 -6.953
2.317 7.608
-7.407 -3.670
7.857 -2.076
-4.600 5.874
-0.720 -7.567
6.153 4.469
-8.098 0.631
5.855 -5.868
-0.273 7.989
-5.509 -5.149
8.237 0.077
-6.966 4.628
1.464 -8.243
4.130 7.588
-8.470 -2.222
7.501 -3.802
-3.028 7.637
-2.961 -7.675
7.809 3.844
-8.684 2.596
4.666 -7.250
2.065 9.463
-7.243 -5.732
9.925 -0.627
-6.320 6.766
0.486 -9.747
6.757 6.824
-9.384 -0.598
7.469 -6.675
-1.678 9.241
-5.127 -8.048
8.962 2.011
-8.793 5.657
2.359 -9.819
4.515 9.332
-9.716 -4.131
10.241 -4.204
-5.211 9.473
-2.112 -10.268
8.677 5.438
-10.747 1.841
6.796 -8.370
0.559 10.401
-7.752 -7.529
10.515 1.030
-8.398 7.464
1.081 -11.557
7.442 8.530
-10.762 -2.546
9.244 -6.099
-3.424 11.370
-4.903 -9.809
11.279 4.605
-9.661 4.105
4.513 -10.871
3.509 11.370
-10.289 -5.870
11.070 -2.017
-6.786 8.477
-0.688 -11.361
9.141 7.979
-12.071 0.476
8.640 -8.145
-0.507 11.832
-7.722 -9.420
11.756 2.449
-10.130 6.892
2.937 -11.746
6.555 11.125
-12.591 -3.734
11.725 -5.577
-5.283 11.443
-3.981 -11.422
11.086 6.415
-12.424 3.708
7.020 -10.163
1.777 12.084
-9.698 -7.661
12.589 -1.064
-8.772 9.339
0.016 -13.013
8.455 10.055
-12.441 -1.447
10.426 -7.786
-2.477 12.852
-5.993 -11.300
12.898 3.772
-11.842 6.335
4.422 -12.682
5.323 12.981
-12.331 -5.523
12.325 -3.241
-6.902 12.115
-3.012 -12.855
10.909 8.168
-13.887 1.178
9.442 -10.562
0.539 14.350
-9.805 -9.550
13.789 0.251
-10.532 9.183
1.833 -13.403
7.796 12.440
-14.029 -2.580
12.234 -7.350
-4.729 13.874
-5.455 -13.494
12.805 5.560
-13.443 5.349
6.725 -13.057
3.074 13.747
-12.258 -7.516
14.631 -1.880
-9.189 11.937
-1.320 -14.287
10.779 10.078
-15.568 -0.173
11.053 -9.815
-1.914 15.233
-7.893 -11.762
14.662 3.463
-12.884 8.457
3.357 -14.245
6.824 14.018
-14.339 -5.490
13.559 -5.283
-6.617 13.919
-4.671 -15.152
13.814 8.614
-14.551 2.991
8.881 -12.285
1.590 15.751
-11.176 -10.699
15.440 -0.282
-11.689 10.904
1.249 -15.101
9.584 11.518
-16.308 -2.608
13.292 -8.748
-3.662 15.552
-8.121 -13.572
15.026 5.295
-14.769 6.901
5.651 -14.512
5.330 15.587
-13.992 -7.985
16.293 -3.927
-8.731 13.713
-2.404 -16.149
12.443 10.701
-15.763 1.607
11.571 -11.608
-0.467 16.383
-11.818 -12.339
16.167 2.319
-13.406 10.174
2.738 -16.130
9.197 14.145
-16.288 -4.469
15.707 -7.604
-6.404 15.713
-6.578 -14.940
14.353 6.885
-15.479 4.809
8.232 -14.972
3.507 16.406
-13.195 -9.770
16.788 -2.205
-11.839 12.709
0.380 -17.421
11.551 12.756
-17.562 -0.507
14.325 -10.190
-3.231 17.322
-9.422 -14.804
16.678 4.441
-15.600 8.492
5.180 -16.299
7.382 15.753
-15.702 -7.594
16.337 -5.890
-8.160 15.389
-4.076 -17.191
14.548 10.333
-17.495 1.617
12.180 -14.069
0.462 18.629
-13.314 -13.405
17.269 0.889
-13.929 11.912
2.104 -18.305
11.006 14.483
-18.097 -4.309
16.236 -9.501
-5.454 17.449
-7.650 -16.308
16.934 6.231
-16.727 6.164
8.698 -17.019
5.898 17.758
-15.038 -9.828
18.416 -3.764
-11.296 15.594
-1.377 -17.566
13.878 12.019
-19.403 -0.369
13.479 -12.771
-1.298 18.450
-11.762 -14.908
19.125 3.741
-15.729 10.683
4.456 -18.852
8.464 17.441
-18.027 -6.743
17.549 -8.235
-7.936 18.097
-5.486 -18.178
16.295 9.922
