1.751 0.818
-1.385 0.613
0.171 -1.257
0.190 1.722
-1.557 -1.605
3.322 -0.139
-1.939 2.442
-0.450 -3.617
2.295 2.513
-3.902 0.288
2.341 -2.544
0.113 3.685
-2.448 -3.175
4.402 1.322
-3.984 2.757
1.337 -3.976
2.226 4.351
-5.526 -2.162
5.001 -1.943
-1.958 5.077
-1.883 -4.856
5.270 3.099
-5.228 1.520
3.962 -4.793
0.954 6.318
-4.228 -4.373
5.677 0.133
-4.004 4.530
0.636 -5.683
3.839 5.371
-5.952 -0.362
5.604 -3.994
-1.292 6.754
-3.353 -5.943
7.268 1.824
-5.965 3.138
3.155 -6.747
2.642 7.010
-6.848 -4.044
7.941 -2.299
-4.390 6.839
-0.577 -7.439
5.643 5.093
-7.555 0.862
5.544 -5.936
-0.352 8.282
-5.196 -6.075
7.540 0.075
-6.125 5.508
2.009 -8.118
4.490 7.066
-8.172 -2.804
7.746 -4.084
-2.962 7.871
-2.927 -7.676
7.368 3.658
-8.354 2.442
4.649 -7.781
1.458 8.498
-7.916 -5.582
9.213 -0.667
-6.894 7.167
0.089 -9.258
6.227 7.515
-9.592 -0.466
7.323 -5.899
-0.997 9.967
-5.006 -7.947
9.217 2.470
-7.966 4.572
2.661 -10.111
4.894 8.833
-9.633 -3.830
9.954 -3.519
-4.711 10.019
-2.558 -10.504
8.494 6.143
-10.071 1.853
6.680 -8.618
0.644 10.762
-7.439 -7.291
10.802 0.314
-8.448 6.345
1.149 -11.177
7.011 9.251
-11.250 -1.261
9.655 -5.393
-2.695 10.742
-5.157 -10.696
10.241 3.920
-11.427 4.225
4.349 -9.553
4.017 11.064
-10.268 -6.012
11.551 -2.624
-6.799 8.966
-0.724 -10.834
8.183 7.912
-12.131 0.293
8.579 -8.506
-0.867 11.842
-7.620 -9.066
12.057 1.728
-10.323 6.137
2.813 -11.924
5.770 10.644
-12.349 -3.774
11.805 -5.753
-4.876 12.033
-3.836 -12.006
10.652 5.732
-12.508 2.759
6.655 -11.127
1.691 12.236
-9.474 -7.709
12.325 -0.904
-8.562 9.290
0.157 -12.812
8.780 9.605
-13.026 -1.701
10.150 -7.338
-2.427 12.784
-6.856 -11.149
12.053 4.282
-12.058 5.933
4.451 -12.671
5.307 12.337
-12.695 -5.974
12.823 -4.258
-6.897 10.716
-3.096 -13.595
10.905 7.443
-13.561 1.348
9.443 -10.250
0.174 14.166
-10.092 -10.216
13.681 0.417
-10.336 9.131
1.561 -13.885
7.704 11.120
-14.152 -3.905
12.086 -7.576
-4.054 13.684
-5.887 -13.423
13.138 6.264
-13.197 4.551
6.297 -13.025
3.863 14.170
-11.553 -8.059
14.115 -2.739
-9.517 11.271
-1.290 -15.009
10.625 9.642
-14.756 -0.148
11.595 -10.390
-1.518 14.704
-8.879 -12.524
13.766 3.339
-13.149 7.352
3.786 -14.939
7.149 12.770
-14.502 -5.725
14.281 -5.639
-6.427 13.055
-4.525 -14.732
13.680 8.015
-16.005 2.982
8.707 -12.036
1.752 15.057
-11.814 -10.539
15.467 0.338
-11.193 10.639
1.252 -15.936
9.281 11.977
-14.848 -2.017
13.785 -9.095
-3.890 15.430
-7.807 -13.940
15.157 4.520
-14.656 6.248
6.226 -15.066
5.638 14.517
-14.460 -7.891
15.711 -3.566
-9.360 13.903
-2.828 -16.009
12.683 10.282
-16.403 0.517
10.536 -11.834
-0.689 16.376
-10.724 -12.395
17.049 1.113
-13.487 9.212
3.010 -16.558
8.879 13.742
-16.337 -4.216
15.028 -7.709
-6.443 16.218
-5.894 -15.912
14.943 6.571
-15.233 4.620
8.164 -14.003
4.046 16.599
-13.669 -9.727
16.329 -1.711
-10.887 12.967
0.143 -17.369
11.489 13.101
-17.135 -1.601
13.291 -11.491
-3.677 17.191
-9.320 -14.954
16.948 4.549
-15.297 7.994
5.765 -16.800
7.192 15.516
-16.085 -6.628
16.707 -5.010
-8.066 15.380
-4.381 -16.859
14.619 9.920
-17.706 2.210
11.806 -13.011
0.525 18.602
-12.926 -13.423
18.872 0.888
-13.332 11.012
2.222 -18.193
10.815 14.918
-17.898 -3.243
16.253 -9.049
-5.552 17.974
-7.768 -16.549
16.657 6.855
-16.695 6.847
8.168 -15.845
5.085 18.424
-16.346 -9.108
17.727 -2.914
-11.035 15.217
-2.208 -19.129
12.883 12.021
-18.352 0.515
14.554 -12.837
-1.310 18.522
-11.508 -14.480
18.744 3.045
-16.628 10.162
4.379 -18.503
9.451 16.910
-18.023 -7.141
17.846 -7.208
-7.375 17.927
-6.375 -18.704
16.326 9.696
-18.717 3.693
