0.915 -1.702
0.535 1.417
-1.245 -0.241
1.730 -0.094
-1.690 1.465
0.047 -3.324
2.330 2.072
-3.637 0.247
2.637 -2.151
0.070 3.912
-2.409 -2.480
3.685 0.093
-3.306 2.267
1.565 -4.321
2.530 4.131
-3.895 -1.557
4.469 -1.980
-2.467 5.397
-1.661 -5.101
4.959 2.238
-4.953 1.609
3.388 -5.088
1.226 5.305
-4.565 -4.224
6.361 -0.600
-4.602 3.977
0.450 -5.661
4.299 4.250
-5.638 -0.952
5.577 -3.533
-0.694 5.923
-3.675 -5.818
6.671 1.667
-6.121 3.016
2.227 -7.155
2.800 6.131
-6.561 -3.527
7.147 -2.246
-4.420 6.612
-1.852 -8.057
6.583 4.765
-7.459 0.161
5.400 -5.350
0.439 7.592
-5.618 -5.866
8.250 0.814
-6.356 4.849
0.495 -7.524
5.157 6.423
-7.993 -2.459
7.306 -4.088
-3.256 8.002
-3.645 -7.962
7.693 3.397
-7.827 2.494
4.064 -7.152
1.971 8.477
-7.509 -5.076
8.566 -0.981
-6.015 7.592
-0.151 -9.235
6.771 7.283
-9.238 -0.606
7.851 -5.798
-1.001 9.551
-5.481 -7.641
9.896 1.552
-8.214 4.554
2.980 -9.065
4.121 8.209
-9.947 -3.221
9.092 -4.394
-4.361 9.405
-2.957 -10.135
9.740 5.263
-10.631 1.968
6.608 -8.138
1.288 10.159
-8.232 -7.151
10.782 -0.043
-7.695 7.020
0.916 -10.768
5.863 8.789
-11.095 -1.771
9.628 -6.483
-1.887 11.162
-4.846 -9.941
10.575 3.290
-10.967 4.552
4.485 -10.006
3.581 11.645
-9.295 -4.876
11.271 -3.393
-6.576 9.917
-1.975 -11.680
8.573 7.289
-10.858 0.118
8.356 -7.728
-0.385 12.128
-8.014 -9.040
11.775 1.527
-9.477 7.102
2.398 -11.942
5.551 10.649
-11.749 -3.474
10.950 -5.167
-4.457 12.119
-5.085 -12.108
11.742 5.540
-12.201 3.160
6.318 -10.315
2.057 12.642
-10.738 -7.265
12.311 -1.005
-8.225 9.028
-0.214 -12.356
8.797 9.068
-12.783 -0.872
10.081 -8.230
-2.426 12.911
-6.760 -10.544
12.629 3.136
-11.514 6.223
4.948 -11.795
5.250 12.371
-12.403 -5.151
12.614 -4.610
-6.673 12.341
-3.536 -13.041
10.314 7.485
-13.747 2.333
8.040 -10.473
0.589 13.615
-9.707 -10.001
14.153 0.617
-10.764 9.506
1.180 -13.636
8.539 10.829
-13.777 -2.334
11.533 -7.071
-4.689 13.912
-6.890 -12.490
13.436 4.812
-13.731 5.128
6.987 -12.768
3.807 13.431
-12.653 -7.015
14.363 -3.066
-8.691 11.085
-1.947 -14.246
10.722 10.131
-15.057 0.450
10.220 -10.070
-0.971 14.724
-9.726 -12.157
14.596 2.336
-13.000 8.167
4.102 -13.558
6.606 13.539
-14.704 -4.614
13.149 -6.425
-6.525 14.159
-4.833 -14.574
12.676 7.146
-14.962 3.696
8.767 -13.211
2.084 16.146
-11.531 -9.366
15.131 -0.909
-11.182 11.207
1.201 -15.424
9.998 11.770
-15.841 -2.140
12.477 -8.598
-2.843 14.712
-8.311 -14.271
15.189 4.745
-14.354 7.016
5.359 -14.881
5.420 14.981
-14.695 -7.058
14.809 -4.819
-8.686 13.997
-2.683 -15.885
13.359 10.121
-16.142 1.930
10.974 -12.089
-0.399 16.407
-11.228 -11.180
16.312 1.602
-12.974 10.015
2.063 -16.960
8.445 13.980
-16.364 -3.930
14.216 -8.098
-5.121 16.076
-6.858 -15.435
15.833 7.338
-16.216 4.997
7.395 -14.552
3.763 15.468
-13.526 -8.933
16.799 -3.113
-10.475 13.105
-0.796 -16.399
12.339 11.594
-17.333 -1.112
13.721 -10.740
-2.555 17.019
-10.731 -13.912
16.959 4.631
-15.451 8.471
5.488 -16.668
7.127 15.719
-16.452 -6.694
15.894 -6.315
-7.515 15.690
-4.069 -16.961
14.906 8.912
-17.078 3.433
10.721 -14.043
1.218 17.802
-12.332 -12.514
18.602 0.514
-14.123 12.157
1.941 -18.793
10.250 13.926
-18.041 -3.234
15.498 -9.966
-4.237 17.690
-8.128 -16.733
17.636 6.546
-16.957 6.832
7.774 -16.249
5.904 17.051
-15.365 -9.040
18.679 -4.049
-10.006 15.812
-1.920 -17.862
14.577 11.867
-19.222 1.136
12.721 -12.192
-0.510 18.352
-12.004 -15.248
18.420 2.341
-15.100 10.682
4.086 -18.544
9.218 17.169
-18.230 -5.405
17.411 -8.492
-8.136 17.597
-6.200 -18.221
17.487 8.364
-19.031 5.321
10.592 -15.759
2.643 18.894
