1.000 -1.654
0.462 1.442
-1.231 -0.304
1.732 -0.006
-1.762 1.377
0.215 -3.318
2.222 2.188
-3.645 0.063
2.743 -2.015
-0.128 3.910
-2.281 -2.599
3.676 0.279
-3.417 2.097
1.782 -4.236
2.318 4.254
-3.811 -1.752
4.563 -1.751
-2.737 5.265
-1.401 -5.179
4.840 2.486
-5.028 1.356
3.641 -4.911
0.956 5.360
-4.345 -4.449
6.383 -0.278
-4.798 3.739
0.735 -5.631
4.079 4.462
-5.583 -1.236
5.748 -3.247
-0.992 5.880
-3.376 -5.997
6.578 2.003
-6.265 2.702
2.586 -7.033
2.486 6.265
-6.374 -3.855
7.251 -1.882
-4.749 6.380
-1.442 -8.140
6.334 5.091
-7.458 -0.216
5.664 -5.070
0.055 7.604
-5.314 -6.143
8.198 1.230
-6.593 4.521
0.875 -7.490
4.826 6.676
-7.859 -2.861
7.503 -3.713
-3.657 7.827
-3.238 -8.136
7.512 3.781
-7.944 2.095
4.421 -6.937
1.540 8.566
-7.243 -5.449
8.605 -0.546
-6.391 7.278
0.316 -9.231
6.394 7.617
-9.196 -1.072
8.134 -5.393
-1.483 9.488
-5.087 -7.908
9.805 2.051
-8.434 4.133
3.435 -8.903
3.700 8.407
-9.771 -3.720
9.303 -3.928
-4.832 9.172
-2.441 -10.271
9.461 5.749
-10.717 1.427
7.011 -7.794
0.772 10.211
-7.860 -7.558
10.770 0.503
-8.040 6.622
1.460 -10.708
5.411 9.075
-10.991 -2.330
9.944 -5.988
-2.449 11.052
-4.337 -10.173
10.395 3.821
-11.183 3.992
4.986 -9.767
2.987 11.811
-9.037 -5.340
11.428 -2.819
-7.070 9.571
-1.381 -11.765
8.193 7.714
-10.850 -0.431
8.736 -7.296
-0.998 12.093
-7.546 -9.434
11.683 2.120
-9.824 6.613
2.999 -11.805
5.005 10.916
-11.558 -4.064
11.197 -4.606
-5.065 11.878
-4.466 -12.350
11.447 6.127
-12.346 2.539
6.831 -9.982
1.415 12.730
-10.357 -7.799
12.346 -0.381
-8.672 8.601
0.411 -12.351
8.327 9.501
-12.722 -1.518
10.484 -7.709
-3.076 12.772
-6.218 -10.872
12.454 3.771
-11.814 5.633
5.539 -11.530
4.618 12.620
-12.127 -5.772
12.832 -3.966
-7.289 11.988
-2.872 -13.203
9.922 7.997
-13.847 1.634
8.559 -10.052
-0.101 13.627
-9.189 -10.479
14.104 1.332
-11.231 8.950
1.869 -13.559
7.981 11.248
-13.641 -3.028
11.876 -6.479
-5.387 13.657
-6.249 -12.823
13.176 5.486
-13.973 4.427
7.624 -12.398
3.123 13.606
-12.282 -7.646
14.500 -2.335
-9.241 10.632
-1.224 -14.326
10.196 10.661
-15.061 -0.312
10.716 -9.541
-1.715 14.656
-9.099 -12.634
14.459 3.072
-13.397 7.498
4.783 -13.333
5.913 13.856
-14.452 -5.352
13.457 -5.751
-7.233 13.811
-4.090 -14.799
12.298 7.778
-15.129 2.934
9.424 -12.751
1.264 16.231
-11.043 -9.937
15.158 -0.142
-11.735 10.627
1.979 -15.344
9.390 12.260
-15.713 -2.938
12.896 -7.955
-3.584 14.549
-7.579 -14.674
14.929 5.507
-14.691 6.281
6.105 -14.591
4.655 15.236
-14.319 -7.792
15.034 -4.063
-9.383 13.540
-1.876 -16.001
12.830 10.784
-16.219 1.110
11.572 -11.518
-1.229 16.365
-10.648 -11.734
16.210 2.425
-13.464 9.346
2.919 -16.834
7.727 14.389
-16.145 -4.753
14.607 -7.368
-5.928 15.796
-6.068 -15.762
15.441 8.130
-16.448 4.170
8.122 -14.160
2.975 15.638
-13.056 -9.605
16.935 -2.259
-11.124 12.558
0.034 -16.418
11.737 12.204
-17.255 -1.988
14.247 -10.032
-3.413 16.867
-10.013 -14.437
16.703 5.483
-15.860 7.679
6.324 -16.369
6.323 16.059
-16.093 -7.518
16.193 -5.503
-8.299 15.290
-3.206 -17.145
14.436 9.654
-17.229 2.564
11.418 -13.482
0.316 17.841
-11.683 -13.122
18.552 1.455
-14.720 11.427
2.889 -18.671
9.533 14.427
-17.854 -4.142
15.982 -9.169
-5.126 17.453
-7.271 -17.123
17.282 7.430
-17.281 5.965
8.586 -15.834
5.034 17.328
-14.888 -9.806
18.860 -3.099
-10.793 15.285
-1.014 -17.936
13.958 12.589
-19.255 0.162
13.322 -11.532
-1.438 18.303
-11.218 -15.836
18.278 3.270
-15.621 9.904
5.019 -18.314
8.338 17.614
-17.933 -6.320
17.819 -7.600
-9.016 17.162
-5.271 -18.511
17.042 9.238
-19.276 4.351
11.376 -15.203
1.683 19.004
