-1.929 0.109
0.929 -1.196
0.445 1.188
-0.984 -1.426
2.132 0.675
-2.859 1.697
0.550 -3.069
2.111 2.972
-3.212 -1.124
3.299 -2.103
-0.856 3.350
-1.847 -3.191
3.660 1.635
-4.502 0.923
2.201 -4.316
0.707 4.134
-4.023 -2.776
5.890 -0.716
-3.482 4.082
-0.683 -5.398
3.960 3.383
-6.109 -0.230
3.883 -3.817
-1.216 6.099
-3.835 -5.110
5.796 1.846
-5.061 2.574
1.378 -5.887
2.134 5.305
-5.927 -2.909
5.412 -2.503
-3.040 6.174
-2.064 -6.559
5.769 3.643
-7.264 1.840
3.764 -5.591
0.421 7.437
-5.649 -4.920
7.947 0.314
-5.902 5.788
0.623 -8.102
4.035 6.276
-7.383 -1.809
6.243 -4.341
-2.067 7.855
-3.616 -7.459
7.455 2.886
-6.675 3.509
2.782 -7.753
2.080 8.100
-7.303 -4.093
8.524 -1.405
-4.884 7.268
-1.124 -8.334
6.216 5.371
-8.222 0.272
6.198 -6.110
-0.405 9.055
-5.312 -6.791
9.616 1.162
-7.795 4.955
2.672 -9.579
4.311 8.193
-9.045 -3.665
8.666 -4.137
-3.651 8.666
-3.847 -9.248
8.175 4.624
-9.287 2.195
4.846 -7.803
2.451 10.164
-8.497 -5.457
10.298 -1.195
-7.096 7.817
-0.602 -11.054
7.232 8.036
-10.392 -1.382
7.989 -6.406
-1.796 10.755
-5.670 -9.171
10.006 2.893
-9.660 4.845
4.430 -9.592
4.287 10.386
-10.559 -4.822
10.503 -4.223
-5.944 9.326
-2.720 -10.736
9.612 6.972
-10.875 1.404
8.058 -9.137
0.699 10.473
-8.782 -7.837
11.891 0.426
-8.927 7.786
1.736 -11.118
5.774 9.196
-10.955 -3.087
10.542 -6.009
-3.521 11.556
-4.851 -10.838
11.007 4.370
-11.435 4.195
6.179 -10.297
3.177 11.833
-10.127 -6.636
12.662 -2.532
-7.667 10.662
-1.411 -12.907
9.070 8.752
-12.096 0.003
9.704 -8.359
-0.584 12.952
-7.289 -9.972
11.996 2.296
-10.424 6.639
3.135 -12.239
5.935 11.355
-12.284 -4.295
12.276 -4.678
-5.458 11.273
-3.924 -12.406
11.322 6.566
-12.642 1.944
7.804 -10.940
2.088 13.267
-10.522 -8.347
14.010 -0.758
-9.271 9.829
0.993 -12.705
9.172 10.502
-13.130 -1.383
11.301 -7.616
-3.455 13.502
-6.869 -12.390
13.730 4.210
-12.243 6.118
4.772 -12.939
5.208 12.966
-12.055 -6.139
14.312 -3.271
-7.050 12.401
-2.918 -13.971
11.547 9.028
-14.538 0.714
9.462 -10.264
0.630 14.454
-10.119 -10.645
13.993 1.618
-11.129 9.104
3.036 -14.436
8.251 12.603
-13.926 -3.452
13.062 -6.865
-5.284 14.645
-5.635 -13.666
13.756 6.817
-13.703 3.586
8.092 -12.707
3.749 14.948
-12.348 -7.855
15.482 -1.835
-9.901 11.736
-0.530 -14.542
10.968 10.826
-15.845 -0.572
12.678 -10.213
-1.961 14.726
-8.681 -12.427
15.398 3.678
-13.779 7.036
4.811 -14.674
6.453 14.625
-13.850 -6.146
14.029 -5.263
-7.826 14.543
-3.890 -15.430
13.482 8.573
-15.488 3.206
9.942 -12.449
1.660 16.217
-11.846 -10.109
16.473 0.092
-12.143 10.588
1.650 -16.678
10.079 12.755
-16.041 -3.040
14.198 -8.232
-3.666 15.414
-7.157 -14.745
15.318 5.829
-15.539 7.102
7.507 -14.505
5.200 16.006
-14.332 -7.890
16.383 -4.033
-9.577 13.912
-2.016 -17.334
12.733 11.215
-16.272 1.299
11.222 -11.290
-0.549 16.200
-11.432 -12.697
16.647 2.084
-13.566 9.247
3.438 -16.579
8.109 15.360
-16.327 -6.088
15.846 -6.714
-6.255 16.419
-4.912 -16.880
15.296 8.748
-17.079 4.030
9.679 -14.290
2.889 17.525
-13.689 -10.252
17.305 -1.790
-12.335 12.332
-0.190 -17.366
11.850 12.768
-17.575 -1.804
14.542 -10.340
-4.227 17.054
-9.281 -16.129
17.745 5.690
-17.038 8.165
6.518 -16.016
6.669 17.072
-16.595 -8.007
17.296 -5.630
-10.020 15.673
-3.633 -18.457
14.685 10.889
-17.916 1.861
11.454 -13.943
0.320 17.824
-13.212 -13.811
18.710 0.270
-14.227 10.970
2.501 -18.630
11.012 15.796
-17.042 -4.477
15.914 -9.154
-6.729 18.203
-7.628 -16.929
16.997 7.293
-17.947 6.205
9.823 -16.831
4.916 18.367
-16.338 -10.408
19.254 -2.257
-12.296 14.807
-2.005 -19.281
14.481 13.446
-18.971 -0.797
14.729 -12.125
