1.121 1.574
-1.507 -0.149
0.768 -1.009
-0.682 1.592
-0.565 -2.164
2.959 1.515
-2.890 1.170
1.390 -3.370
0.760 3.317
-3.538 -1.670
3.291 -1.061
-1.716 3.263
-0.567 -3.969
3.180 3.318
-4.825 0.438
3.121 -2.802
-0.205 4.883
-3.745 -4.603
5.309 0.771
-4.204 3.454
0.753 -5.153
3.061 5.292
-5.299 -1.252
5.809 -2.221
-2.280 5.968
-1.526 -5.888
4.875 2.911
-5.715 1.971
3.351 -4.633
0.697 6.565
-5.002 -3.246
6.844 -0.717
-4.450 5.242
0.008 -6.823
5.428 5.167
-6.737 -0.206
6.069 -4.319
-1.153 7.402
-3.969 -6.892
8.043 1.909
-7.188 3.791
3.160 -6.759
2.404 7.211
-7.000 -2.970
7.748 -2.437
-4.385 7.035
-1.531 -7.846
6.526 3.778
-8.043 1.778
5.746 -6.076
0.428 8.361
-5.731 -6.465
8.753 0.260
-6.454 5.392
1.232 -8.122
4.611 6.812
-8.473 -1.989
7.878 -4.483
-2.916 8.114
-4.141 -8.756
8.347 3.956
-9.529 2.843
4.636 -8.014
1.719 9.607
-8.119 -5.129
9.278 -1.528
-5.776 8.184
-0.443 -9.382
6.806 6.688
-9.185 0.057
7.295 -7.490
-0.090 10.098
-6.499 -8.077
10.396 1.839
-9.033 6.400
2.946 -10.402
4.368 9.530
-9.678 -3.347
10.058 -4.212
-4.739 9.685
-2.884 -10.009
9.247 5.592
-10.477 1.362
6.504 -9.162
1.546 11.504
-9.170 -6.637
11.059 0.060
-7.635 8.023
0.778 -11.849
6.983 8.455
-12.026 -1.950
8.490 -6.173
-1.952 11.607
-5.976 -10.289
11.346 3.405
-10.333 4.455
4.705 -9.786
3.226 10.915
-10.702 -5.719
11.655 -3.179
-6.586 9.880
-2.168 -11.643
9.643 7.441
-12.006 0.258
8.320 -8.994
-0.219 12.105
-8.889 -9.365
13.108 0.806
-10.170 8.072
2.573 -12.338
6.448 10.234
-12.245 -3.757
11.271 -6.408
-4.554 11.482
-4.449 -11.374
11.172 5.283
-12.027 3.869
6.446 -11.073
2.912 12.683
-10.500 -7.895
12.448 -1.389
-8.407 9.932
-0.477 -13.080
8.382 9.662
-13.416 -0.774
10.114 -8.837
-1.456 13.351
-8.107 -11.451
13.257 2.608
-11.280 5.930
4.000 -13.357
5.826 11.848
-12.466 -5.504
13.266 -4.272
-6.824 12.415
-3.753 -13.861
11.702 7.100
-13.492 2.857
8.196 -11.316
1.229 13.472
-10.394 -10.367
14.250 -0.642
-10.267 9.913
1.486 -14.582
8.351 11.921
-13.727 -2.537
11.895 -8.236
-3.616 14.235
-6.087 -12.703
13.634 4.566
-13.833 5.123
6.268 -13.698
4.500 13.624
-12.770 -7.395
15.208 -3.333
-8.561 12.050
-1.561 -15.273
10.337 9.685
-15.065 -0.076
10.651 -11.138
-0.066 14.635
-9.803 -12.123
15.207 2.124
-12.023 8.198
3.316 -15.050
7.959 13.713
-15.398 -5.286
13.505 -6.188
-5.890 13.968
-5.093 -14.990
13.296 7.910
-14.981 3.748
8.937 -13.254
2.179 14.995
-11.929 -9.067
16.477 -1.128
-10.984 11.514
0.070 -15.977
10.966 11.398
-15.832 -1.779
12.838 -10.047
-2.242 15.411
-8.700 -13.989
15.430 4.633
-14.992 7.492
5.422 -15.326
5.975 15.194
-14.532 -7.627
14.997 -5.112
-8.663 13.914
-3.230 -16.069
14.290 9.364
-16.275 1.377
10.774 -12.929
0.961 16.332
-12.143 -11.714
16.875 0.690
-13.594 10.942
2.705 -16.751
9.770 13.077
-15.534 -3.480
14.001 -8.168
-4.653 16.440
-7.107 -15.197
15.054 6.552
-15.861 5.925
8.677 -15.047
3.549 17.060
-14.125 -9.831
17.226 -3.456
-11.666 13.151
-0.748 -17.605
12.511 12.305
-17.250 -0.575
13.290 -11.783
-1.381 17.046
-10.736 -13.689
17.008 3.867
-14.594 9.414
4.489 -16.831
7.839 15.833
-16.499 -6.795
16.683 -5.511
-8.703 16.448
-4.641 -18.048
15.988 10.066
-17.026 3.019
10.892 -14.741
2.067 18.309
-13.981 -11.636
18.602 0.127
-13.682 12.910
1.388 -18.229
11.122 14.169
-17.902 -2.262
14.912 -9.769
-4.646 18.539
-9.742 -15.976
16.863 6.193
-17.097 7.811
7.498 -17.736
5.293 16.806
-16.226 -8.589
18.989 -4.006
-10.260 15.476
-2.886 -18.270
14.814 11.880
-19.476 0.657
12.923 -13.948
-0.101 19.372
-12.170 -15.090
19.082 2.515
-15.246 11.971
3.662 -19.419
9.435 16.478
-18.109 -6.002
