1.851 0.554
-1.281 0.809
-0.014 -1.268
0.440 1.675
-1.775 -1.361
3.266 -0.623
-1.562 2.699
-0.973 -3.513
2.638 2.151
-3.818 0.855
1.945 -2.859
0.650 3.629
-2.885 -2.783
4.548 0.665
-3.538 3.309
0.742 -4.128
2.838 3.979
-5.783 -1.331
4.663 -2.653
-1.195 5.308
-2.572 -4.529
5.666 2.296
-4.950 2.267
3.219 -5.321
1.867 6.110
-4.821 -3.709
5.635 -0.698
-3.299 5.066
-0.201 -5.714
4.583 4.752
-5.941 0.512
4.960 -4.770
-0.292 6.870
-4.185 -5.389
7.457 0.743
-5.443 3.975
2.136 -7.136
3.637 6.549
-7.366 -3.000
7.520 -3.434
-3.344 7.407
-1.658 -7.274
6.326 4.214
-7.348 1.957
4.617 -6.682
0.862 8.245
-6.028 -5.251
7.470 -1.028
-5.255 6.344
0.802 -8.324
5.474 6.335
-8.494 -1.580
7.066 -5.172
-1.780 8.219
-4.017 -7.166
7.823 2.543
-7.908 3.636
3.463 -8.376
2.684 8.194
-8.647 -4.365
9.016 -2.005
-5.773 8.097
-1.264 -9.171
7.258 6.525
-9.557 0.940
6.383 -6.905
0.470 10.006
-6.113 -7.130
9.479 1.097
-7.213 5.687
1.155 -10.391
6.132 8.023
-10.090 -2.381
9.333 -4.935
-3.197 10.599
-4.065 -10.018
9.301 4.837
-9.693 3.304
5.349 -9.501
2.210 10.553
-8.424 -6.126
10.732 -1.268
-7.431 7.511
-0.496 -11.225
8.287 8.128
-11.313 0.396
8.763 -6.746
-1.097 11.021
-6.665 -9.828
10.704 2.382
-10.687 5.849
2.907 -10.086
5.590 10.358
-11.037 -4.448
11.044 -4.283
-5.417 9.863
-2.299 -10.612
9.251 6.631
-11.958 2.062
7.244 -9.668
0.872 11.842
-8.862 -7.856
12.180 -0.052
-9.315 7.579
1.040 -12.207
7.263 9.687
-12.767 -1.929
10.838 -7.416
-3.066 12.616
-5.549 -11.317
11.375 4.114
-11.970 4.557
4.958 -11.980
3.460 11.858
-10.498 -6.242
12.061 -2.694
-7.114 10.441
-1.716 -12.697
10.089 8.220
-13.135 0.220
8.969 -8.742
-0.533 13.001
-8.411 -10.028
12.549 2.475
-11.062 7.631
2.552 -13.186
7.053 11.430
-13.431 -4.056
12.063 -6.086
-5.258 11.609
-5.049 -12.997
11.875 5.770
-13.218 3.314
7.844 -11.520
2.242 13.988
-11.477 -8.632
13.595 -1.586
-8.891 10.543
-0.484 -13.965
9.246 9.875
-14.571 -1.796
10.850 -9.261
-2.012 14.129
-7.785 -12.419
13.912 4.277
-12.391 6.430
4.327 -13.805
5.891 13.454
-12.607 -6.285
13.564 -4.772
-7.768 12.540
-3.469 -14.659
11.920 7.986
-14.619 2.009
9.953 -11.972
0.647 14.768
-10.614 -11.092
14.106 1.292
-11.934 9.194
1.563 -15.332
8.937 11.589
-15.182 -3.545
13.304 -7.665
-4.451 13.854
-6.629 -13.913
14.704 5.931
-15.397 5.288
6.856 -13.179
3.933 14.640
-13.227 -8.700
15.351 -1.926
-9.519 12.160
-1.089 -15.948
10.931 10.493
-14.983 0.173
12.309 -11.011
-1.594 15.833
-9.759 -12.650
15.655 2.257
-13.586 8.321
3.959 -15.814
7.698 13.538
-15.458 -5.694
15.021 -5.823
-7.228 15.121
-5.136 -15.424
14.049 8.319
-16.152 2.908
8.694 -13.246
1.711 16.301
-12.420 -10.695
17.028 -1.389
-11.996 11.084
0.559 -16.820
10.791 12.297
-16.777 -1.784
13.740 -9.822
-4.005 16.985
-8.155 -14.880
15.742 4.318
-14.395 6.796
6.030 -15.046
6.427 15.830
-14.943 -7.626
15.904 -4.078
-8.876 14.419
-2.396 -17.203
13.280 11.282
-17.185 0.919
11.470 -13.309
-1.127 17.544
-11.405 -13.432
17.431 2.024
-13.965 10.142
3.249 -17.462
9.382 14.299
-16.881 -4.207
15.796 -7.397
-5.733 16.393
-6.796 -16.039
15.912 7.678
-17.193 4.773
9.779 -14.597
3.237 18.325
-14.749 -11.390
18.800 -1.878
-11.581 12.841
-0.460 -18.323
12.878 13.178
-18.180 -0.593
14.757 -11.326
-2.866 18.592
-10.102 -15.237
17.480 4.348
-15.516 9.212
5.766 -16.869
7.722 17.483
-17.501 -6.622
17.111 -5.472
-8.693 16.666
-4.978 -18.601
14.500 10.010
-18.080 3.190
12.523 -14.825
1.410 18.515
-13.500 -12.644
18.987 0.274
-14.965 12.482
1.629 -18.944
11.820 15.348
-18.873 -4.431
16.602 -9.738
-4.677 18.812
-9.039 -17.573
17.567 7.207
-17.977 6.388
