-1.925 0.170
0.891 -1.225
0.482 1.173
-1.028 -1.394
2.152 0.608
-2.804 1.786
0.453 -3.085
2.203 2.904
-3.246 -1.023
3.231 -2.206
-0.750 3.375
-1.946 -3.131
3.710 1.519
-4.471 1.064
2.064 -4.383
0.837 4.110
-4.108 -2.648
5.865 -0.901
-3.352 4.189
-0.852 -5.374
4.064 3.257
-6.113 -0.038
3.761 -3.937
-1.024 6.134
-3.994 -4.987
5.851 1.663
-4.978 2.732
1.192 -5.927
2.300 5.235
-6.015 -2.721
5.331 -2.672
-2.845 6.266
-2.269 -6.491
5.881 3.460
-7.203 2.067
3.587 -5.706
0.654 7.420
-5.801 -4.740
7.953 0.064
-5.717 5.971
0.368 -8.118
4.230 6.146
-7.436 -1.576
6.104 -4.535
-1.819 7.916
-3.849 -7.342
7.542 2.650
-6.561 3.717
2.537 -7.837
2.333 8.031
-7.428 -3.862
8.476 -1.672
-4.653 7.418
-1.385 -8.295
6.382 5.173
-8.209 0.530
6.003 -6.302
-0.120 9.063
-5.523 -6.621
9.648 0.859
-7.636 5.197
2.370 -9.658
4.566 8.054
-9.156 -3.379
8.532 -4.407
-3.377 8.776
-4.136 -9.123
8.316 4.365
-9.213 2.486
4.599 -7.951
2.769 10.082
-8.664 -5.187
10.255 -1.518
-6.847 8.036
-0.949 -11.030
7.481 7.805
-10.430 -1.055
7.784 -6.654
-1.457 10.806
-5.955 -8.988
10.092 2.577
-9.503 5.146
4.127 -9.726
4.611 10.246
-10.705 -4.488
10.365 -4.551
-5.648 9.508
-3.056 -10.645
9.826 6.667
-10.826 1.745
7.767 -9.386
1.028 10.446
-9.024 -7.557
11.899 0.052
-8.678 8.063
1.386 -11.167
6.060 9.010
-11.047 -2.741
10.348 -6.337
-3.156 11.661
-5.189 -10.680
11.139 4.022
-11.298 4.552
5.853 -10.486
3.547 11.727
-10.330 -6.315
12.576 -2.928
-7.328 10.898
-1.816 -12.856
9.340 8.463
-12.090 0.383
9.437 -8.660
-0.177 12.964
-7.599 -9.738
12.062 1.918
-10.210 6.963
2.749 -12.331
6.289 11.163
-12.413 -3.907
12.123 -5.061
-5.101 11.439
-4.312 -12.277
11.523 6.207
-12.575 2.340
7.457 -11.180
2.504 13.195
-10.779 -8.012
13.979 -1.198
-8.958 10.115
0.593 -12.730
9.497 10.209
-13.167 -0.970
11.056 -7.967
-3.029 13.604
-7.255 -12.168
13.855 3.777
-12.045 6.500
4.363 -13.083
5.613 12.796
-12.242 -5.757
14.202 -3.719
-6.657 12.616
-3.355 -13.872
11.825 8.661
-14.508 1.170
9.135 -10.556
1.084 14.427
-10.448 -10.322
14.037 1.178
-10.838 9.449
2.581 -14.524
8.643 12.338
-14.028 -3.013
12.840 -7.272
-4.821 14.804
-6.061 -13.482
13.963 6.382
-13.584 4.015
7.689 -12.955
4.217 14.823
-12.589 -7.463
15.417 -2.320
-9.527 12.041
-0.987 -14.518
11.303 10.476
-15.855 -0.074
12.351 -10.606
-1.497 14.780
-9.067 -12.148
15.506 3.193
-13.551 7.465
4.348 -14.818
6.909 14.415
-14.036 -5.708
13.857 -5.701
-7.365 14.782
-4.373 -15.300
13.745 8.145
-15.380 3.691
9.546 -12.755
2.169 16.157
-12.158 -9.732
16.468 -0.425
-11.804 10.964
1.125 -16.722
10.475 12.432
-16.129 -2.535
13.932 -8.674
-3.180 15.522
-7.617 -14.513
15.494 5.345
-15.308 7.587
7.048 -14.734
5.700 15.835
-14.573 -7.436
16.248 -4.546
-9.135 14.206
-2.559 -17.262
13.079 10.810
-16.223 1.809
10.862 -11.637
-0.040 16.209
-11.825 -12.332
16.704 1.560
-13.269 9.669
2.916 -16.679
8.587 15.098
-16.510 -5.572
15.627 -7.208
-5.736 16.607
-5.440 -16.717
15.563 8.263
-16.944 4.564
9.225 -14.587
3.438 17.426
-14.004 -9.817
17.240 -2.333
-11.942 12.713
-0.735 -17.351
12.245 12.389
-17.623 -1.251
14.210 -10.792
-3.689 17.178
-9.783 -15.830
17.915 5.130
-16.773 8.696
6.012 -16.213
7.202 16.854
-16.838 -7.482
17.111 -6.171
-9.523 15.980
-4.211 -18.334
15.020 10.422
-17.849 2.423
11.010 -14.296
0.880 17.805
-13.639 -13.389
18.709 -0.318
-13.875 11.411
1.915 -18.699
11.503 15.442
-17.174 -3.939
15.619 -9.649
-6.154 18.405
-8.156 -16.681
17.218 6.756
-17.743 6.766
9.289 -17.131
5.491 18.204
-16.657 -9.890
19.174 -2.861
-11.825 15.186
-2.610 -19.208
14.896 12.985
-18.987 -0.201
14.341 -12.582
