-13.24825, -9.38851
-11.96679, -12.95272
-7.66104, -17.02782
-5.66851, -18.45325
-6.40006, -15.65598
-3.56239, -17.10890
-2.20831, -15.97548
-4.41140, -14.75901
-11.54858, -15.66290
-10.89194, -11.52933
-9.38021, -12.45100
-6.45191, -10.80109
-7.76855, -9.27786
-9.39244, -10.35519
-10.52020, -7.60365
-11.26371, -9.77387
1.65659, -15.40400
2.60958, -16.93836
4.52558, -13.46404
1.60525, -13.66056
5.30088, -11.69934
2.76763, -11.92892
0.12750, -12.43285
-1.52024, -14.33235
-3.16283, -13.13960
-4.72805, -12.29829
-6.50020, -12.73022
-7.89438, -14.57386
-10.32294, -14.25247
-1.41957, -18.00016
-0.29666, -16.45317
2.50624, -18.78674
-3.39704, -8.11843
-5.28569, -7.83932
-4.53770, -10.12930
-8.00844, -7.43564
-5.48104, -6.08823
-3.47085, -5.96569
-4.44936, -4.38359
-3.83461, -1.70504
-2.66047, -10.28460
-1.65090, -11.74914
1.22092, -10.75381
0.11873, -9.26858
0.70968, -7.57169
0.60234, -5.69463
-1.59958, -8.14085
-1.53162, -5.15935
11.07622, -15.48682
11.13137, -13.72976
7.81322, -14.39154
9.13954, -12.97962
8.31856, -10.26809
6.60816, -10.15543
7.36662, -12.62266
5.79032, -14.76488
-5.61456, -1.17190
-6.42746, -3.75449
-7.35894, -5.32853
-9.84655, -3.58808
-9.13549, -5.18946
5.99222, -16.52759
4.62222, -18.51006
8.28231, -16.03496
3.55514, -5.02050
1.66529, -4.32999
2.46309, -7.13277
10.51604, -9.82565
11.35495, -11.80117
13.10298, -11.86107
14.01822, -10.36999
15.81327, -9.53417
3.25294, -9.03725
4.78921, -9.91834
4.26985, -7.09824
6.85494, -7.98338
8.06105, -5.59987
5.53779, -5.23650
5.68012, -3.42147
2.67380, -2.09324
11.37700, -3.10305
8.62816, -0.74419
10.80806, 0.23617
9.81855, 1.80252
8.24630, 1.00308
6.41559, -0.46243
3.71339, 0.15474
4.53329, -1.88370
12.72693, -8.26701
11.74020, -6.75614
9.85755, -6.24593
10.33332, -7.98641
8.58696, -7.49655
7.23811, -2.07063
7.41802, -3.91799
9.24696, -4.16777
12.37323, -0.68645
12.74200, -4.28056
11.09138, -4.88103
14.13923, 0.97058
15.16851, -0.50067
16.26358, 2.02633
18.60292, 1.03759
18.34628, 2.80921
13.33065, -6.06809
14.47649, -7.72290
17.69380, -8.02897
16.09584, -5.90055
18.81578, -3.52494
14.94242, -4.45020
16.90704, -2.63568
14.42545, -2.67597
12.48275, 7.44532
15.05320, 5.15070
15.61621, 7.75356
14.66565, 9.29385
17.24795, 8.82903
14.23491, 12.28389
13.08187, 10.43199
8.35883, 7.49186
16.80501, 5.09922
17.42797, 7.00254
14.56464, 2.73758
12.49555, 3.47750
11.73164, 1.80163
10.07108, 7.73416
11.57740, 5.83206
13.29000, 5.14880
6.64285, 15.89006
6.23321, 13.67633
4.89969, 12.44471
0.18691, 13.59594
1.61273, 16.17858
1.67793, 12.67025
3.41440, 13.51385
4.98792, 15.10589
5.22590, 10.75194
8.23871, 11.04865
10.46150, 10.43112
9.65258, 12.00371
12.01574, 11.94347
9.82972, 14.21051
8.01173, 14.17163
8.75035, 17.42452
6.63063, 1.83162
7.58437, 3.61340
10.48888, 3.55196
9.57465, 5.48238
8.56103, 9.30888
5.60626, 8.88227
6.57267, 7.42274
4.16709, 4.32970
3.29704, 15.52765
5.41237, 17.18430
2.11335, 18.97573
0.71577, 17.80240
-1.06372, 18.27730
-0.87781, 16.33163
4.89719, 2.32008
6.42386, 4.93553
-0.76022, 12.07150
-1.28982, 9.50036
-2.24337, 11.03664
-6.94349, 13.91574
-4.80826, 11.92042
-5.10763, 13.74514
-2.78376, 12.78417
-1.37971, 14.70056
0.23874, 7.58293
1.09559, 5.30205
2.63701, 6.17789
1.73828, 8.50899
4.98863, 6.54999
3.89509, 8.29629
3.21235, 11.72815
1.01587, 10.13831
1.73319, -0.05905
2.29809, 2.09821
0.48615, 1.38355
2.39523, 4.13762
-0.04236, 3.88407
-1.75402, 1.35176
-3.63003, 0.08974
-2.34619, -2.61481
-3.26078, 14.59621
-3.02757, 16.90290
-4.75612, 17.51997
-5.62207, 15.89329
-8.63672, 17.31706
-1.22211, -0.36698
0.14531, -3.39094
0.94557, -1.72522
-6.90073, 9.66903
-7.92356, 6.76197
-9.70714, 6.78326
-11.51600, 10.85729
-11.02630, 9.10840
-8.50225, 8.73172
-9.01284, 10.77468
-7.04266, 12.13113
-3.33069, 2.12924
-4.69730, 3.80455
-2.63855, 5.30278
-0.88290, 5.87578
-4.63327, 6.43463
-3.51108, 7.88134
-4.63384, 9.22396
-6.22346, 7.39264
-7.47920, -0.07473
-5.00042, 1.44496
-6.19570, 2.82149
-6.50038, 4.63943
-7.85891, 2.21419
-8.30877, 4.27398
-10.67470, 1.60228
-10.84237, -0.24001
-9.10361, 13.69695
-7.99388, 15.45166
-10.45912, 15.47977
-10.81731, 12.73704
-14.47812, 11.72007
-11.03846, -2.15218
-9.24378, -0.89012
-7.90598, -2.70838
-15.72562, 7.95777
-17.16713, 6.27845
-14.54145, 6.54462
-17.28469, -1.68786
-15.76059, -2.64446
-12.75120, -1.27716
-15.09256, -0.03362
-13.81126, 1.89251
-16.40004, 4.49028
-13.85895, 4.68256
-12.28225, 2.79284
-11.10893, 4.23583
-11.67260, 5.85350
-13.24613, 7.74310
-13.25561, 9.57809
-15.43371, 10.18897
-12.24991, -5.55882
-11.61964, -3.83264
-13.70470, -2.79409
-14.53216, -5.10055
-16.23154, -4.43738
-17.94277, -3.80479
-18.01489, -5.98589
-16.25157, -7.26299
-16.19796, 1.38812
-15.08277, 3.21637
-17.19637, 2.89973
-19.19845, 4.73305
-19.25676, 0.51810
-15.08733, -9.55764
-14.49594, -7.51871
-12.43242, -7.40028
