-0.864 -1.729
1.466 0.380
-0.915 0.878
0.920 -1.467
0.223 2.225
-2.689 -1.954
3.036 -0.709
-1.895 3.114
-0.238 -3.395
3.237 2.198
-3.415 0.539
2.200 -2.958
-0.054 4.009
-2.629 -3.770
4.834 0.314
-3.517 2.285
0.958 -4.793
2.988 5.127
-5.126 -1.583
4.688 -2.762
-1.541 4.975
-2.205 -5.702
5.041 2.056
-6.082 1.295
3.176 -5.544
0.597 6.053
-4.366 -3.630
5.951 -1.063
-4.028 4.059
0.327 -6.594
4.440 3.981
-6.873 -0.351
5.208 -4.490
-1.064 6.740
-4.563 -5.944
6.624 1.246
-6.664 3.328
2.284 -7.135
2.855 7.423
-7.651 -3.131
7.688 -2.633
-4.168 6.188
-1.259 -7.496
6.457 4.017
-8.032 1.209
5.420 -6.272
0.299 7.988
-5.863 -4.742
8.221 -0.512
-6.617 5.114
0.871 -8.327
4.662 7.273
-8.607 -1.611
7.210 -4.329
-2.474 7.834
-3.502 -7.444
8.064 3.276
-8.476 3.210
4.136 -7.565
2.737 9.291
-7.634 -5.200
9.855 -1.335
-5.820 7.200
-0.212 -9.757
7.227 6.323
-9.403 0.074
6.972 -7.192
-1.013 9.337
-5.690 -7.661
9.083 1.365
-8.366 6.271
1.651 -9.962
5.171 8.985
-9.986 -3.425
9.915 -4.925
-4.520 9.821
-2.841 -10.091
9.044 4.804
-10.588 2.605
6.180 -8.835
1.301 10.334
-8.271 -6.956
10.562 0.275
-7.843 8.045
0.252 -11.605
8.033 7.976
-10.916 -1.770
8.784 -6.745
-2.602 11.586
-5.591 -9.433
11.580 3.787
-9.342 4.785
3.724 -11.166
4.313 11.090
-10.682 -5.119
10.898 -2.803
-6.162 8.941
-1.498 -11.283
9.689 7.305
-12.006 1.337
8.035 -8.742
0.340 11.838
-8.376 -8.844
11.901 1.603
-9.611 7.598
2.090 -11.926
7.333 10.628
-12.825 -2.824
11.296 -6.401
-4.451 11.792
-4.787 -11.108
11.516 5.606
-12.127 4.587
6.275 -10.639
2.636 11.926
-10.220 -6.948
12.480 -1.962
-8.081 9.943
-0.914 -12.981
9.152 9.425
-12.513 -0.554
9.842 -8.511
-1.552 12.996
-6.786 -10.842
13.135 2.841
-11.359 7.166
3.504 -12.965
6.238 12.567
-12.694 -4.628
12.062 -4.114
-6.018 12.578
-3.923 -12.606
11.465 7.367
-13.768 2.168
8.662 -11.210
1.564 14.275
-10.462 -8.825
13.772 -0.736
-9.848 9.912
0.870 -13.500
8.665 11.851
-14.178 -1.570
11.677 -8.206
-3.724 14.176
-6.406 -13.070
13.169 4.631
-13.026 6.296
5.775 -13.504
4.049 13.492
-12.764 -6.621
14.459 -2.922
-8.312 12.563
-2.338 -14.156
11.472 9.281
-15.541 0.940
10.323 -10.580
-0.820 15.330
-8.714 -11.167
14.872 2.406
-12.246 9.356
2.330 -14.448
7.809 13.494
-14.695 -4.451
13.146 -6.239
-5.604 14.356
-5.742 -14.779
14.395 7.604
-14.300 4.024
7.980 -12.888
2.712 15.597
-11.912 -9.872
15.380 -1.385
-10.880 11.711
0.167 -15.151
10.383 10.803
-16.453 -1.435
12.633 -9.676
-2.541 15.774
-9.071 -12.957
15.366 4.207
-14.238 7.940
4.599 -14.879
6.431 15.166
-14.527 -6.964
15.971 -5.082
-7.728 14.302
-3.553 -15.936
13.177 9.784
-15.607 2.730
10.712 -12.406
0.705 16.375
-12.669 -11.462
16.292 1.158
-12.644 11.107
1.578 -16.284
10.185 13.451
-16.566 -3.293
15.123 -8.707
-5.264 16.131
-7.629 -14.431
14.808 5.841
-15.096 5.903
7.140 -15.522
4.671 16.113
-13.859 -8.802
16.587 -3.400
-10.900 13.523
-0.867 -17.403
12.434 11.898
-17.554 0.750
13.560 -11.188
-1.984 17.508
-10.456 -14.092
16.953 3.237
-14.953 9.585
4.001 -16.628
8.489 15.185
-16.205 -6.452
15.874 -7.043
-7.039 15.934
-5.295 -16.855
15.249 9.266
-17.335 2.863
11.143 -14.904
1.793 18.549
-14.238 -12.419
17.288 -0.348
-13.042 12.878
0.790 -18.409
12.013 13.659
-18.358 -3.004
15.515 -10.637
-4.192 17.795
-8.796 -15.719
17.336 5.004
-16.244 7.344
7.459 -17.597
7.153 17.291
-15.702 -8.727
18.100 -5.071
-10.152 16.362
-2.629 -17.423
14.702 10.996
-19.380 1.020
12.531 -13.702
0.025 18.496
-12.798 -14.029
19.343 2.364
-14.925 11.781
3.097 -19.123
9.689 16.791
-18.463 -5.437
16.915 -9.468
-6.622 18.619
-6.772 -17.740
16.963 8.732
