1.914 0.267
-1.144 0.993
-0.206 -1.251
0.688 1.590
-1.960 -1.077
3.134 -1.109
-1.135 2.904
-1.493 -3.325
2.933 1.727
-3.644 1.423
1.490 -3.120
1.192 3.489
-3.273 -2.315
4.596 -0.031
-2.997 3.806
0.109 -4.193
3.407 3.504
-5.917 -0.441
4.208 -3.328
-0.379 5.428
-3.227 -4.088
5.948 1.412
-4.550 2.990
2.378 -5.746
2.770 5.758
-5.327 -2.937
5.465 -1.542
-2.495 5.507
-1.063 -5.618
5.249 4.004
-5.795 1.404
4.182 -5.465
0.751 6.835
-4.952 -4.694
7.483 -0.394
-4.779 4.753
1.032 -7.377
4.586 5.923
-7.735 -1.851
6.914 -4.532
-2.185 7.827
-2.739 -6.940
6.891 3.208
-6.968 3.046
3.553 -7.304
2.099 8.020
-6.753 -4.279
7.229 -2.146
-4.235 7.065
-0.467 -8.350
6.369 5.434
-8.635 -0.278
6.202 -6.181
-0.516 8.394
-5.055 -6.476
8.118 1.330
-7.267 4.790
2.156 -8.804
3.892 7.694
-9.207 -3.007
8.609 -3.346
-4.482 8.877
-2.637 -8.875
8.161 5.352
-9.305 2.375
5.265 -7.791
1.978 9.820
-7.121 -6.124
9.536 -0.350
-6.270 6.713
-0.430 -10.446
7.275 7.003
-10.334 -0.828
8.479 -6.290
-1.557 10.961
-5.534 -9.288
9.925 3.374
-9.081 4.732
3.850 -10.201
3.781 10.097
-9.254 -4.781
10.417 -2.876
-6.209 8.548
-2.188 -11.021
9.421 6.781
-11.123 2.103
7.642 -7.994
0.583 11.060
-8.074 -8.706
10.941 0.735
-9.679 7.398
1.348 -10.410
7.093 9.393
-11.582 -2.727
10.269 -5.904
-3.863 10.569
-3.878 -10.142
10.147 5.156
-11.508 3.847
5.698 -10.652
2.654 11.574
-9.949 -6.425
12.032 -1.894
-8.062 8.901
-0.818 -12.224
8.645 8.477
-12.912 0.024
9.592 -8.970
-1.123 12.935
-7.197 -10.347
11.866 2.346
-11.143 6.315
3.089 -12.592
5.214 11.198
-11.321 -4.582
11.515 -4.488
-5.452 11.397
-3.617 -12.292
11.216 6.599
-12.951 2.204
7.543 -9.998
1.440 12.932
-9.831 -8.640
12.779 0.549
-9.781 9.216
0.528 -13.420
8.700 10.231
-13.890 -1.977
11.004 -7.841
-3.441 12.270
-6.957 -12.084
12.611 3.907
-12.565 5.276
6.012 -12.574
4.332 13.488
-12.650 -6.797
13.198 -3.624
-7.194 11.766
-2.591 -13.731
10.633 8.363
-14.675 0.429
9.324 -10.795
0.148 14.271
-9.574 -11.099
14.399 2.124
-11.275 8.231
2.189 -14.301
7.858 12.408
-13.412 -4.305
12.686 -6.769
-5.782 13.571
-5.646 -13.966
12.991 6.091
-14.147 4.197
8.028 -13.340
2.873 14.500
-12.169 -9.359
14.139 -0.856
-10.406 10.893
-0.774 -15.392
10.588 10.104
-15.544 -1.208
11.991 -9.589
-2.304 14.368
-8.657 -12.750
15.432 3.639
-14.420 7.556
4.783 -14.064
6.102 13.876
-14.390 -6.599
14.883 -4.225
-7.570 13.460
-3.489 -15.600
12.392 8.719
-14.784 2.438
10.501 -12.746
0.819 15.892
-11.560 -11.028
15.816 -0.137
-12.171 10.281
1.521 -16.231
9.657 12.218
-16.142 -3.290
13.968 -8.028
-4.858 16.040
-7.410 -14.470
15.145 6.098
-15.526 5.318
6.590 -14.409
4.157 15.854
-13.895 -8.693
16.622 -3.949
-10.182 12.771
-1.992 -16.711
12.527 10.524
-16.854 0.774
12.097 -11.787
-1.390 17.395
-10.312 -13.475
16.214 1.887
-13.201 8.895
3.685 -15.785
8.748 14.676
-15.925 -5.278
15.104 -6.436
-6.593 15.596
-4.971 -16.643
14.833 9.143
-16.848 3.508
9.325 -14.891
1.540 17.512
-13.305 -11.552
17.536 -0.635
-12.270 12.138
0.570 -17.753
11.437 12.716
-17.323 -1.605
14.496 -9.701
-3.187 17.072
-9.144 -14.826
16.890 5.183
-16.273 7.319
7.459 -15.908
5.971 17.625
-16.302 -9.029
18.299 -4.700
-9.505 14.445
-3.226 -18.042
14.723 11.078
-18.061 2.164
12.874 -13.428
-0.021 18.811
-12.291 -13.534
17.937 1.654
-13.944 11.453
3.148 -17.547
10.278 16.114
-18.301 -3.899
16.086 -7.997
-6.072 17.789
-7.734 -17.634
15.848 7.701
-17.389 5.888
10.136 -16.549
4.195 18.088
-15.257 -10.456
18.810 -2.601
-12.905 14.602
-1.255 -18.973
14.005 13.384
-19.326 -1.526
14.938 -12.137
-1.778 19.303
-11.593 -16.003
18.455 4.467
-16.804 9.034
