1.886 0.423
-1.221 0.896
-0.103 -1.264
0.556 1.641
-1.865 -1.233
3.214 -0.849
-1.369 2.801
-1.216 -3.436
2.781 1.961
-3.749 1.119
1.741 -2.987
0.902 3.574
-3.073 -2.575
4.583 0.346
-3.299 3.548
0.452 -4.170
3.108 3.772
-5.861 -0.925
4.467 -2.972
-0.822 5.379
-2.881 -4.338
5.812 1.895
-4.780 2.607
2.840 -5.532
2.289 5.965
-5.068 -3.363
5.573 -1.089
-2.938 5.284
-0.600 -5.686
4.903 4.421
-5.891 0.925
4.615 -5.104
0.188 6.874
-4.551 -5.084
7.490 0.221
-5.152 4.345
1.633 -7.268
4.085 6.279
-7.557 -2.479
7.262 -3.950
-2.819 7.622
-2.161 -7.141
6.605 3.762
-7.194 2.465
4.140 -6.988
1.435 8.165
-6.379 -4.818
7.381 -1.546
-4.800 6.695
0.219 -8.360
5.902 5.938
-8.583 -0.984
6.688 -5.652
-1.203 8.323
-4.507 -6.868
7.982 1.991
-7.635 4.179
2.870 -8.597
3.249 7.987
-8.930 -3.752
8.855 -2.629
-5.194 8.480
-1.901 -9.061
7.695 6.003
-9.468 1.604
5.885 -7.334
1.167 9.949
-6.595 -6.687
9.533 0.433
-6.799 6.176
0.427 -10.447
6.677 7.576
-10.231 -1.672
8.966 -5.574
-2.449 10.796
-4.754 -9.710
9.616 4.176
-9.439 3.972
4.673 -9.851
2.940 10.373
-8.831 -5.523
10.618 -2.013
-6.889 8.011
-1.278 -11.163
8.834 7.530
-11.258 1.184
8.271 -7.341
-0.325 11.070
-7.334 -9.339
10.844 1.629
-10.253 6.580
2.197 -10.264
6.299 9.943
-11.320 -3.667
10.719 -5.043
-4.716 10.217
-3.034 -10.426
9.691 5.970
-11.785 2.891
6.552 -10.149
1.696 11.752
-9.389 -7.218
12.147 -0.902
-8.764 8.210
0.186 -12.250
7.921 9.157
-12.871 -1.034
10.294 -8.154
-2.179 12.800
-6.325 -10.902
11.634 3.311
-11.623 5.381
4.110 -12.296
4.279 11.587
-10.908 -5.494
11.844 -3.529
-6.368 10.911
-2.597 -12.547
10.638 7.496
-13.088 1.136
8.337 -9.347
0.375 13.007
-9.090 -9.417
12.691 1.594
-10.503 8.384
1.626 -13.332
7.833 10.910
-13.681 -3.109
11.609 -6.913
-4.435 11.947
-5.944 -12.613
12.249 4.927
-12.955 4.228
7.022 -12.039
3.212 13.798
-12.051 -7.811
13.451 -2.530
-8.134 11.137
-1.457 -13.897
9.912 9.206
-14.660 -0.775
10.178 -9.995
-1.021 14.235
-8.632 -11.846
14.177 3.296
-11.912 7.279
3.354 -14.074
6.815 13.010
-13.014 -5.390
13.198 -5.707
-6.875 13.052
-4.483 -14.382
12.448 7.135
-14.443 3.024
9.094 -12.637
1.675 14.687
-11.362 -10.325
14.162 0.305
-11.264 10.004
0.489 -15.403
9.724 10.937
-15.393 -2.477
12.737 -8.574
-3.474 14.131
-7.583 -13.417
15.082 4.891
-14.991 6.349
5.920 -13.625
4.944 14.330
-13.801 -7.756
15.179 -2.992
-8.647 12.795
-2.199 -15.833
11.636 9.705
-14.934 1.218
11.511 -11.843
-0.486 15.905
-10.618 -11.938
15.774 1.160
-12.972 9.249
2.846 -16.052
8.624 12.968
-15.818 -4.602
14.579 -6.856
-6.156 15.588
-6.199 -15.028
14.595 7.319
-15.910 4.028
7.749 -13.820
2.844 16.142
-13.135 -9.803
16.890 -2.574
-11.194 11.894
-0.616 -16.818
11.622 11.515
-16.861 -0.609
13.022 -10.756
-2.810 17.223
-9.173 -14.275
16.005 3.209
-13.886 7.784
4.966 -15.430
7.516 15.343
-15.439 -6.565
15.581 -5.177
-7.849 15.003
-3.590 -16.994
14.034 10.328
-17.079 2.116
10.514 -14.077
0.100 17.580
-12.314 -12.604
17.530 0.804
-13.223 11.092
2.023 -17.646
10.356 13.610
-17.133 -3.019
15.242 -8.480
-4.575 16.753
-7.899 -15.525
16.408 6.550
-16.818 5.961
8.737 -15.243
4.507 18.055
-15.507 -10.334
18.623 -3.185
-10.657 13.618
-1.737 -18.246
13.766 12.247
-18.177 0.677
13.931 -12.328
-1.562 18.746
-11.140 -14.495
17.741 3.118
-14.835 10.272
4.575 -17.230
8.923 16.902
-17.920 -5.385
16.687 -6.652
-7.509 17.232
-6.264 -18.208
15.163 8.974
-17.813 4.444
11.458 -15.663
2.698 18.371
-14.349 -11.671
18.960 -1.051
-14.058 13.496
0.304 -19.012
12.862 14.486
-19.136 -3.104
15.882 -10.872
-3.353 19.092
-10.243 -16.899
18.027 5.964
-17.487 7.626
