-1.804 0.694
0.519 -1.423
0.787 0.995
-1.372 -1.057
2.236 -0.009
-2.203 2.490
-0.415 -3.090
2.918 2.184
-3.402 -0.089
2.498 -3.011
0.209 3.451
-2.734 -2.473
3.985 0.438
-4.005 2.255
0.776 -4.782
1.937 3.720
-4.679 -1.413
5.389 -2.483
-2.068 4.951
-2.300 -4.931
4.804 2.011
-5.887 1.648
2.530 -4.821
0.706 6.179
-5.214 -3.693
6.083 -0.014
-4.032 3.998
-0.488 -6.026
3.654 4.398
-6.532 -0.958
4.388 -4.038
-1.008 6.807
-3.970 -5.614
6.607 1.705
-6.354 3.972
1.875 -6.474
2.674 6.952
-6.883 -2.957
7.663 -2.131
-3.850 7.316
-1.884 -7.905
5.760 4.742
-7.582 0.535
4.618 -6.042
0.433 8.111
-5.724 -5.997
7.980 0.468
-5.282 5.381
0.279 -8.233
4.456 7.077
-8.205 -1.665
7.687 -3.944
-2.428 8.413
-3.618 -7.592
7.561 3.213
-7.745 2.772
4.033 -7.713
2.383 8.745
-7.134 -4.842
9.511 -1.834
-5.908 7.100
-0.384 -9.937
6.609 6.483
-9.733 -0.724
6.987 -6.588
-0.827 9.367
-6.490 -7.630
9.197 1.904
-8.171 4.929
2.229 -8.911
5.441 8.928
-9.758 -2.598
9.439 -4.286
-4.367 9.612
-3.953 -10.341
9.343 5.441
-10.317 1.861
5.648 -8.542
1.578 10.789
-8.202 -6.998
10.411 -0.305
-7.716 7.566
1.286 -10.487
7.257 8.578
-11.527 -1.363
8.709 -7.232
-2.808 10.696
-5.872 -9.390
11.283 3.700
-9.926 4.661
4.879 -11.163
3.867 9.758
-10.757 -4.777
11.452 -3.230
-6.119 10.143
-1.746 -11.116
8.309 6.991
-11.375 0.410
8.200 -8.944
0.180 12.079
-7.932 -8.836
11.816 0.796
-9.606 7.490
2.736 -11.693
6.642 10.295
-11.670 -3.223
11.282 -6.281
-4.040 12.496
-5.289 -11.857
11.311 5.561
-11.516 3.701
6.684 -10.926
3.403 12.511
-9.989 -7.266
12.123 -1.481
-7.895 9.508
-0.756 -12.611
9.122 8.997
-13.009 -0.334
10.258 -8.206
-1.750 12.402
-7.529 -10.613
12.787 2.790
-11.443 5.715
4.087 -12.802
6.044 11.994
-12.570 -4.731
13.107 -5.005
-5.823 12.192
-2.939 -12.400
11.943 7.196
-12.924 2.697
8.432 -10.706
0.838 13.912
-10.328 -9.697
14.359 -0.188
-9.787 9.568
0.588 -13.779
8.923 10.753
-13.355 -2.160
12.627 -7.490
-2.922 13.962
-7.049 -12.410
13.754 5.066
-13.623 5.124
5.871 -12.665
5.019 13.569
-12.888 -7.042
13.818 -2.737
-7.814 12.070
-1.522 -14.673
11.709 9.478
-14.315 0.970
10.338 -10.529
-0.554 15.559
-9.542 -11.289
15.181 2.286
-11.951 7.604
3.820 -14.573
8.139 13.086
-14.158 -3.704
14.180 -6.480
-5.839 14.201
-4.950 -13.684
13.753 6.955
-15.261 4.299
8.949 -13.600
2.635 14.620
-12.064 -9.178
15.785 -1.205
-10.968 10.911
0.095 -15.442
10.615 11.952
-15.066 -1.618
11.749 -9.300
-3.005 16.239
-8.421 -13.502
15.458 4.041
-13.767 7.787
5.660 -14.892
6.538 14.933
-14.370 -6.004
15.713 -4.948
-8.325 13.793
-3.528 -16.384
13.496 9.063
-16.203 2.009
11.001 -12.178
1.222 15.797
-11.322 -11.851
16.367 0.867
-12.624 11.513
2.714 -16.106
9.844 13.650
-16.058 -3.131
14.366 -8.848
-4.865 16.174
-7.218 -15.888
15.552 6.786
-15.096 6.211
7.234 -14.180
4.429 15.592
-14.766 -8.595
16.487 -3.105
-10.090 12.952
-1.794 -16.837
12.416 12.146
-17.406 -0.805
13.035 -11.236
-0.936 17.545
-9.837 -14.570
17.238 3.653
-15.030 9.058
4.847 -16.565
8.108 15.803
-16.167 -5.577
15.929 -6.995
-7.975 15.512
-5.489 -16.476
15.186 8.534
-17.285 3.655
10.685 -14.291
1.189 17.529
-13.767 -12.520
18.635 -0.007
-13.726 12.982
1.310 -17.242
11.569 14.216
-18.248 -2.551
14.747 -10.648
-4.749 17.986
-9.101 -16.463
17.311 5.878
-16.490 7.249
6.643 -16.777
5.754 16.873
-16.801 -9.111
17.897 -5.463
-10.192 14.793
-3.313 -18.502
15.314 11.673
-17.594 0.947
12.354 -13.580
-0.842 19.388
-12.438 -13.787
18.413 1.748
-15.191 11.395
4.207 -19.028
10.296 15.985
-18.738 -4.916
17.643 -8.035
-7.181 17.857
-7.803 -17.745
17.898 8.376
-18.307 5.040
10.317 -16.048
