1.911 -0.287
-0.815 1.277
-0.553 -1.141
1.111 1.329
-2.185 -0.475
2.690 -1.954
-0.264 3.107
-2.376 -2.764
3.302 0.823
-3.090 2.399
0.543 -3.414
2.134 3.006
-3.796 -1.290
4.398 -1.335
-1.793 4.501
-1.086 -4.051
4.262 2.392
-5.799 1.257
3.090 -4.386
1.178 5.312
-4.255 -3.003
6.104 -0.335
-3.514 4.159
0.648 -6.185
4.291 4.734
-5.942 -1.303
4.802 -3.031
-0.828 5.989
-2.615 -5.085
6.170 2.349
-5.158 2.992
2.457 -6.428
2.661 6.340
-6.081 -3.095
7.063 -2.503
-3.232 5.914
-1.106 -7.366
6.080 4.377
-7.942 0.422
5.342 -6.309
0.128 8.125
-4.597 -5.876
7.518 1.119
-5.816 4.899
1.332 -8.012
4.290 7.093
-7.690 -2.185
6.322 -4.111
-2.054 7.977
-2.819 -7.874
7.650 3.401
-8.358 2.186
4.191 -7.688
1.889 8.195
-6.686 -4.774
8.161 -1.030
-5.607 6.657
-0.434 -9.053
5.917 6.271
-9.682 -0.268
7.304 -5.653
-1.776 9.785
-5.049 -7.760
9.345 2.814
-8.247 4.920
2.835 -8.966
4.685 8.853
-8.567 -3.849
9.044 -3.044
-4.105 8.217
-3.379 -9.894
8.964 4.648
-10.143 2.141
6.344 -8.439
1.621 10.951
-7.944 -7.334
10.475 0.416
-7.363 7.117
0.795 -10.875
6.493 8.608
-10.230 -1.956
9.171 -5.717
-3.526 9.960
-5.228 -9.945
10.959 3.826
-10.068 5.175
5.057 -9.835
3.700 10.439
-10.215 -6.055
10.699 -2.403
-7.180 9.843
-1.664 -10.364
9.469 6.992
-11.880 0.675
8.170 -8.578
-0.702 11.231
-6.599 -8.623
11.194 2.061
-9.942 6.957
2.438 -11.832
5.831 10.343
-11.364 -3.334
10.999 -5.233
-5.202 10.824
-4.256 -11.489
10.696 5.673
-12.374 3.690
6.649 -11.325
2.597 12.721
-9.839 -7.877
12.044 -1.120
-8.891 9.220
-0.615 -12.951
8.179 9.256
-12.157 -1.178
9.766 -7.573
-1.991 12.476
-6.959 -10.758
12.628 3.142
-11.791 5.792
4.393 -11.729
5.053 11.991
-11.880 -5.492
12.409 -3.103
-6.761 11.614
-3.305 -13.018
11.248 7.339
-13.880 2.049
8.324 -10.643
0.185 12.742
-10.103 -9.610
13.202 0.164
-10.549 8.627
2.193 -13.764
7.984 11.702
-14.060 -2.924
11.626 -7.223
-3.556 13.325
-6.384 -12.429
12.571 4.999
-13.948 4.579
5.874 -12.999
4.196 13.641
-12.332 -7.923
14.410 -2.054
-8.474 11.094
-1.963 -14.334
11.059 9.665
-14.083 -0.319
10.241 -10.093
-1.690 14.654
-9.380 -11.787
14.186 2.151
-12.372 8.042
3.908 -15.071
6.873 13.087
-14.327 -5.518
13.314 -4.837
-6.884 13.400
-5.114 -14.538
13.021 6.681
-15.247 3.257
8.774 -12.600
1.871 14.431
-11.921 -9.766
15.830 -0.894
-11.680 11.340
0.592 -14.844
9.792 11.572
-15.672 -2.240
13.070 -8.278
-3.435 15.056
-7.776 -13.966
14.358 4.840
-13.483 6.536
6.449 -15.204
5.299 15.004
-14.217 -7.291
15.126 -4.623
-8.750 13.314
-3.151 -15.994
12.729 8.972
-16.411 1.430
11.113 -11.664
-0.102 16.759
-11.214 -11.769
16.254 1.546
-13.376 9.508
2.226 -15.687
8.489 14.021
-15.791 -4.389
14.816 -8.507
-6.135 15.137
-6.656 -15.457
15.000 6.532
-15.940 5.529
8.251 -14.737
3.608 17.074
-13.715 -9.991
16.082 -2.796
-10.131 12.278
-0.950 -16.181
12.556 11.587
-16.768 -0.537
12.654 -10.461
-1.892 16.826
-9.493 -14.546
16.819 4.554
-15.158 8.149
4.711 -16.926
6.450 16.354
-16.038 -7.297
16.634 -5.590
-8.317 15.123
-4.495 -17.184
14.577 8.944
-17.065 3.381
11.144 -13.418
1.793 17.274
-12.978 -11.618
17.667 0.173
-13.525 11.639
2.633 -17.371
10.731 15.203
-18.195 -4.027
16.211 -9.704
-5.011 16.550
-8.217 -16.383
17.263 6.440
-16.702 7.204
8.530 -16.532
5.322 18.043
-15.628 -9.486
17.668 -3.508
-10.117 14.941
-1.965 -17.718
14.431 12.531
-18.655 1.460
13.152 -12.237
-0.770 18.781
-12.424 -14.711
17.382 2.883
-15.001 10.585
5.019 -18.746
9.159 16.152
-17.598 -5.692
17.297 -7.837
-8.226 17.666
-6.592 -17.835
17.230 8.855
-18.964 4.026
10.876 -15.880
3.778 19.013
-15.661 -12.051
18.964 -0.959
-13.546 13.434
