-0.772 -1.772
1.444 0.456
-0.959 0.829
0.996 -1.417
0.106 2.234
-2.583 -2.092
3.069 -0.549
-2.055 3.011
-0.060 -3.403
3.117 2.364
-3.439 0.360
2.352 -2.839
-0.263 4.000
-2.428 -3.902
4.811 0.567
-3.632 2.098
1.208 -4.736
2.715 5.276
-5.036 -1.850
4.826 -2.513
-1.799 4.887
-1.904 -5.809
4.927 2.317
-6.142 0.975
3.462 -5.370
0.279 6.076
-4.170 -3.854
5.999 -0.750
-4.235 3.842
0.672 -6.568
4.225 4.208
-6.845 -0.710
5.436 -4.211
-1.415 6.675
-4.246 -6.175
6.549 1.591
-6.829 2.975
2.654 -7.005
2.463 7.562
-7.476 -3.527
7.815 -2.227
-4.486 5.962
-0.865 -7.552
6.237 4.350
-8.084 0.787
5.741 -5.980
-0.120 7.993
-5.607 -5.043
8.237 -0.081
-6.876 4.761
1.305 -8.270
4.275 7.507
-8.511 -2.059
7.427 -3.945
-2.881 7.694
-3.107 -7.617
7.881 3.693
-8.633 2.762
4.526 -7.338
2.247 9.422
-7.351 -5.592
9.911 -0.817
-6.189 6.886
0.299 -9.755
6.887 6.693
-9.394 -0.418
7.339 -6.817
-1.501 9.271
-5.281 -7.948
8.999 1.838
-8.682 5.825
2.170 -9.862
4.694 9.243
-9.793 -3.943
10.159 -4.400
-5.028 9.571
-2.309 -10.226
8.780 5.270
-10.710 2.047
6.634 -8.499
0.758 10.388
-7.895 -7.379
10.533 0.828
-8.253 7.624
0.859 -11.576
7.605 8.385
-10.809 -2.339
9.125 -6.276
-3.205 11.434
-5.090 -9.713
11.365 4.387
-9.580 4.289
4.303 -10.956
3.726 11.301
-10.400 -5.671
11.030 -2.229
-6.622 8.606
-0.906 -11.346
9.293 7.802
-12.060 0.707
8.482 -8.310
-0.280 11.840
-7.902 -9.270
11.801 2.223
-9.996 7.085
2.711 -11.800
6.767 10.997
-12.660 -3.491
11.615 -5.801
-5.062 11.543
-4.199 -11.344
11.207 6.201
-12.350 3.946
6.824 -10.296
2.008 12.047
-9.843 -7.473
12.566 -1.306
-8.591 9.506
-0.234 -13.011
8.646 9.891
-12.466 -1.208
10.274 -7.985
-2.230 12.897
-6.209 -11.183
12.968 3.524
-11.719 6.561
4.178 -12.764
5.572 12.876
-12.435 -5.286
12.260 -3.477
-6.668 12.246
-3.258 -12.794
11.063 7.957
-13.862 1.444
9.237 -10.741
0.814 14.337
-9.986 -9.360
13.791 -0.014
-10.354 9.383
1.575 -13.436
8.033 12.288
-14.076 -2.310
12.091 -7.583
-4.461 13.962
-5.713 -13.387
12.909 5.313
-13.338 5.606
6.473 -13.183
3.337 13.685
-12.400 -7.280
14.592 -2.161
-8.958 12.111
-1.594 -14.259
10.970 9.869
-15.569 0.126
10.862 -10.026
-1.622 15.266
-8.118 -11.608
14.725 3.181
-12.719 8.702
3.083 -14.306
7.092 13.884
-14.442 -5.214
13.455 -5.543
-6.348 14.043
-4.961 -15.059
13.977 8.347
-14.491 3.270
8.643 -12.453
1.892 15.718
-11.379 -10.482
15.432 -0.579
-11.478 11.126
0.959 -15.122
9.803 11.332
-16.355 -2.294
13.122 -9.002
-3.363 15.619
-8.380 -13.414
15.125 5.005
-14.634 7.184
5.371 -14.618
5.628 15.482
-14.143 -7.715
16.215 -4.239
-8.466 13.878
-2.714 -16.100
12.646 10.460
-15.729 1.910
11.346 -11.828
-0.152 16.389
-12.052 -12.110
16.209 2.009
-13.208 10.430
2.428 -16.179
9.467 13.966
-16.370 -4.155
15.558 -7.904
-6.101 15.833
-6.863 -14.811
14.482 6.608
-15.384 5.105
7.943 -15.127
3.821 16.336
-13.380 -9.515
16.742 -2.527
-11.593 12.934
0.045 -17.425
11.794 12.532
-17.569 -0.170
14.127 -10.463
-2.898 17.381
-9.705 -14.620
16.760 4.120
-15.435 8.790
4.866 -16.395
7.683 15.609
-15.845 -7.291
16.221 -6.203
-7.863 15.543
-4.406 -17.109
14.743 10.051
-17.461 1.952
11.908 -14.300
0.820 18.617
-13.569 -13.147
17.283 0.557
-13.698 12.178
1.753 -18.342
11.282 14.269
-18.176 -3.960
16.050 -9.811
-5.118 17.551
-7.961 -16.158
17.051 5.905
-16.606 6.484
8.369 -17.183
6.238 17.641
-15.224 -9.537
18.340 -4.117
-10.994 15.808
-1.714 -17.536
14.106 11.750
-19.407 0.004
13.231 -13.027
-0.944 18.472
-12.046 -14.679
19.193 3.373
-15.521 10.983
4.094 -18.934
8.797 17.275
-18.153 -6.395
17.387 -8.570
-7.587 18.246
-5.834 -18.070
16.482 9.608
