-1.183 -1.528
1.512 0.088
-0.727 1.039
0.618 -1.618
0.651 2.139
-3.018 -1.395
2.841 -1.285
-1.254 3.423
-0.893 -3.284
3.602 1.527
-3.245 1.192
1.583 -3.329
0.726 3.943
-3.311 -3.188
4.803 -0.631
-3.006 2.925
0.009 -4.887
3.927 4.449
-5.336 -0.558
4.062 -3.620
-0.545 5.179
-3.271 -5.165
5.345 1.038
-5.715 2.452
2.039 -6.055
1.762 5.822
-4.988 -2.713
5.632 -2.199
-3.163 4.764
-0.960 -6.532
5.129 3.043
-6.810 0.991
4.236 -5.416
0.266 6.818
-5.631 -4.945
6.740 -0.064
-5.891 4.559
0.855 -7.442
4.243 6.727
-8.113 -1.585
7.030 -4.076
-2.887 6.880
-2.691 -7.109
7.114 2.687
-7.644 2.746
4.099 -7.205
1.844 7.778
-6.672 -3.513
7.966 -2.099
-5.498 6.302
-0.763 -8.337
5.986 6.229
-8.756 0.092
6.232 -5.647
-0.905 8.165
-4.881 -6.622
8.546 1.647
-7.691 4.795
2.588 -8.225
4.489 8.583
-8.499 -3.618
9.408 -3.223
-4.311 8.193
-2.103 -9.530
8.318 4.799
-9.209 1.899
5.443 -8.409
0.819 9.356
-7.069 -6.410
9.175 -0.425
-6.988 7.777
-0.316 -10.093
6.818 7.810
-10.461 -1.420
8.769 -6.757
-2.526 10.512
-4.747 -9.347
9.805 2.956
-9.880 4.612
4.346 -9.867
3.284 9.885
-9.464 -5.217
10.414 -1.781
-6.131 9.416
-2.007 -11.433
9.429 6.264
-11.052 0.384
7.307 -8.323
-0.302 11.870
-7.317 -8.167
12.094 1.465
-8.235 6.508
1.484 -11.676
6.385 10.041
-11.473 -2.947
10.146 -4.867
-4.308 9.967
-3.661 -10.777
10.923 5.284
-11.518 3.644
6.184 -10.136
2.633 11.546
-9.934 -7.048
11.986 -0.740
-7.952 9.320
-0.267 -12.104
9.258 9.001
-13.130 -0.279
9.837 -8.474
-2.076 12.432
-6.854 -9.967
12.386 3.263
-11.005 6.855
4.089 -11.656
4.902 11.186
-11.375 -4.830
11.862 -4.348
-5.996 11.323
-3.418 -12.556
10.808 7.467
-12.382 1.887
8.002 -10.261
1.002 13.050
-8.763 -9.318
13.437 0.235
-9.751 9.236
0.919 -13.399
8.560 11.116
-13.351 -2.074
11.033 -6.378
-3.460 13.507
-6.297 -11.604
12.677 5.000
-13.084 4.800
6.320 -12.679
4.307 13.700
-11.977 -6.624
13.367 -3.396
-7.736 11.636
-1.769 -13.412
10.802 9.942
-14.213 1.214
9.861 -10.317
-0.900 14.630
-8.822 -11.577
13.818 1.984
-11.555 8.706
3.042 -14.368
6.592 12.449
-13.807 -4.016
13.616 -5.675
-5.713 13.939
-5.043 -13.432
13.056 6.876
-15.062 3.941
8.071 -12.384
2.173 15.198
-10.717 -9.262
15.056 -0.528
-10.196 11.557
-0.521 -14.626
10.281 11.720
-15.280 -1.512
11.684 -8.674
-2.709 15.171
-8.503 -13.382
15.598 4.664
-13.246 6.725
5.324 -14.193
5.690 14.773
-13.603 -7.370
14.818 -4.346
-8.398 13.602
-2.779 -14.895
12.284 8.581
-16.418 1.788
10.513 -11.946
0.571 15.967
-11.415 -10.948
15.891 1.142
-12.425 10.554
1.621 -15.489
9.254 13.628
-15.603 -4.010
14.680 -8.087
-4.803 15.531
-6.580 -14.942
14.826 7.038
-14.780 5.710
8.098 -14.250
3.873 15.926
-14.655 -8.783
16.206 -2.029
-10.246 13.351
-1.615 -16.281
12.603 11.217
-16.890 -0.013
13.144 -11.479
-2.031 16.846
-10.287 -12.675
15.661 2.854
-13.662 8.723
3.989 -16.613
7.711 14.899
-15.305 -5.942
15.611 -6.557
-8.066 15.383
-4.230 -16.904
14.508 9.256
-17.074 4.145
11.129 -13.609
1.454 17.560
-12.994 -11.793
17.259 -0.118
-12.807 12.307
0.696 -17.088
11.277 13.247
-17.150 -3.181
14.204 -9.992
-3.810 16.997
-8.468 -15.506
16.758 6.128
-16.448 6.176
8.036 -16.785
5.361 17.847
-16.379 -9.417
16.891 -3.700
-10.292 15.166
-2.800 -18.211
14.437 11.065
-18.592 0.619
13.153 -13.448
-0.656 18.270
-11.682 -13.711
17.978 1.542
-14.508 10.360
3.899 -18.711
10.375 15.572
-17.098 -5.511
16.770 -8.490
-6.780 18.022
-5.963 -16.580
16.558 7.931
-18.813 4.764
9.631 -15.875
3.617 18.139
-15.279 -11.276
19.434 -1.438
-12.352 14.455
-0.676 -19.360
12.766 14.590
-19.168 -1.747
14.754 -12.573
-2.880 19.550
-10.088 -16.086
18.335 5.271
