-0.589 -1.841
1.391 0.600
-1.038 0.728
1.134 -1.309
-0.120 2.233
-2.359 -2.343
3.109 -0.236
-2.349 2.788
0.284 -3.391
2.862 2.667
-3.457 0.010
2.627 -2.587
-0.666 3.953
-2.021 -4.128
4.730 1.050
-3.825 1.720
1.680 -4.590
2.168 5.523
-4.823 -2.349
5.055 -2.013
-2.284 4.681
-1.307 -5.972
4.668 2.803
-6.209 0.350
3.987 -4.993
-0.336 6.073
-3.760 -4.256
6.044 -0.140
-4.601 3.395
1.332 -6.466
3.779 4.613
-6.738 -1.398
5.833 -3.641
-2.082 6.498
-3.600 -6.572
6.355 2.245
-7.095 2.269
3.349 -6.701
1.686 7.772
-7.082 -4.264
8.000 -1.426
-5.066 5.478
-0.097 -7.601
5.766 4.958
-8.122 -0.034
6.316 -5.369
-0.927 7.940
-5.068 -5.583
8.203 0.752
-7.322 4.042
2.134 -8.095
3.495 7.901
-8.259 -2.908
7.788 -3.175
-3.643 7.363
-2.322 -7.892
7.468 4.471
-8.868 1.875
5.245 -6.843
1.283 9.601
-6.749 -6.307
9.943 0.189
-6.853 6.225
1.283 -9.675
6.175 7.354
-9.304 -1.365
7.991 -6.040
-2.430 9.072
-4.451 -8.441
8.768 2.738
-9.227 4.918
3.155 -9.592
3.735 9.670
-9.345 -4.913
10.552 -3.351
-5.969 9.014
-1.264 -10.407
8.202 6.131
-10.862 0.954
7.459 -7.785
-0.295 10.412
-7.109 -8.139
10.395 1.888
-8.982 6.751
2.025 -11.430
6.718 9.111
-10.517 -3.420
9.713 -5.321
-4.344 11.051
-4.082 -10.178
10.864 5.514
-9.964 3.299
5.388 -10.465
2.565 11.619
-9.774 -6.693
11.199 -1.103
-7.457 7.893
0.245 -11.379
8.457 8.702
-12.070 -0.515
9.278 -7.410
-1.475 11.751
-6.924 -10.021
11.516 3.404
-10.660 6.038
3.889 -11.466
5.621 11.625
-12.242 -4.753
12.142 -4.598
-6.203 10.972
-3.032 -11.710
10.523 7.302
-12.686 2.677
7.829 -9.554
0.781 12.189
-9.037 -8.429
12.634 -0.029
-9.507 8.589
1.082 -12.968
7.602 10.714
-12.281 -2.461
11.029 -6.906
-3.522 12.606
-5.047 -11.753
12.546 4.817
-12.322 5.344
5.446 -12.277
4.242 13.374
-11.837 -6.515
12.549 -2.220
-7.871 11.509
-1.948 -13.058
10.203 9.034
-13.937 0.036
10.275 -9.753
-0.639 14.346
-8.989 -10.321
13.722 1.380
-11.249 8.289
2.925 -13.208
6.750 13.037
-13.771 -3.721
12.795 -6.323
-5.849 13.440
-4.331 -13.896
12.306 6.591
-13.836 4.229
7.773 -12.462
1.937 13.953
-11.601 -8.496
14.736 -0.675
-10.136 11.144
-0.145 -14.347
9.917 10.927
-15.502 -1.448
11.820 -8.877
-3.156 15.024
-6.903 -12.369
14.328 4.653
-13.533 7.373
4.513 -13.922
5.653 14.530
-13.841 -6.647
13.946 -4.155
-7.735 13.330
-3.413 -15.483
13.062 9.717
-14.748 1.789
9.857 -11.516
0.294 15.829
-10.262 -11.578
15.411 0.984
-12.543 9.909
2.483 -14.947
8.608 12.265
-16.040 -3.935
13.964 -7.630
-4.924 15.199
-6.982 -14.192
14.542 6.508
-15.285 5.668
6.821 -14.000
4.035 15.972
-13.291 -9.105
16.560 -2.579
-9.825 12.952
-1.073 -16.292
11.525 11.684
-15.841 0.310
12.483 -10.621
-1.808 16.290
-10.767 -13.266
15.923 3.636
-14.194 9.042
4.050 -15.851
8.007 14.851
-15.867 -5.788
16.277 -6.291
-7.670 15.136
-5.331 -15.428
13.740 8.038
-15.821 3.524
9.431 -14.247
2.150 16.638
-12.350 -10.819
16.912 -0.822
-12.841 11.696
1.806 -17.331
10.467 13.660
-17.462 -1.945
15.112 -8.982
-4.639 16.999
-8.177 -15.526
16.258 5.792
-16.244 7.185
6.498 -15.820
6.066 16.305
-15.027 -8.855
16.765 -4.532
-9.394 14.669
-2.654 -17.467
13.652 11.490
-17.569 0.178
13.292 -13.024
-1.066 18.605
-12.171 -14.451
17.138 2.301
-14.858 10.731
3.597 -18.071
9.782 15.336
-17.683 -5.777
16.960 -8.139
-6.865 16.944
-6.288 -16.880
16.367 7.598
-17.176 4.773
10.063 -16.249
4.423 18.181
-14.182 -11.027
18.663 -2.243
-12.535 14.616
0.067 -17.620
12.847 13.116
-19.308 -1.957
14.480 -11.624
-2.805 18.282
-10.501 -15.821
18.754 5.296
-16.551 9.359
5.986 -18.424
7.006 18.076
-17.414 -8.197
18.164 -6.769
-9.392 17.386
-3.978 -18.567
15.427 11.224
