1.580 -1.112
-0.156 1.507
-1.005 -0.773
1.588 0.690
-2.167 0.553
1.530 -2.951
1.155 2.896
-3.362 -1.408
3.321 -0.743
-1.689 3.529
-1.044 -3.296
3.254 1.733
-3.972 0.546
3.334 -3.163
0.412 4.827
-2.785 -3.136
4.882 0.231
-4.622 3.721
0.799 -5.305
3.432 4.222
-5.149 -0.780
5.308 -3.033
-1.279 5.292
-2.190 -5.820
5.956 2.311
-5.896 1.496
2.937 -4.860
1.941 5.726
-4.615 -3.376
6.568 -0.663
-3.272 4.985
-0.681 -6.848
5.218 4.478
-6.823 -0.044
5.195 -5.401
-0.242 6.735
-4.287 -6.091
7.396 1.192
-6.913 3.933
1.952 -8.033
3.753 7.208
-6.742 -3.196
7.224 -2.366
-3.007 6.985
-2.396 -7.761
7.012 4.422
-7.854 1.490
3.812 -6.506
1.735 8.053
-6.046 -5.778
8.363 -0.384
-6.494 5.697
0.305 -8.751
5.358 6.482
-8.116 -1.275
6.836 -4.575
-2.033 8.463
-4.441 -7.901
8.099 2.958
-8.778 4.095
4.000 -8.326
2.793 9.544
-7.989 -4.678
9.616 -1.668
-5.171 8.092
-1.480 -9.286
8.154 5.819
-9.384 0.394
6.724 -6.771
0.009 9.185
-7.452 -7.334
10.097 0.142
-8.111 6.456
1.894 -10.386
6.353 9.067
-10.386 -3.001
9.553 -4.318
-3.397 9.660
-4.159 -10.080
9.660 4.789
-10.024 2.832
5.641 -9.218
1.307 10.484
-9.128 -6.552
11.512 -1.486
-6.685 9.135
0.118 -11.058
7.982 7.677
-11.845 -0.840
8.491 -6.939
-2.012 12.016
-6.128 -8.522
11.597 2.012
-10.321 5.922
3.464 -11.328
4.401 10.356
-9.761 -4.756
10.932 -3.169
-5.775 10.672
-3.118 -11.671
9.845 6.637
-11.654 2.107
7.492 -9.604
0.195 12.007
-8.950 -8.367
12.104 0.283
-9.412 8.840
0.874 -13.103
8.019 10.212
-12.325 -2.638
10.268 -6.395
-3.821 12.225
-6.348 -11.305
11.458 4.614
-11.397 4.390
5.341 -11.144
3.806 12.047
-11.039 -6.504
12.699 -2.845
-7.950 10.458
-1.324 -12.455
9.888 8.459
-13.082 0.409
9.706 -8.331
-0.845 13.412
-8.784 -10.160
13.344 1.526
-11.493 8.047
2.677 -13.244
5.871 11.311
-13.336 -4.069
11.878 -5.764
-5.570 12.437
-4.202 -13.289
12.379 6.889
-13.881 3.681
7.161 -11.664
2.787 13.507
-11.273 -8.255
13.478 -1.159
-10.422 10.340
-0.568 -14.253
9.860 10.319
-14.574 -1.563
11.965 -8.288
-2.609 13.714
-8.173 -11.938
14.216 3.690
-12.735 6.021
4.638 -13.610
5.051 13.860
-13.665 -6.340
13.647 -4.428
-7.462 12.731
-3.253 -15.225
12.005 8.624
-15.281 1.481
9.739 -10.286
-0.155 15.064
-11.082 -10.709
14.634 0.143
-12.175 9.739
2.204 -15.195
8.135 12.065
-15.033 -3.395
13.754 -7.887
-5.366 15.370
-6.117 -13.538
13.937 5.963
-15.016 5.014
7.980 -13.254
3.670 15.000
-13.207 -9.006
15.006 -2.101
-9.129 11.882
-1.041 -16.482
11.456 11.044
-15.976 -0.153
11.455 -10.907
-1.862 15.822
-9.979 -12.890
15.399 2.322
-14.034 8.627
4.714 -15.405
7.413 15.031
-15.297 -5.502
15.225 -5.896
-7.703 14.491
-5.033 -15.024
13.868 8.736
-16.085 3.146
9.439 -14.241
1.292 16.282
-12.873 -10.841
16.337 -0.875
-11.777 12.082
0.779 -16.872
10.871 13.651
-16.737 -2.793
13.128 -9.701
-3.561 15.515
-8.094 -14.043
16.415 4.739
-15.234 7.028
6.631 -15.020
5.842 15.892
-15.001 -8.756
17.078 -3.459
-9.905 14.073
-3.366 -17.244
13.090 11.735
-17.608 0.656
12.370 -12.446
-0.665 17.246
-11.714 -13.352
17.039 1.470
-13.745 10.664
3.956 -16.988
9.338 14.643
-16.807 -4.577
15.874 -7.756
-6.881 16.463
-5.423 -16.712
16.403 8.789
-18.072 4.546
10.150 -15.935
2.930 17.042
-14.683 -10.969
18.320 -1.971
-11.709 13.920
0.225 -18.601
12.838 13.750
-18.221 -1.484
14.227 -11.048
-2.356 17.890
-9.691 -14.963
18.515 4.743
-16.027 9.658
6.281 -16.831
7.721 17.138
-17.696 -7.591
16.834 -5.205
-8.674 16.181
-3.906 -19.009
15.422 10.341
-18.284 2.790
11.957 -14.752
0.555 19.479
-13.880 -12.995
19.371 0.203
-15.154 12.091
2.614 -19.069
11.891 15.309
-19.399 -3.763
16.527 -9.348
-6.097 18.078
