-5.63971, 15.22676
-9.41413, 14.91144
-14.46479, 11.80712
-16.35735, 10.25141
-13.46606, 10.23405
-15.60392, 7.86911
-14.85957, 6.26782
-13.11435, 8.08100
-12.14021, 15.20893
-8.31743, 13.50482
-9.59897, 12.28314
-8.76318, 9.02759
-6.95108, 9.90513
-7.57140, 11.75252
-4.62173, 12.12970
-6.52557, 13.40957
-15.30788, 2.38671
-17.03661, 1.86331
-14.17657, -0.88663
-13.61056, 1.98506
-12.67266, -2.09225
-12.23877, 0.41410
-12.04221, 3.09471
-13.45052, 5.17792
-11.87327, 6.45584
-10.65553, 7.74998
-10.61407, 9.57353
-12.03406, 11.39738
-11.09506, 13.66000
-17.01941, 6.02998
-15.81576, 4.54494
-18.79526, 2.44152
-6.96258, 5.38250
-6.20416, 7.13455
-8.60971, 7.00474
-5.10954, 9.66005
-4.46218, 6.87003
-4.86409, 4.89662
-3.08264, 5.43231
-0.65447, 4.14525
-9.24558, 5.23167
-10.92152, 4.63555
-10.70338, 1.60397
-8.98349, 2.28420
-7.49737, 1.27420
-5.65648, 0.89207
-7.44945, 3.65208
-4.58714, 2.81477
-17.82586, -6.69052
-16.14294, -7.19856
-15.92337, -3.82218
-14.90284, -5.46874
-12.07122, -5.37753
-11.51971, -3.75457
-14.09918, -3.84862
-15.76042, -1.77159
0.32118, 5.72656
-1.96301, 7.18018
-3.24233, 8.48732
-0.91734, 10.43970
-2.64820, 10.16733
-17.51533, -1.51039
-19.07566, 0.32604
-17.63220, -3.84994
-5.76957, -2.13460
-4.61346, -0.48786
-7.52722, -0.53307
-12.21260, -7.61465
-14.33793, -7.91367
-14.84821, -9.58664
-13.64482, -10.85661
-13.30207, -12.80682
-9.57124, -0.80309
-10.81992, -2.05897
-7.96150, -2.28720
-9.48554, -4.55511
-7.49541, -6.33702
-6.49136, -3.99379
-4.77501, -4.60104
-2.71395, -2.04092
-5.94190, -10.18621
-2.95197, -8.14155
-2.56921, -10.50091
-0.80013, -9.95052
-1.16539, -8.22493
-2.10715, -6.07730
-0.81163, -3.62691
-2.99282, -3.89128
-11.27929, -10.15361
-9.56451, -9.59155
-8.58442, -7.90510
-10.38874, -7.91418
-9.46358, -6.35411
-3.87343, -6.45556
-5.70442, -6.15121
-6.41905, -7.85318
-3.86549, -11.77396
-7.43258, -11.19994
-7.58538, -9.45015
-2.72199, -13.90866
-4.40951, -14.52207
-2.25204, -16.23387
-3.81255, -18.23759
-2.03488, -18.44822
-9.31155, -11.30588
-11.20654, -11.98438
-12.33489, -15.01285
-9.86540, -14.02022
-8.27471, -17.26232
-8.16594, -13.28148
-6.92173, -15.64878
-6.31837, -13.24132
3.96085, -13.98440
1.07914, -15.87337
3.44760, -17.09087
5.18142, -16.57135
4.06409, -18.94536
8.18106, -16.92917
6.69069, -15.33611
5.07315, -10.01304
0.57601, -17.55217
2.25325, -18.64651
-1.12530, -14.77690
0.12492, -12.96982
-1.29613, -11.79819
4.86403, -11.72966
2.63689, -12.69236
1.53366, -14.16976
13.62932, -10.52915
11.59705, -9.56051
10.75254, -7.95367
13.08429, -3.69943
15.20991, -5.74510
11.80424, -4.90006
12.16967, -6.79570
13.30021, -8.72765
9.03302, -7.83064
8.53985, -10.81758
7.36805, -12.80480
9.09642, -12.43047
8.42661, -14.69751
11.18218, -13.17273
11.61516, -11.40662
14.56604, -12.96199
0.05308, -6.87876
1.52729, -8.26115
0.71621, -11.05080
2.81747, -10.66735
6.77593, -10.67864
7.12860, -7.71414
5.46868, -8.26986
3.10365, -5.14571
14.14522, -7.20355
15.19793, -9.67557
17.78218, -6.95262
17.01054, -5.29898
17.92983, -3.70304
16.00233, -3.37904
0.97353, -5.33081
3.10474, -7.48238
11.85693, -2.39002
9.51048, -1.21300
11.24120, -0.68956
15.23868, 3.10524
12.75871, 1.55919
14.59874, 1.37609
13.06905, -0.61988
14.55674, -2.47208
7.26275, -2.19321
4.83783, -2.43053
5.28488, -4.14612
7.76915, -3.88134
5.03565, -6.51391
7.00548, -5.90961
10.49711, -6.13837
9.52993, -3.60524
-0.50562, -1.65885
1.43193, -2.76284
1.21058, -0.82767
3.37670, -3.38451
3.76268, -0.96436
1.75968, 1.34439
1.02621, 3.48311
-1.91848, 2.94301
14.94281, -0.62810
17.11054, -1.45039
18.15396, 0.05956
16.80684, 1.31702
18.96234, 3.86044
-0.03817, 1.27545
-3.31300, 0.73728
-1.91116, -0.46683
11.12561, 4.16307
8.58233, 5.90345
9.06451, 7.62074
13.46790, 8.31353
11.65186, 8.29316
10.63474, 5.95261
12.74024, 5.91704
13.54055, 3.66292
2.91873, 2.66611
4.89066, 3.55255
5.80500, 1.17618
5.90408, -0.66795
7.41456, 2.80999
8.52152, 1.35160
10.10899, 2.08861
8.75149, 4.09804
1.86358, 7.24369
2.68993, 4.45605
4.32892, 5.25433
6.16377, 5.07811
4.17278, 7.01805
6.27882, 6.91947
4.31050, 9.89627
2.57437, 10.53504
15.58642, 5.24838
16.99413, 3.72231
17.65933, 6.09628
15.10277, 7.15213
15.06793, 10.95141
0.77812, 11.21936
1.53268, 9.15918
-0.56988, 8.33757
11.75671, 13.13016
10.50770, 14.95719
10.08522, 12.35209
2.84326, 17.13258
1.52479, 15.90800
2.06662, 12.64727
3.87376, 14.58700
5.40264, 12.85083
8.58192, 14.67906
8.10996, 12.17478
5.87656, 11.14090
6.96670, 9.63409
8.67513, 9.75987
10.90762, 10.79072
12.68252, 10.32494
13.83633, 12.27071
-2.19890, 13.27124
-0.69466, 12.21567
0.84816, 13.96089
-1.16556, 15.35711
-0.08514, 16.82694
0.96879, 18.31614
-1.11933, 18.95031
-2.80930, 17.57761
5.53316, 15.28675
7.01048, 13.73638
7.25167, 15.85991
9.54070, 17.31927
5.48446, 18.46651
-5.32708, 17.04694
-3.51069, 15.94799
-3.93037, 13.92413
