0.200 -1.922
1.032 1.108
-1.243 0.249
1.565 -0.743
-1.007 1.996
-1.218 -3.093
2.942 1.033
-3.271 1.608
1.624 -2.991
1.549 3.593
-3.170 -1.380
3.445 -1.313
-2.199 3.352
-0.191 -4.592
3.909 2.862
-4.194 0.037
3.383 -3.527
-0.235 5.929
-3.472 -4.090
5.438 0.189
-3.973 3.368
1.204 -5.993
3.147 4.443
-5.826 -2.176
5.657 -2.969
-2.749 5.426
-1.732 -5.408
5.591 2.301
-5.578 1.259
3.819 -5.385
1.606 5.743
-5.608 -3.988
6.805 -0.989
-4.519 5.113
-0.655 -7.465
4.917 4.610
-7.408 -0.774
5.760 -4.790
-1.580 7.795
-4.770 -6.751
7.899 1.910
-6.840 2.980
2.966 -6.999
3.287 6.857
-7.423 -3.296
7.942 -2.377
-4.040 6.898
-2.397 -7.150
7.209 3.986
-8.329 0.758
5.208 -6.555
0.024 8.639
-6.394 -5.983
8.407 0.223
-6.296 5.278
1.046 -8.159
5.041 7.095
-8.874 -1.847
7.553 -4.158
-2.684 9.307
-3.644 -8.487
9.028 4.169
-8.777 2.945
5.064 -8.343
2.698 9.216
-7.970 -4.989
9.745 -2.319
-5.872 7.330
-0.682 -9.518
6.927 6.032
-10.425 0.794
6.745 -7.515
-0.467 10.356
-6.582 -8.255
11.008 1.173
-9.089 5.854
3.026 -10.037
5.046 8.911
-10.329 -3.492
9.959 -4.131
-4.455 9.415
-3.238 -10.310
8.760 5.907
-10.938 2.571
6.448 -9.652
2.490 11.043
-8.256 -7.358
11.033 -0.969
-8.419 8.373
0.353 -10.960
7.732 9.415
-10.450 -0.984
9.140 -7.416
-2.321 11.670
-6.259 -10.057
10.697 3.491
-10.001 4.229
4.799 -10.321
4.246 11.367
-10.845 -5.323
11.474 -3.056
-6.074 10.167
-2.313 -11.959
9.177 7.746
-12.188 1.244
8.170 -8.935
0.475 12.904
-9.300 -9.273
12.966 0.670
-10.090 7.554
1.931 -11.941
6.700 10.916
-12.692 -2.647
11.009 -5.601
-4.184 11.474
-4.887 -11.351
11.580 5.051
-12.158 4.043
6.204 -11.439
2.655 12.866
-10.256 -7.190
12.874 -1.890
-8.292 10.127
0.102 -12.790
9.552 9.453
-13.430 -0.060
9.922 -9.052
-1.491 13.951
-8.220 -10.723
12.383 3.011
-11.834 7.375
3.465 -12.740
5.711 12.373
-12.776 -5.569
13.329 -4.800
-6.351 12.880
-4.082 -13.064
12.010 6.779
-13.632 3.068
7.987 -10.919
0.941 14.651
-11.114 -8.942
14.257 -0.646
-10.758 9.955
1.620 -14.465
8.619 10.981
-14.369 -1.689
12.126 -8.287
-3.835 13.554
-7.207 -12.442
13.765 5.305
-13.760 6.130
5.634 -13.195
4.688 13.992
-13.612 -7.557
14.391 -3.377
-8.929 12.489
-1.349 -14.101
11.250 10.020
-15.355 1.311
9.728 -10.934
-0.664 15.576
-10.002 -11.649
14.440 1.801
-12.440 9.096
3.098 -15.550
8.054 14.148
-14.223 -4.290
13.655 -6.582
-6.093 14.612
-4.742 -14.726
13.716 7.096
-15.468 4.032
8.281 -12.689
2.952 14.690
-13.105 -10.050
15.853 -1.373
-10.618 11.938
-0.689 -15.802
10.699 11.804
-16.274 -0.954
11.873 -10.078
-2.725 16.247
-8.510 -13.679
16.200 4.295
-14.202 7.910
5.566 -15.349
5.856 15.331
-14.630 -6.083
15.700 -4.708
-8.203 14.189
-4.527 -16.474
13.118 9.730
-16.632 2.574
10.080 -12.886
1.362 16.817
-12.202 -11.678
17.433 0.782
-13.107 10.776
1.320 -16.270
9.351 12.883
-15.904 -3.132
14.362 -9.255
-4.719 16.099
-6.960 -14.870
15.816 6.045
-16.459 5.548
8.620 -15.143
4.094 16.715
-15.207 -8.799
17.448 -2.150
-11.081 13.700
-1.247 -17.504
12.559 11.839
-17.762 0.050
12.309 -11.874
-0.999 17.368
-10.201 -14.148
17.172 2.589
-14.498 9.656
4.591 -17.061
7.882 16.008
-16.158 -6.899
17.406 -6.583
-8.454 16.607
-5.336 -18.124
14.768 8.995
-17.919 3.854
10.557 -15.101
2.793 17.974
-13.869 -12.397
18.801 -0.635
-13.096 12.755
1.027 -17.983
11.933 13.536
-17.646 -2.534
15.745 -10.834
-3.258 18.426
-8.554 -15.797
17.990 5.448
-17.353 8.345
7.144 -16.107
6.491 17.173
-16.893 -9.553
17.931 -4.823
-9.917 15.613
-3.256 -18.708
15.044 12.387
-18.917 1.917
12.887 -14.464
-0.850 19.368
-12.651 -14.505
19.353 1.103
-15.589 12.145
3.820 -18.600
9.614 16.478
