-0.018 -1.932
1.151 0.984
-1.207 0.388
1.470 -0.915
-0.775 2.098
-1.560 -2.935
3.040 0.694
-3.068 1.968
1.275 -3.156
1.946 3.394
-3.306 -1.012
3.274 -1.694
-1.805 3.579
-0.710 -4.541
4.208 2.402
-4.163 0.512
2.962 -3.888
0.438 5.918
-3.913 -3.670
5.424 -0.428
-3.566 3.796
0.518 -6.091
3.630 4.058
-6.035 -1.502
5.285 -3.590
-2.117 5.702
-2.333 -5.177
5.815 1.653
-5.399 1.882
3.185 -5.783
2.245 5.524
-6.023 -3.328
6.649 -1.753
-3.911 5.591
-1.495 -7.343
5.407 4.024
-7.448 0.070
5.181 -5.411
-0.688 7.923
-5.504 -6.168
8.064 1.004
-6.459 3.735
2.155 -7.289
4.042 6.441
-7.749 -2.434
7.621 -3.261
-3.234 7.311
-3.191 -6.832
7.614 3.144
-8.189 1.696
4.433 -7.102
1.002 8.581
-7.030 -5.221
8.378 -0.730
-5.658 5.956
0.116 -8.225
5.812 6.479
-9.026 -0.831
7.034 -4.986
-1.613 9.551
-4.582 -8.020
9.442 3.120
-8.387 3.920
4.087 -8.863
3.724 8.851
-8.484 -4.055
9.419 -3.407
-5.004 7.948
-1.755 -9.380
7.566 5.209
-10.268 1.969
5.851 -8.230
0.709 10.342
-7.474 -7.456
11.070 -0.081
-8.368 6.846
1.870 -10.315
6.023 8.282
-10.658 -2.300
9.428 -5.231
-3.361 9.859
-4.385 -9.877
9.372 4.877
-10.576 3.793
5.314 -10.320
3.724 10.690
-9.036 -6.377
10.852 -2.211
-7.417 9.273
-0.890 -10.930
8.748 8.479
-10.494 0.205
8.242 -8.403
-0.985 11.858
-7.357 -9.284
11.024 2.258
-9.458 5.334
3.599 -10.798
5.506 10.813
-11.377 -4.061
11.054 -4.335
-4.884 10.789
-3.652 -11.620
9.994 6.658
-11.969 2.616
7.106 -9.803
1.932 12.767
-10.289 -8.160
12.959 -0.802
-9.170 8.647
0.567 -12.083
7.893 10.087
-12.910 -1.194
10.304 -6.812
-2.858 11.874
-6.140 -10.725
12.077 3.708
-11.622 5.394
4.869 -12.068
4.094 12.483
-11.004 -5.983
12.577 -3.335
-7.092 11.000
-1.346 -12.720
10.560 8.311
-13.351 1.461
8.833 -10.117
0.098 14.030
-9.381 -9.724
12.644 1.590
-10.923 8.667
2.000 -13.050
7.075 11.647
-13.324 -4.087
12.700 -6.278
-4.852 13.516
-5.535 -12.518
12.700 5.376
-13.197 4.592
6.700 -11.753
2.593 14.450
-12.055 -7.626
14.092 -2.256
-9.562 11.109
-0.028 -14.555
9.807 9.935
-14.468 -0.051
11.110 -9.606
-2.276 13.901
-8.570 -11.546
14.277 3.713
-12.978 7.648
4.104 -13.748
6.242 13.371
-14.380 -5.968
13.916 -4.985
-7.458 13.419
-2.937 -13.857
12.312 8.682
-15.108 3.041
8.428 -11.965
1.103 15.551
-11.256 -10.442
14.551 0.155
-11.331 10.446
1.318 -15.800
9.604 13.145
-14.617 -2.652
12.822 -8.086
-4.400 15.208
-6.379 -14.095
14.431 5.497
-14.913 5.757
6.792 -13.545
4.596 14.262
-14.159 -8.502
15.596 -3.159
-9.198 13.064
-2.473 -15.622
11.967 10.517
-16.277 0.895
10.656 -11.357
-0.868 16.451
-10.004 -12.628
16.582 2.434
-13.216 9.467
3.793 -15.880
7.554 14.570
-15.225 -4.388
15.066 -6.455
-6.544 15.027
-6.363 -15.856
14.136 8.182
-16.233 4.440
8.556 -13.945
3.257 16.555
-13.445 -10.221
17.410 -1.197
-11.803 12.191
-0.531 -16.315
10.749 11.742
-16.156 -1.312
13.222 -10.821
-2.866 16.530
-8.598 -13.987
16.399 4.216
-15.725 7.376
6.850 -16.022
5.960 16.144
-16.106 -7.021
17.092 -4.112
-9.459 14.867
-3.221 -17.250
13.818 10.341
-17.642 2.060
10.885 -13.191
0.973 17.370
-11.737 -12.903
17.355 0.629
-13.312 11.235
2.630 -17.471
9.644 15.013
-16.836 -5.025
16.549 -8.511
-6.520 17.457
-7.353 -17.404
15.691 7.266
-17.367 5.857
8.780 -16.199
4.809 17.542
-15.184 -10.747
18.608 -2.760
-11.568 14.156
-1.015 -17.984
13.388 12.098
-17.819 -0.520
14.418 -12.546
-1.151 18.676
-10.287 -14.728
18.491 3.376
-16.297 10.256
5.274 -16.812
8.394 16.328
-17.865 -7.579
17.269 -6.822
-8.086 16.635
-5.353 -18.219
16.349 10.604
-18.579 4.046
11.166 -15.830
1.348 19.339
-14.211 -12.980
19.354 -1.095
-14.114 13.831
1.690 -18.913
11.418 15.284
