-1.749 0.821
0.416 -1.457
0.856 0.936
-1.444 -0.956
2.230 -0.169
-2.019 2.641
-0.635 -3.053
3.067 1.970
-3.400 0.155
2.276 -3.182
0.456 3.427
-2.903 -2.272
4.006 0.152
-3.833 2.536
0.432 -4.825
2.198 3.572
-4.768 -1.075
5.198 -2.862
-1.708 5.086
-2.647 -4.754
4.936 1.662
-5.754 2.065
2.179 -4.990
1.146 6.112
-5.465 -3.311
6.066 -0.449
-3.736 4.276
-0.917 -5.976
3.959 4.126
-6.584 -0.488
4.088 -4.341
-0.518 6.862
-4.361 -5.316
6.712 1.228
-6.054 4.416
1.408 -6.591
3.164 6.743
-7.077 -2.458
7.491 -2.673
-3.317 7.572
-2.444 -7.750
6.085 4.318
-7.525 1.075
4.174 -6.356
1.012 8.059
-6.138 -5.572
7.993 -0.103
-4.884 5.745
-0.311 -8.232
4.951 6.740
-8.303 -1.074
7.385 -4.483
-1.820 8.565
-4.151 -7.314
7.771 2.665
-7.527 3.319
3.472 -7.981
3.002 8.552
-7.462 -4.320
9.356 -2.509
-5.385 7.505
-1.093 -9.884
7.056 5.994
-9.760 -0.027
6.498 -7.071
-0.155 9.402
-7.019 -7.146
9.310 1.241
-7.798 5.501
1.586 -9.047
6.065 8.516
-9.919 -1.894
9.109 -4.950
-3.668 9.900
-4.682 -10.032
9.708 4.759
-10.157 2.594
5.023 -8.924
2.345 10.649
-8.681 -6.394
10.363 -1.048
-7.156 8.098
0.533 -10.552
7.851 8.037
-11.595 -0.536
8.170 -7.836
-2.036 10.870
-6.528 -8.946
11.519 2.884
-9.567 5.359
4.068 -11.484
4.555 9.456
-11.071 -3.996
11.192 -4.040
-5.379 10.554
-2.536 -10.963
8.787 6.379
-11.316 1.222
7.540 -9.507
1.044 12.035
-8.543 -8.246
11.843 -0.051
-9.046 8.157
1.893 -11.859
7.361 9.794
-11.871 -2.380
10.804 -7.072
-3.136 12.753
-6.123 -11.449
11.680 4.738
-11.222 4.515
5.886 -11.376
4.289 12.235
-10.483 -6.533
11.986 -2.344
-7.195 10.048
-1.656 -12.525
9.742 8.322
-13.000 0.597
9.645 -8.919
-0.859 12.495
-8.268 -10.047
12.954 1.869
-11.005 6.519
3.161 -13.062
6.886 11.531
-12.876 -3.820
12.716 -5.929
-4.936 12.577
-3.818 -12.158
12.427 6.323
-12.698 3.614
7.645 -11.281
1.831 13.816
-10.995 -8.934
14.309 -1.214
-9.078 10.243
-0.399 -13.786
9.669 10.088
-13.475 -1.199
12.059 -8.373
-1.916 14.135
-7.918 -11.874
14.081 4.070
-13.222 6.085
4.951 -13.052
5.976 13.176
-13.359 -6.103
13.587 -3.718
-6.931 12.598
-2.568 -14.526
12.357 8.616
-14.209 1.991
9.559 -11.242
0.560 15.559
-10.325 -10.578
15.306 1.195
-11.377 8.439
2.769 -14.808
9.054 12.471
-14.387 -2.682
13.681 -7.477
-4.809 14.582
-5.916 -13.295
14.215 5.954
-14.915 5.379
7.954 -14.205
3.673 14.394
-12.690 -8.292
15.659 -2.330
-10.160 11.667
-1.009 -15.410
11.442 11.163
-15.143 -0.537
11.054 -10.116
-1.836 16.413
-9.365 -12.865
15.707 2.925
-13.175 8.752
4.581 -15.259
7.589 14.428
-14.762 -4.961
15.319 -6.059
-7.317 14.353
-4.690 -16.090
14.109 8.075
-16.018 3.162
10.103 -12.934
2.348 15.669
-12.141 -11.011
16.387 -0.305
-11.768 12.386
1.555 -16.259
10.795 12.912
-16.241 -1.975
13.696 -9.853
-3.697 16.480
-8.335 -15.331
15.997 5.657
-14.613 7.274
6.201 -14.661
5.533 15.236
-15.343 -7.517
16.223 -4.276
-9.138 13.640
-2.994 -16.665
13.253 11.227
-17.419 0.441
12.198 -12.139
0.321 17.567
-10.854 -13.829
17.455 2.411
-14.344 10.109
3.650 -16.869
9.217 15.183
-16.525 -4.406
15.388 -8.116
-6.846 16.043
-6.653 -16.042
15.757 7.426
-16.980 4.882
9.636 -15.018
2.439 17.400
-14.627 -11.504
18.587 -1.339
-12.763 13.931
0.074 -17.292
12.555 13.352
-18.384 -1.240
13.948 -11.676
-3.451 18.279
-10.255 -15.770
17.687 4.625
-15.929 8.409
5.426 -17.209
6.945 16.418
-17.410 -7.886
17.460 -6.728
-9.108 15.484
-4.628 -18.218
16.109 10.548
-17.482 2.203
11.352 -14.429
0.546 19.399
-13.392 -12.862
18.491 0.427
-14.337 12.451
2.836 -19.280
11.413 15.208
-19.041 -3.563
17.023 -9.276
-5.886 18.325
-9.052 -17.141
18.451 7.075
-17.900 6.336
9.144 -16.744
