0.019 -1.932
1.132 1.006
-1.214 0.365
1.488 -0.887
-0.815 2.082
-1.504 -2.965
3.026 0.752
-3.105 1.909
1.335 -3.131
1.880 3.431
-3.286 -1.076
3.306 -1.631
-1.874 3.544
-0.623 -4.553
4.161 2.482
-4.172 0.432
3.036 -3.830
0.324 5.925
-3.842 -3.745
5.431 -0.324
-3.638 3.727
0.634 -6.080
3.551 4.127
-6.005 -1.618
5.353 -3.488
-2.226 5.661
-2.233 -5.221
5.782 1.765
-5.434 1.778
3.295 -5.721
2.139 5.566
-5.958 -3.443
6.681 -1.625
-4.017 5.515
-1.354 -7.370
5.329 4.127
-7.448 -0.073
5.283 -5.311
-0.840 7.909
-5.385 -6.272
8.043 1.158
-6.529 3.610
2.294 -7.247
3.918 6.517
-7.701 -2.583
7.683 -3.114
-3.373 7.247
-3.059 -6.892
7.552 3.290
-8.220 1.538
4.568 -7.016
0.837 8.599
-6.929 -5.355
8.391 -0.569
-5.771 5.847
0.274 -8.222
5.686 6.589
-9.008 -1.004
7.128 -4.851
-1.796 9.518
-4.427 -8.107
9.381 3.301
-8.461 3.758
4.256 -8.783
3.553 8.921
-8.405 -4.217
9.483 -3.226
-5.156 7.850
-1.575 -9.412
7.464 5.353
-10.304 1.772
6.008 -8.116
0.510 10.354
-7.329 -7.598
11.070 0.132
-8.498 6.684
2.068 -10.277
5.863 8.396
-10.612 -2.505
9.526 -5.050
-3.550 9.792
-4.194 -9.960
9.277 5.056
-10.647 3.589
5.511 -10.216
3.518 10.760
-8.911 -6.549
10.892 -2.003
-7.594 9.129
-0.680 -10.945
8.583 8.646
-10.496 0.004
8.402 -8.243
-1.213 11.837
-7.178 -9.423
10.978 2.469
-9.558 5.152
3.806 -10.727
5.297 10.917
-11.297 -4.279
11.135 -4.122
-5.090 10.693
-3.428 -11.688
9.865 6.848
-12.017 2.386
7.293 -9.664
1.687 12.802
-10.131 -8.356
12.972 -0.553
-9.334 8.470
0.799 -12.070
7.698 10.237
-12.885 -1.441
10.433 -6.612
-3.086 11.817
-5.933 -10.841
12.004 3.939
-11.723 5.170
5.100 -11.973
3.854 12.559
-10.887 -6.193
12.639 -3.093
-7.302 10.862
-1.102 -12.743
10.399 8.512
-13.376 1.204
9.026 -9.946
-0.172 14.029
-9.193 -9.902
12.611 1.832
-11.087 8.455
2.250 -13.010
6.850 11.781
-13.243 -4.342
12.818 -6.033
-5.111 13.420
-5.294 -12.622
12.595 5.619
-13.283 4.338
6.924 -11.622
2.315 14.497
-11.906 -7.856
14.133 -1.985
-9.774 10.923
0.251 -14.553
9.614 10.121
-14.464 -0.329
11.292 -9.391
-2.542 13.855
-8.346 -11.708
14.203 3.986
-13.123 7.398
4.368 -13.667
5.984 13.488
-14.263 -6.243
14.009 -4.716
-7.714 13.274
-2.670 -13.911
12.143 8.916
-15.164 2.750
8.656 -11.801
0.804 15.570
-11.054 -10.657
14.545 0.434
-11.529 10.227
1.621 -15.772
9.350 13.327
-14.563 -2.932
12.975 -7.838
-4.691 15.120
-6.107 -14.215
14.323 5.773
-15.020 5.469
7.050 -13.412
4.322 14.347
-13.993 -8.772
15.654 -2.859
-9.447 12.885
-2.173 -15.667
11.763 10.745
-16.292 0.582
10.872 -11.150
-1.184 16.431
-9.760 -12.818
16.532 2.751
-13.395 9.212
4.097 -15.805
7.273 14.712
-15.138 -4.680
15.187 -6.164
-6.831 14.898
-6.057 -15.975
13.976 8.452
-16.316 4.128
8.823 -13.778
2.939 16.614
-13.247 -10.478
17.429 -0.862
-12.035 11.962
-0.217 -16.322
10.522 11.946
-16.128 -1.622
13.427 -10.565
-3.183 16.472
-8.328 -14.149
16.315 4.530
-15.864 7.073
7.157 -15.887
5.649 16.256
-15.968 -7.329
17.168 -3.783
-9.742 14.682
-2.889 -17.309
13.617 10.604
-17.678 1.721
11.137 -12.979
0.640 17.385
-11.487 -13.126
17.340 0.962
-13.525 10.978
2.965 -17.417
9.354 15.195
-16.736 -5.348
16.709 -8.192
-6.854 17.329
-7.018 -17.542
15.549 7.565
-17.476 5.523
9.089 -16.028
4.472 17.632
-14.974 -11.037
18.657 -2.402
-11.838 13.931
-0.670 -18.000
13.153 12.352
-17.806 -0.862
14.656 -12.267
-1.509 18.651
-10.003 -14.922
18.423 3.731
-16.491 9.941
5.596 -16.708
8.079 16.486
-17.717 -7.921
17.397 -6.489
-8.404 16.477
-5.002 -18.319
16.143 10.916
-18.653 3.688
11.468 -15.612
0.976 19.362
-13.960 -13.250
19.371 -0.723
-14.377 13.558
2.053 -18.877
11.123 15.500
