-0.760 -1.777
1.441 0.466
-0.965 0.823
1.006 -1.410
0.091 2.234
-2.569 -2.110
3.073 -0.528
-2.076 2.996
-0.036 -3.403
3.101 2.386
-3.441 0.336
2.371 -2.822
-0.291 3.998
-2.400 -3.919
4.807 0.600
-3.647 2.072
1.241 -4.727
2.679 5.295
-5.023 -1.885
4.843 -2.479
-1.833 4.875
-1.863 -5.822
4.911 2.352
-6.149 0.932
3.499 -5.346
0.237 6.078
-4.143 -3.883
6.004 -0.708
-4.261 3.813
0.718 -6.563
4.196 4.237
-6.840 -0.758
5.465 -4.173
-1.462 6.665
-4.203 -6.204
6.538 1.637
-6.850 2.927
2.703 -6.987
2.410 7.579
-7.452 -3.579
7.831 -2.172
-4.528 5.930
-0.812 -7.558
6.207 4.393
-8.089 0.730
5.783 -5.940
-0.176 7.992
-5.571 -5.082
8.237 -0.023
-6.909 4.713
1.363 -8.260
4.223 7.537
-8.497 -2.118
7.454 -3.894
-2.934 7.673
-3.054 -7.638
7.855 3.748
-8.652 2.702
4.577 -7.307
2.181 9.437
-7.312 -5.644
9.916 -0.748
-6.237 6.842
0.367 -9.753
6.840 6.741
-9.391 -0.483
7.387 -6.766
-1.565 9.261
-5.225 -7.985
8.986 1.901
-8.723 5.764
2.239 -9.847
4.629 9.276
-9.766 -4.012
10.189 -4.329
-5.095 9.536
-2.238 -10.242
8.743 5.332
-10.724 1.972
6.693 -8.453
0.686 10.393
-7.844 -7.434
10.527 0.901
-8.306 7.566
0.940 -11.570
7.546 8.438
-10.792 -2.415
9.169 -6.212
-3.284 11.411
-5.022 -9.748
11.335 4.467
-9.610 4.222
4.380 -10.925
3.647 11.326
-10.360 -5.744
11.045 -2.152
-6.681 8.559
-0.827 -11.352
9.238 7.867
-12.064 0.623
8.539 -8.250
-0.362 11.837
-7.837 -9.325
11.785 2.306
-10.045 7.015
2.793 -11.781
6.690 11.044
-12.635 -3.580
11.656 -5.720
-5.142 11.507
-4.120 -11.373
11.163 6.280
-12.377 3.859
6.895 -10.248
1.924 12.061
-9.790 -7.542
12.575 -1.218
-8.657 9.446
-0.143 -13.013
8.577 9.951
-12.458 -1.295
10.330 -7.913
-2.320 12.881
-6.131 -11.226
12.943 3.615
-11.764 6.479
4.267 -12.735
5.482 12.915
-12.398 -5.372
12.284 -3.391
-6.753 12.199
-3.169 -12.817
11.008 8.034
-13.872 1.347
9.312 -10.676
0.714 14.343
-9.920 -9.430
13.791 0.083
-10.419 9.311
1.669 -13.425
7.947 12.344
-14.060 -2.408
12.143 -7.499
-4.559 13.931
-5.619 -13.427
12.872 5.403
-13.376 5.512
6.565 -13.138
3.241 13.708
-12.349 -7.366
14.607 -2.059
-9.042 12.048
-1.494 -14.270
10.901 9.945
-15.569 0.017
10.932 -9.950
-1.728 15.255
-8.037 -11.664
14.703 3.284
-12.779 8.613
3.183 -14.285
6.995 13.933
-14.405 -5.315
13.493 -5.449
-6.446 13.998
-4.855 -15.093
13.918 8.445
-14.514 3.169
8.730 -12.392
1.782 15.731
-11.306 -10.561
15.436 -0.471
-11.555 11.046
1.065 -15.115
9.724 11.400
-16.339 -2.408
13.184 -8.910
-3.472 15.595
-8.287 -13.472
15.090 5.111
-14.684 7.081
5.473 -14.580
5.520 15.521
-14.089 -7.814
16.244 -4.126
-8.562 13.819
-2.601 -16.118
12.573 10.548
-15.742 1.800
11.428 -11.749
-0.267 16.388
-11.967 -12.193
16.195 2.122
-13.281 10.338
2.541 -16.162
9.369 14.032
-16.341 -4.269
15.613 -7.795
-6.212 15.790
-6.760 -14.858
14.436 6.709
-15.419 4.998
8.048 -15.071
3.707 16.362
-13.313 -9.608
16.760 -2.410
-11.683 12.853
0.167 -17.424
11.706 12.614
-17.567 -0.293
14.200 -10.364
-3.019 17.360
-9.602 -14.688
16.731 4.237
-15.496 8.682
4.981 -16.361
7.574 15.662
-15.794 -7.401
16.264 -6.089
-7.972 15.488
-4.286 -17.140
14.673 10.154
-17.474 1.830
12.007 -14.217
0.690 18.622
-13.477 -13.241
17.278 0.678
-13.783 12.082
1.881 -18.329
11.182 14.347
-18.148 -4.087
16.118 -9.699
-5.240 17.515
-7.848 -16.213
17.009 6.024
-16.651 6.368
8.489 -17.124
6.115 17.684
-15.157 -9.643
18.369 -3.989
-11.104 15.731
-1.591 -17.548
14.024 11.848
-19.406 -0.131
13.322 -12.935
-1.072 18.465
-11.944 -14.763
19.169 3.507
-15.597 10.875
4.226 -18.905
8.676 17.336
-18.108 -6.522
17.447 -8.448
-7.715 18.193
-5.708 -18.110
16.415 9.722
