0.357 1.899
-1.306 -0.767
1.120 -0.594
-1.287 1.159
0.395 -2.201
2.051 2.616
-3.114 -0.150
2.675 -2.476
-0.701 3.330
-2.511 -3.000
3.432 0.417
-2.926 2.242
1.150 -3.841
1.495 4.346
-4.563 -1.626
4.009 -1.234
-2.234 4.347
-1.469 -5.749
4.496 2.927
-5.265 1.372
2.845 -4.362
0.559 6.088
-4.285 -3.359
6.205 0.421
-4.573 4.462
1.084 -5.985
3.205 4.688
-6.015 -0.608
4.986 -2.800
-2.121 6.252
-3.179 -5.045
6.514 2.220
-6.239 2.892
2.870 -6.191
2.760 6.967
-6.029 -3.013
7.321 -1.375
-4.151 6.236
-0.712 -7.921
6.500 5.107
-8.115 0.426
5.704 -4.810
-0.843 7.554
-5.109 -5.632
8.056 1.038
-6.931 4.547
1.901 -7.765
4.340 6.167
-8.047 -1.760
7.765 -3.106
-3.119 7.769
-2.491 -8.272
7.837 3.907
-8.120 2.188
4.526 -6.856
1.329 8.118
-6.858 -5.359
9.031 -0.765
-6.050 6.143
-0.087 -9.686
5.917 7.092
-9.843 -1.416
7.570 -5.330
-2.469 9.442
-5.219 -8.061
9.064 2.504
-8.676 5.007
3.533 -8.702
3.373 8.926
-8.362 -3.801
9.764 -3.740
-4.317 9.129
-2.511 -10.058
8.666 6.030
-10.885 2.021
7.038 -8.207
-0.032 10.483
-7.382 -7.098
10.897 0.396
-8.364 6.804
1.580 -10.295
6.049 8.955
-10.082 -3.158
9.747 -5.589
-3.422 11.092
-5.541 -9.871
10.014 4.693
-10.296 4.080
5.676 -10.430
2.793 10.604
-10.099 -6.814
10.296 -2.042
-6.640 9.718
-1.109 -11.847
8.871 7.850
-11.249 -0.290
8.376 -6.910
-1.650 11.262
-7.317 -9.680
11.913 2.003
-10.123 6.206
2.916 -11.478
5.633 10.800
-11.007 -4.802
11.325 -4.674
-5.277 10.897
-4.141 -12.230
11.561 6.230
-12.617 3.062
7.511 -10.121
1.561 11.995
-9.540 -8.547
12.919 -1.089
-8.950 8.513
0.732 -12.192
7.926 9.482
-12.540 -1.533
10.496 -7.348
-2.677 12.735
-6.220 -11.571
11.882 3.960
-11.798 5.489
5.053 -12.074
3.556 12.287
-11.854 -6.330
12.888 -3.780
-6.922 11.509
-2.556 -13.795
10.941 7.928
-12.727 0.652
9.234 -10.448
0.320 13.199
-9.008 -10.226
13.835 1.687
-11.402 8.408
2.407 -14.157
7.644 11.353
-13.446 -3.066
12.187 -6.835
-4.535 12.745
-5.087 -13.771
13.205 5.394
-13.478 4.693
7.466 -12.614
2.580 14.325
-11.397 -8.061
14.252 -2.487
-9.253 11.405
-0.197 -14.085
10.462 9.864
-14.707 -1.151
11.436 -9.806
-1.630 14.255
-8.490 -12.069
15.204 3.353
-12.826 7.348
4.989 -14.519
5.321 13.127
-13.643 -6.388
14.341 -5.643
-6.199 13.257
-3.813 -15.117
12.913 8.307
-14.352 2.399
9.323 -12.271
1.474 15.787
-11.761 -11.257
14.856 0.048
-11.205 10.209
1.665 -15.744
8.752 12.758
-15.172 -2.881
13.672 -8.283
-4.311 14.526
-7.026 -13.235
15.430 5.887
-14.800 5.845
6.765 -14.474
5.174 14.946
-13.626 -8.256
15.868 -3.735
-8.499 13.050
-2.030 -16.348
12.064 10.678
-16.752 0.512
11.350 -11.638
-0.949 16.299
-9.992 -13.019
15.758 1.650
-13.700 8.997
3.808 -15.942
9.045 14.495
-15.351 -5.577
15.203 -7.218
-5.978 15.229
-6.110 -15.727
15.030 7.705
-16.930 4.231
9.482 -14.071
3.383 15.969
-12.641 -9.675
16.136 -1.542
-11.119 12.972
-0.077 -16.777
10.918 12.262
-16.884 -1.274
14.188 -10.019
-3.934 16.975
-8.699 -14.849
17.087 4.088
-16.106 7.045
6.705 -16.295
6.196 16.418
-15.418 -7.758
17.007 -5.122
-8.404 14.895
-4.004 -16.930
13.818 10.644
-17.196 2.425
11.135 -13.396
0.475 17.661
-12.127 -13.089
17.456 1.995
-14.800 11.281
3.357 -18.330
10.291 15.844
-16.722 -4.401
16.071 -8.812
-5.803 17.488
-7.811 -16.427
16.833 7.918
-17.836 5.980
8.907 -15.965
4.153 17.527
-15.302 -9.562
17.634 -2.613
-11.994 14.880
-2.142 -18.589
12.711 12.695
-18.797 -0.081
14.246 -12.955
-2.244 17.476
-11.127 -14.603
18.918 4.329
-15.806 9.745
5.044 -17.795
8.465 16.998
-17.956 -7.573
17.581 -7.241
-8.217 17.543
-4.718 -18.803
16.267 10.287
-18.862 4.472
11.469 -16.092
1.653 18.916
-13.921 -13.045
