0.644 -1.822
0.745 1.319
-1.267 -0.048
1.695 -0.357
-1.446 1.706
-0.462 -3.292
2.619 1.692
-3.556 0.800
2.277 -2.530
0.668 3.855
-2.760 -2.082
3.656 -0.472
-2.921 2.746
0.886 -4.510
3.132 3.696
-4.087 -0.943
4.113 -2.640
-1.612 5.711
-2.422 -4.787
5.243 1.453
-4.649 2.347
2.570 -5.547
2.023 5.055
-5.157 -3.476
6.194 -1.566
-3.940 4.635
-0.422 -5.663
4.899 3.543
-5.717 -0.078
4.970 -4.345
0.221 5.959
-4.522 -5.187
6.847 0.627
-5.587 3.917
1.106 -7.412
3.705 5.630
-7.023 -2.482
6.719 -3.313
-3.356 7.210
-3.063 -7.678
7.234 3.701
-7.347 1.300
4.518 -6.113
1.595 7.435
-6.449 -4.938
8.277 -0.458
-5.539 5.764
-0.662 -7.512
6.079 5.559
-8.275 -1.207
6.595 -5.158
-1.993 8.406
-4.821 -7.310
8.122 2.180
-7.354 3.662
2.922 -7.690
3.245 8.076
-8.197 -3.868
8.315 -2.280
-4.783 8.423
-1.562 -9.104
7.806 6.162
-9.222 0.815
6.872 -6.930
0.472 9.591
-6.585 -6.712
10.017 0.020
-7.421 5.757
1.558 -9.414
5.328 7.482
-10.323 -1.661
8.313 -5.733
-2.871 9.961
-4.473 -9.563
10.430 3.711
-10.205 3.571
5.285 -9.053
2.827 9.843
-9.229 -5.807
10.648 -1.692
-6.530 8.115
-0.742 -10.781
7.139 7.789
-11.236 -0.053
8.523 -7.880
-0.157 11.319
-6.310 -9.082
10.954 1.634
-10.141 6.177
2.902 -10.575
5.320 10.960
-9.932 -3.396
10.619 -5.078
-4.982 10.806
-3.738 -11.240
9.587 5.892
-10.712 1.778
7.075 -8.916
1.475 12.044
-9.302 -7.708
11.870 -0.293
-8.279 8.468
0.543 -12.168
7.115 9.674
-12.142 -1.635
10.030 -6.781
-2.551 12.658
-6.878 -11.188
12.452 3.679
-11.574 4.989
4.665 -11.160
3.967 12.179
-11.723 -5.537
12.012 -2.877
-6.747 10.181
-2.102 -12.178
10.081 7.615
-12.766 1.094
8.703 -9.675
-0.422 13.130
-8.294 -9.385
12.960 1.167
-10.427 7.911
3.085 -12.413
7.081 11.422
-13.045 -3.193
11.761 -6.486
-4.707 13.217
-5.489 -12.346
11.338 5.819
-13.228 4.408
6.343 -11.579
2.665 13.364
-11.123 -8.398
14.081 -1.556
-9.182 11.041
-0.920 -13.656
10.096 9.396
-13.972 -0.199
10.315 -8.752
-2.505 14.466
-8.719 -11.289
14.014 2.700
-12.785 7.169
4.952 -13.687
5.817 12.690
-13.578 -4.996
13.725 -5.227
-6.893 12.285
-4.104 -13.781
12.146 8.372
-14.811 2.748
8.559 -11.515
1.293 14.700
-11.472 -10.526
14.782 0.076
-11.598 10.059
1.980 -14.026
8.600 12.369
-15.237 -2.310
12.012 -8.361
-4.282 14.991
-7.006 -13.663
13.620 5.122
-14.220 5.941
6.642 -14.397
4.529 15.637
-12.828 -7.491
14.814 -3.213
-9.336 12.786
-1.173 -15.427
11.681 10.101
-15.982 0.309
11.015 -10.405
-0.559 14.973
-10.397 -12.832
15.736 2.366
-13.112 9.130
3.019 -15.526
7.648 13.976
-15.602 -4.726
13.898 -7.028
-6.442 15.161
-5.082 -15.288
14.750 7.958
-15.657 4.376
8.995 -13.626
2.115 16.275
-12.806 -9.331
16.365 -0.913
-11.289 11.882
-0.556 -17.076
10.485 12.523
-16.773 -1.380
12.810 -10.177
-2.601 16.670
-9.139 -14.204
16.769 4.830
-15.260 7.419
5.081 -15.512
6.085 14.710
-14.733 -6.758
16.125 -5.646
-8.347 14.553
-3.296 -16.084
13.968 9.570
-17.300 1.553
11.917 -12.713
0.079 17.209
-12.733 -12.106
17.468 1.982
-13.973 10.735
2.873 -17.311
9.448 14.444
-17.283 -4.098
14.740 -8.672
-5.026 16.655
-6.616 -16.139
16.094 6.527
-16.351 6.005
8.447 -15.517
3.928 17.406
-14.102 -10.480
18.462 -2.338
-12.097 14.175
-0.957 -18.869
12.260 12.194
-18.323 -0.436
13.791 -12.219
-1.480 18.129
-10.592 -15.292
18.430 3.771
-15.712 9.346
5.197 -17.247
8.443 15.947
-16.567 -6.583
17.839 -6.859
-7.469 17.156
-4.630 -17.358
16.221 9.497
-18.822 4.064
10.706 -13.994
2.303 18.214
-14.196 -13.232
18.561 -0.504
-13.288 12.866
1.201 -18.951
11.736 15.557
-18.842 -2.552
15.907 -11.056
-5.348 18.634
-8.915 -17.058
18.561 5.590
-17.993 8.170
8.057 -17.194
5.502 18.267
