1.444 -1.284
0.015 1.515
-1.086 -0.654
1.656 0.506
-2.090 0.795
1.186 -3.106
1.476 2.747
-3.500 -1.018
3.216 -1.114
-1.279 3.697
-1.410 -3.157
3.429 1.353
-3.884 0.993
2.955 -3.520
0.956 4.749
-3.122 -2.801
4.877 -0.323
-4.171 4.220
0.193 -5.362
3.888 3.806
-5.205 -0.192
4.930 -3.614
-0.672 5.403
-2.835 -5.535
6.180 1.622
-5.689 2.153
2.368 -5.161
2.577 5.469
-4.968 -2.831
6.451 -1.402
-2.687 5.324
-1.452 -6.727
5.692 3.858
-6.784 0.729
4.550 -5.954
0.522 6.720
-4.949 -5.567
7.483 0.347
-6.423 4.690
1.030 -8.202
4.545 6.737
-7.060 -2.412
6.909 -3.168
-2.197 7.280
-3.259 -7.440
7.468 3.599
-7.635 2.369
3.051 -6.896
2.636 7.804
-6.661 -5.056
8.266 -1.328
-5.808 6.396
-0.687 -8.730
6.058 5.834
-8.208 -0.348
6.274 -5.320
-1.062 8.638
-5.307 -7.347
8.382 2.023
-8.258 5.063
3.032 -8.725
3.856 9.167
-8.468 -3.744
9.365 -2.746
-4.222 8.625
-2.521 -9.059
8.760 4.858
-9.279 1.454
5.914 -7.489
1.048 9.125
-8.234 -6.443
10.048 -1.001
-7.328 7.333
0.706 -10.534
7.338 8.289
-10.659 -1.806
9.002 -5.372
-2.282 9.983
-5.273 -9.544
10.140 3.665
-9.639 3.948
4.561 -9.797
2.486 10.269
-9.811 -5.476
11.270 -2.780
-5.608 9.833
-1.135 -11.001
8.800 6.724
-11.864 0.506
7.651 -7.856
-0.639 12.166
-7.053 -7.773
11.750 0.687
-9.584 7.053
2.159 -11.647
5.545 9.791
-10.237 -3.620
10.503 -4.386
-4.529 11.257
-4.419 -11.243
10.534 5.480
-11.341 3.412
6.356 -10.391
1.553 11.908
-9.840 -7.300
12.058 -1.089
-8.350 9.849
-0.615 -13.118
9.123 9.238
-12.544 -1.226
9.478 -7.516
-2.413 12.579
-7.587 -10.513
11.907 3.287
-10.827 5.652
4.045 -11.677
5.145 11.539
-11.705 -5.212
12.295 -4.264
-6.715 11.291
-2.725 -12.225
10.782 7.285
-12.952 1.887
8.700 -9.376
0.679 13.422
-9.877 -9.100
13.431 0.005
-10.508 9.296
1.161 -13.461
7.114 10.573
-13.711 -2.534
11.149 -7.072
-4.126 12.988
-5.679 -12.727
13.079 5.443
-13.375 5.228
5.794 -12.400
4.298 13.105
-12.136 -6.926
13.261 -2.677
-9.184 11.453
-2.178 -14.097
10.964 9.136
-14.657 0.097
10.950 -9.589
-1.040 13.921
-9.472 -10.936
14.542 2.057
-11.972 7.423
3.067 -14.048
6.587 13.199
-14.295 -4.752
13.058 -5.945
-5.972 13.494
-4.956 -14.759
12.904 7.210
-15.015 3.202
8.512 -11.322
1.551 14.985
-12.223 -9.386
14.556 -1.514
-10.994 11.055
0.469 -15.347
9.448 11.067
-15.320 -1.671
12.773 -9.394
-3.592 15.879
-7.610 -12.758
14.522 4.347
-14.352 6.682
6.428 -14.072
5.344 14.489
-14.141 -7.453
14.672 -3.786
-7.726 12.839
-2.901 -16.258
12.633 9.676
-15.891 1.656
10.147 -12.133
-0.059 15.931
-11.375 -11.678
15.563 0.564
-12.967 10.160
2.939 -15.840
9.067 14.095
-15.822 -3.735
14.460 -7.581
-6.013 15.270
-6.702 -14.357
14.768 7.110
-15.626 4.947
7.766 -15.218
3.127 16.031
-14.017 -9.314
16.133 -2.719
-10.334 13.337
-1.136 -16.851
12.346 12.332
-16.945 -0.880
11.946 -11.125
-1.782 15.819
-9.632 -13.037
16.846 2.850
-14.340 8.707
4.888 -15.674
7.603 15.129
-15.896 -7.001
16.577 -5.370
-8.248 15.104
-5.297 -16.752
14.334 10.177
-17.421 2.645
10.882 -13.766
1.291 17.211
-13.150 -11.940
17.096 -0.468
-12.450 12.152
2.007 -17.326
10.935 13.491
-17.217 -2.645
14.894 -9.503
-4.974 17.136
-7.280 -15.990
17.292 6.876
-17.441 6.563
8.281 -16.982
4.840 16.601
-15.831 -9.237
17.979 -4.033
-10.058 15.156
-1.882 -18.507
14.312 12.208
-18.272 0.588
12.885 -12.587
-0.315 18.042
-11.322 -13.769
18.932 2.617
-14.830 11.410
4.336 -17.434
9.611 16.154
-18.442 -5.539
16.136 -7.077
-6.786 17.059
-6.033 -18.445
16.493 8.529
-17.851 4.842
10.210 -16.011
2.757 19.291
-15.262 -11.341
19.269 -1.991
-13.687 13.729
0.439 -19.242
13.548 13.864
-19.701 -1.543
15.363 -11.159
-4.012 18.652
