-15.79401, -3.76957
-15.93443, -7.55453
-13.45936, -12.94156
-12.14229, -15.00730
-11.77770, -12.13904
-9.68672, -14.54553
-8.00761, -13.99895
-9.59799, -12.04854
-16.55726, -10.22513
-14.40624, -6.63477
-13.34737, -8.05379
-10.01499, -7.61516
-10.66847, -5.71076
-12.57701, -6.10465
-12.59709, -3.13104
-14.09641, -4.86733
-4.20846, -14.91028
-3.89654, -16.68937
-0.82292, -14.18041
-3.60581, -13.27351
0.55464, -12.83224
-1.88143, -12.10038
-4.51901, -11.58320
-6.75632, -12.73105
-7.83550, -11.01170
-8.97397, -9.64730
-10.77934, -9.38706
-12.76057, -10.57765
-14.89399, -9.37363
-8.03096, -16.17172
-6.41208, -15.15520
-4.68184, -18.36582
-6.17997, -6.26552
-7.82822, -5.30211
-7.98835, -7.70583
-10.20393, -3.91201
-7.35635, -3.60452
-5.44551, -4.24059
-5.76330, -2.40770
-4.19385, -0.15174
-6.30452, -8.55010
-5.91405, -10.28552
-2.87823, -10.43317
-3.34690, -8.64401
-2.16568, -7.28999
-1.56516, -5.50835
-4.52059, -6.95675
-3.34546, -4.21576
4.50052, -18.50053
5.20706, -16.89084
1.88152, -16.26723
3.63875, -15.45190
3.88839, -12.62983
2.34344, -11.88734
2.12692, -14.45942
-0.13465, -15.85911
-5.64650, 1.00683
-7.36401, -1.08619
-8.81537, -2.19921
-10.47430, 0.34350
-10.41184, -1.40755
-0.60479, -17.56992
-2.61537, -18.89833
1.70378, -17.96702
1.42600, -5.98423
-0.06992, -4.63865
-0.37509, -7.53675
6.09232, -13.03895
6.13384, -15.18481
7.73339, -15.89238
9.13874, -14.85028
11.11600, -14.74430
-0.35259, -9.59839
0.74418, -10.98892
1.31417, -8.17861
3.38256, -9.96408
5.39065, -8.20243
3.18501, -6.92415
3.99406, -5.29318
1.70009, -2.93948
9.39860, -7.12261
7.72795, -3.90869
10.11620, -3.81214
9.78233, -1.98975
8.02535, -2.14507
5.78013, -2.82199
3.50314, -1.24148
3.50355, -3.43863
8.72501, -12.41742
8.37303, -10.64754
6.81654, -9.47194
6.60879, -11.26428
5.17117, -10.15840
5.94347, -4.62093
5.42135, -6.40209
7.02513, -7.31601
11.22429, -5.25198
10.22589, -8.72427
8.47042, -8.66575
13.48091, -4.37322
13.88715, -6.12221
15.84574, -4.18602
17.64748, -5.97595
18.07015, -4.23645
10.10533, -10.60236
10.55126, -12.56514
13.42224, -14.04914
12.73348, -11.47829
16.14320, -10.28862
12.20425, -9.70239
14.70389, -8.75160
12.38635, -7.86338
14.35896, 2.25212
15.88805, -0.83565
17.38127, 1.36938
17.07381, 3.15306
19.29639, 1.75862
17.78941, 6.08799
16.02883, 4.79980
10.54999, 3.83348
17.49424, -1.53682
18.78216, -0.00321
14.53469, -2.89240
12.89089, -1.43414
11.55703, -2.70414
12.22906, 3.41964
12.91722, 1.09297
14.25138, -0.17976
12.09027, 12.26567
10.88450, 10.36448
9.18784, 9.71913
5.24454, 12.54509
7.53076, 14.40955
6.28269, 11.13007
8.20850, 11.26511
10.26229, 12.15536
8.85912, 8.02684
11.76518, 7.17841
13.59724, 5.77636
13.43325, 7.53718
15.60340, 6.59986
14.42071, 9.51866
12.71942, 10.16068
14.61803, 12.90333
6.83531, -0.77370
8.38480, 0.52376
11.05681, -0.61659
10.92857, 1.51552
11.41533, 5.44395
8.51467, 6.15022
8.86695, 4.43556
5.48130, 2.46298
8.85074, 13.17736
11.43132, 13.92547
9.03856, 16.81812
7.30419, 16.25074
5.83025, 17.35509
5.27703, 15.48049
5.40915, 0.32606
7.80118, 2.18334
3.79717, 11.48393
2.34677, 9.29587
2.03505, 11.07695
-1.25202, 15.50137
-0.01510, 12.85362
0.38772, 14.65832
2.18546, 12.89992
4.20298, 14.15433
3.04985, 6.94667
2.99412, 4.51079
4.75100, 4.74850
4.78659, 7.24659
7.07170, 4.21662
6.70842, 6.24478
7.35500, 9.68364
4.72402, 9.02778
1.58609, -0.70125
2.91486, 1.08964
0.96711, 1.10238
3.76566, 2.94564
1.40941, 3.61958
-1.12325, 1.90845
-3.33460, 1.43722
-3.15217, -1.55102
2.41873, 14.75912
3.49549, 16.81237
2.12183, 18.02964
0.71164, 16.84334
-1.55441, 19.28879
-1.27080, 0.11533
-1.12995, -3.20043
0.23385, -1.95341
-2.79632, 11.54517
-4.82964, 9.22939
-6.47656, 9.91440
-6.63533, 14.36912
-6.83327, 12.56378
-4.63187, 11.27284
-4.34361, 13.35882
-2.00967, 13.88253
-2.29615, 3.21789
-2.93927, 5.28203
-0.47027, 5.90426
1.37241, 5.78108
-1.89888, 7.69844
-0.31806, 8.62218
-0.85902, 10.28669
-3.01698, 9.18043
-6.96735, 2.72031
-4.10062, 3.20579
-4.69622, 4.92880
-4.30084, 6.72920
-6.46591, 4.98568
-6.11504, 7.06462
-9.30674, 5.46819
-10.14946, 3.82138
-3.33786, 16.10406
-1.65373, 17.31823
-3.93059, 18.26381
-5.28593, 15.85262
-9.06188, 16.27447
-11.04462, 2.12034
-8.90871, 2.62193
-8.34564, 0.43590
-11.62265, 13.24898
-13.58650, 12.22851
-11.05102, 11.49612
-16.66692, 4.88092
-15.60960, 3.42488
-12.30739, 3.57105
-14.01597, 5.59814
-12.10870, 6.90737
-13.54174, 10.28326
-11.11230, 9.51387
-10.35422, 7.17243
-8.72735, 8.07365
-8.64698, 9.78482
-9.40216, 12.12498
-8.72653, 13.83108
-10.51959, 15.21028
-13.43929, -0.58861
-12.21066, 0.77792
-13.75788, 2.51923
-15.38591, 0.68784
-16.71530, 1.93701
-18.06709, 3.16221
-18.94753, 1.16541
-17.78780, -0.67723
-14.51130, 7.32959
-12.79468, 8.60995
-14.87385, 9.10451
-16.04764, 11.55228
-17.67388, 7.66325
-17.56345, -3.24054
-16.25424, -1.56932
-14.29546, -2.22910
