1.908 0.304
-1.163 0.971
-0.182 -1.255
0.657 1.602
-1.939 -1.114
3.155 -1.049
-1.191 2.882
-1.429 -3.353
2.899 1.783
-3.671 1.352
1.550 -3.091
1.125 3.511
-3.228 -2.377
4.596 0.057
-3.070 3.748
0.189 -4.190
3.339 3.569
-5.908 -0.555
4.272 -3.246
-0.483 5.420
-3.148 -4.149
5.920 1.526
-4.607 2.902
2.487 -5.700
2.659 5.810
-5.270 -3.038
5.494 -1.437
-2.600 5.458
-0.955 -5.638
5.171 4.104
-5.821 1.293
4.286 -5.384
0.619 6.848
-4.861 -4.788
7.490 -0.250
-4.869 4.660
1.173 -7.356
4.471 6.010
-7.698 -2.000
6.999 -4.398
-2.335 7.784
-2.605 -6.991
6.828 3.340
-7.025 2.911
3.693 -7.234
1.944 8.058
-6.669 -4.408
7.269 -2.007
-4.370 6.983
-0.306 -8.357
6.263 5.555
-8.628 -0.443
6.320 -6.061
-0.678 8.382
-4.930 -6.572
8.091 1.486
-7.357 4.650
2.324 -8.761
3.744 7.767
-9.148 -3.184
8.672 -3.180
-4.651 8.790
-2.466 -8.924
8.057 5.508
-9.349 2.196
5.413 -7.689
1.789 9.856
-7.002 -6.259
9.541 -0.167
-6.397 6.591
-0.229 -10.453
7.139 7.141
-10.316 -1.026
8.598 -6.126
-1.767 10.929
-5.354 -9.392
9.859 3.564
-9.170 4.557
4.046 -10.125
3.586 10.168
-9.160 -4.958
10.470 -2.676
-6.372 8.428
-1.976 -11.061
9.289 6.961
-11.161 1.889
7.794 -7.846
0.371 11.069
-7.906 -8.860
10.925 0.945
-9.820 7.211
1.548 -10.382
6.911 9.528
-11.528 -2.949
10.381 -5.706
-4.065 10.493
-3.682 -10.215
10.046 5.350
-11.580 3.625
5.902 -10.541
2.431 11.622
-9.824 -6.614
12.067 -1.662
-8.231 8.744
-0.583 -12.238
8.480 8.641
-12.910 -0.224
9.762 -8.784
-1.371 12.911
-6.997 -10.483
11.819 2.574
-11.262 6.100
3.330 -12.530
4.998 11.296
-11.231 -4.799
11.599 -4.266
-5.670 11.290
-3.380 -12.359
11.087 6.813
-12.991 1.955
7.734 -9.852
1.191 12.958
-9.664 -8.827
12.766 0.794
-9.956 9.027
0.786 -13.407
8.502 10.397
-13.850 -2.244
11.152 -7.628
-3.676 12.202
-6.724 -12.215
12.534 4.148
-12.664 5.034
6.252 -12.456
4.072 13.569
-12.517 -7.038
13.266 -3.370
-7.419 11.626
-2.327 -13.778
10.471 8.566
-14.680 0.147
9.530 -10.614
-0.126 14.271
-9.359 -11.281
14.356 2.400
-11.431 8.013
2.463 -14.256
7.619 12.556
-13.327 -4.562
12.813 -6.524
-6.042 13.458
-5.377 -14.072
12.871 6.340
-14.225 3.925
8.282 -13.184
2.594 14.552
-11.988 -9.591
14.153 -0.585
-10.613 10.692
-0.479 -15.404
10.392 10.305
-15.518 -1.506
12.173 -9.357
-2.580 14.321
-8.410 -12.914
15.359 3.934
-14.563 7.278
5.053 -13.970
5.834 13.991
-14.261 -6.874
14.961 -3.939
-7.827 13.312
-3.189 -15.664
12.223 8.955
-14.828 2.153
10.744 -12.542
0.514 15.904
-11.347 -11.248
15.816 0.167
-12.366 10.045
1.832 -16.199
9.421 12.401
-16.075 -3.600
14.119 -7.758
-5.165 15.944
-7.131 -14.609
15.026 6.388
-15.625 5.019
6.866 -14.280
3.852 15.931
-13.725 -8.959
16.695 -3.629
-10.425 12.573
-1.671 -16.747
12.322 10.762
-16.866 0.451
12.321 -11.553
-1.723 17.365
-10.051 -13.671
16.175 2.198
-13.370 8.640
3.988 -15.711
8.464 14.841
-15.821 -5.582
15.225 -6.145
-6.891 15.466
-4.650 -16.735
14.655 9.426
-16.912 3.184
9.609 -14.709
1.204 17.539
-13.081 -11.805
17.545 -0.299
-12.501 11.900
0.911 -17.739
11.191 12.933
-17.289 -1.937
14.679 -9.421
-3.514 17.007
-8.858 -14.999
16.787 5.507
-16.411 7.005
7.763 -15.762
5.632 17.736
-16.126 -9.340
18.386 -4.348
-9.781 14.260
-2.879 -18.101
14.508 11.359
-18.099 1.817
13.129 -13.179
-0.382 18.807
-12.029 -13.767
17.902 1.998
-14.161 11.183
3.484 -17.483
9.966 16.308
-18.223 -4.249
16.237 -7.687
-6.413 17.669
-7.395 -17.779
15.697 8.004
-17.499 5.553
10.452 -16.351
3.847 18.165
-15.053 -10.747
18.857 -2.240
-13.183 14.352
-0.891 -18.993
13.746 13.650
-19.293 -1.896
15.168 -11.848
-2.148 19.265
-11.284 -16.223
18.366 4.820
-16.974 8.709
