-1.885 0.426
0.719 -1.333
0.635 1.098
-1.206 -1.244
2.214 0.314
-2.539 2.146
0.036 -3.118
2.572 2.583
-3.354 -0.579
2.906 -2.619
-0.291 3.445
-2.348 -2.842
3.880 1.008
-4.288 1.653
1.458 -4.620
1.380 3.961
-4.426 -2.074
5.691 -1.679
-2.761 4.600
-1.564 -5.211
4.464 2.683
-6.063 0.781
3.200 -4.405
-0.193 6.216
-4.626 -4.407
6.021 0.864
-4.567 3.374
0.387 -6.033
2.981 4.880
-6.325 -1.891
4.925 -3.362
-1.980 6.591
-3.118 -6.128
6.292 2.641
-6.861 3.013
2.790 -6.135
1.642 7.265
-6.384 -3.920
7.890 -1.002
-4.865 6.683
-0.723 -8.094
5.015 5.524
-7.580 -0.565
5.441 -5.312
-0.742 8.088
-4.798 -6.760
7.829 1.616
-6.004 4.563
1.464 -8.106
3.388 7.646
-7.878 -2.832
8.176 -2.793
-3.617 7.975
-2.484 -8.035
7.018 4.271
-8.064 1.625
5.104 -7.049
1.095 8.997
-6.360 -5.821
9.676 -0.441
-6.871 6.173
1.055 -9.888
5.604 7.370
-9.526 -2.122
7.865 -5.510
-2.171 9.149
-5.321 -8.487
8.826 3.211
-8.797 3.698
3.492 -8.496
4.095 9.620
-9.281 -3.979
9.959 -2.878
-5.709 8.881
-2.418 -10.803
8.459 6.732
-10.477 0.352
6.822 -7.637
0.004 10.904
-7.106 -8.109
10.346 1.202
-8.728 6.373
2.787 -10.191
5.942 9.536
-11.210 -3.013
9.662 -5.899
-4.323 10.179
-4.455 -10.140
10.631 5.290
-10.495 3.180
6.439 -10.342
2.418 10.214
-9.955 -6.280
11.799 -1.543
-7.519 9.153
-0.123 -11.252
7.213 8.117
-11.315 -1.236
9.406 -7.666
-1.565 11.979
-6.573 -9.888
11.577 2.493
-10.586 6.025
4.395 -11.176
5.086 11.146
-11.083 -4.874
12.070 -4.587
-5.802 11.782
-3.522 -12.497
10.390 7.135
-11.930 1.999
8.192 -9.846
1.562 12.871
-8.835 -8.632
12.210 0.285
-9.185 8.268
1.072 -12.588
7.728 10.220
-12.825 -2.209
11.336 -6.640
-3.522 12.019
-5.918 -11.589
12.251 4.607
-12.148 4.004
5.892 -12.078
4.249 12.741
-11.755 -6.496
13.692 -3.060
-7.522 11.224
-1.118 -12.695
10.779 8.844
-13.178 0.803
9.889 -9.377
-1.179 13.887
-8.820 -11.086
14.236 1.887
-11.065 8.055
2.571 -13.550
7.277 11.929
-12.903 -4.065
13.576 -5.588
-4.907 13.394
-5.183 -13.297
12.879 6.999
-14.220 3.103
7.638 -11.685
3.007 14.152
-11.737 -8.829
14.068 -0.713
-9.474 10.816
0.612 -14.739
10.218 11.069
-14.305 -1.106
11.750 -8.927
-2.794 15.316
-7.813 -12.548
14.692 4.454
-12.924 5.799
5.884 -13.868
6.165 14.124
-13.475 -5.709
14.967 -4.365
-7.828 13.209
-2.923 -14.255
12.605 8.867
-15.722 2.051
10.819 -12.165
0.497 14.847
-10.613 -10.824
15.794 1.087
-12.429 9.213
2.323 -15.267
8.778 13.359
-14.674 -3.776
12.968 -7.506
-5.318 15.636
-6.384 -14.576
14.712 6.230
-14.747 5.718
7.751 -13.919
4.314 15.721
-13.352 -8.015
16.263 -2.628
-10.229 12.447
-1.126 -16.722
12.046 10.916
-16.323 -0.351
12.644 -10.462
-1.072 15.808
-9.493 -13.362
16.070 3.221
-14.153 9.570
5.010 -15.545
7.770 14.928
-15.438 -5.416
15.492 -6.682
-7.149 15.302
-4.849 -16.763
14.409 8.960
-15.834 3.966
9.205 -12.987
2.132 16.068
-13.371 -10.636
16.762 -0.692
-11.854 11.360
0.655 -16.919
10.532 13.811
-17.108 -3.310
14.520 -9.237
-3.459 17.226
-7.631 -15.837
16.530 6.103
-16.180 6.793
7.187 -15.691
5.742 16.808
-15.193 -7.852
16.772 -4.622
-10.131 14.198
-3.053 -17.096
13.795 10.637
-17.632 1.122
12.636 -12.599
-1.354 17.517
-11.816 -14.376
18.441 2.683
-15.457 10.865
3.785 -16.872
9.395 15.737
-17.689 -5.158
16.130 -8.408
-7.296 17.112
-6.630 -17.604
16.281 8.316
-17.363 4.793
8.995 -15.642
3.258 17.527
-15.310 -11.441
18.498 -2.822
-12.221 13.167
-0.608 -18.787
13.468 13.762
-17.547 -1.602
14.185 -11.655
-3.632 19.064
-10.317 -15.438
17.968 4.388
-16.676 9.082
6.910 -18.221
7.881 17.304
-17.832 -7.569
18.618 -5.404
-9.684 16.633
-5.160 -18.685
16.501 10.872
-18.843 2.345
12.526 -14.390
