1.919 -0.227
-0.854 1.251
-0.517 -1.158
1.069 1.363
-2.169 -0.544
2.750 -1.868
-0.361 3.097
-2.288 -2.837
3.275 0.926
-3.164 2.301
0.650 -3.396
2.038 3.072
-3.753 -1.408
4.437 -1.196
-1.933 4.442
-0.959 -4.083
4.185 2.525
-5.836 1.075
3.226 -4.287
1.011 5.346
-4.159 -3.135
6.111 -0.143
-3.643 4.047
0.842 -6.162
4.140 4.866
-5.898 -1.489
4.895 -2.878
-1.016 5.960
-2.454 -5.164
6.093 2.541
-5.249 2.829
2.658 -6.348
2.461 6.421
-5.981 -3.284
7.139 -2.280
-3.416 5.810
-0.874 -7.397
5.939 4.566
-7.951 0.172
5.537 -6.138
-0.127 8.125
-4.410 -6.018
7.479 1.355
-5.967 4.714
1.583 -7.966
4.065 7.225
-7.617 -2.425
6.448 -3.910
-2.303 7.909
-2.570 -7.958
7.539 3.640
-8.423 1.923
4.431 -7.553
1.630 8.250
-6.533 -4.981
8.190 -0.773
-5.813 6.477
-0.149 -9.063
5.717 6.454
-9.669 -0.572
7.478 -5.421
-2.082 9.724
-4.803 -7.915
9.252 3.106
-8.398 4.658
3.115 -8.872
4.405 8.996
-8.442 -4.116
9.135 -2.758
-4.361 8.084
-3.067 -9.995
8.814 4.928
-10.205 1.822
6.606 -8.236
1.276 10.997
-7.709 -7.580
10.457 0.745
-7.583 6.882
1.136 -10.844
6.219 8.807
-10.164 -2.276
9.346 -5.426
-3.837 9.844
-4.913 -10.105
10.833 4.168
-10.225 4.856
5.363 -9.671
3.370 10.550
-10.019 -6.373
10.769 -2.065
-7.485 9.612
-1.337 -10.411
9.244 7.286
-11.895 0.301
8.435 -8.317
-1.054 11.203
-6.325 -8.826
11.123 2.412
-10.155 6.641
2.809 -11.749
5.504 10.521
-11.253 -3.690
11.158 -4.885
-5.539 10.655
-3.893 -11.617
10.513 6.006
-12.484 3.300
7.001 -11.111
2.197 12.796
-9.587 -8.182
12.073 -0.741
-9.176 8.936
-0.208 -12.964
7.885 9.508
-12.114 -1.559
9.999 -7.263
-2.382 12.407
-6.617 -10.972
12.523 3.537
-11.968 5.418
4.759 -11.585
4.674 12.144
-11.702 -5.862
12.500 -2.712
-7.122 11.396
-2.894 -13.115
11.012 7.689
-13.937 1.612
8.654 -10.376
-0.215 12.742
-9.796 -9.923
13.190 0.579
-10.815 8.291
2.624 -13.688
7.613 11.947
-13.961 -3.364
11.847 -6.854
-3.973 13.207
-5.990 -12.624
12.407 5.391
-14.085 4.139
6.280 -12.808
3.765 13.766
-12.077 -8.306
14.467 -1.600
-8.818 10.822
-1.512 -14.388
10.750 10.008
-14.066 -0.761
10.553 -9.766
-2.149 14.594
-9.005 -12.076
14.111 2.596
-12.619 7.650
4.380 -14.941
6.458 13.296
-14.146 -5.965
13.459 -4.416
-7.301 13.177
-4.655 -14.691
12.805 7.086
-15.341 2.776
9.166 -12.318
1.417 14.482
-11.609 -10.136
15.850 -0.396
-12.031 10.968
1.058 -14.818
9.423 11.874
-15.594 -2.732
13.324 -7.864
-3.906 14.940
-7.334 -14.204
14.199 5.289
-13.682 6.110
6.923 -14.994
4.825 15.164
-13.981 -7.734
15.264 -4.146
-9.163 13.033
-2.647 -16.086
12.441 9.367
-16.448 0.913
11.474 -11.309
-0.628 16.748
-10.839 -12.116
16.197 2.055
-13.669 9.083
2.718 -15.610
8.044 14.281
-15.646 -4.883
15.076 -8.038
-6.608 14.937
-6.167 -15.659
14.787 7.000
-16.106 5.026
8.710 -14.471
3.070 17.178
-13.394 -10.417
16.162 -2.289
-10.512 11.954
-0.441 -16.203
12.186 11.976
-16.743 -1.064
12.976 -10.058
-2.420 16.758
-9.031 -14.837
16.668 5.080
-15.406 7.668
5.241 -16.770
5.934 16.548
-15.801 -7.798
16.801 -5.065
-8.788 14.854
-3.953 -17.316
14.289 9.397
-17.163 2.843
11.560 -13.062
1.249 17.322
-12.607 -12.020
17.652 0.728
-13.884 11.209
3.178 -17.280
10.248 15.533
-18.059 -4.596
16.508 -9.190
-5.528 16.384
-7.699 -16.633
17.053 6.979
-16.920 6.676
9.045 -16.255
4.753 18.201
-15.323 -9.972
17.769 -2.951
-10.581 14.616
-1.408 -17.771
14.030 12.978
-18.691 0.873
13.530 -11.818
-1.359 18.748
-11.956 -15.094
17.283 3.428
-15.326 10.108
5.605 -18.579
8.647 16.432
-17.411 -6.242
17.534 -7.289
-8.777 17.399
-6.029 -18.033
16.943 9.391
-19.081 3.429
11.369 -15.530
3.179 19.122
-15.275 -12.537
18.985 -0.362
-13.961 13.002
