1.742 -0.836
-0.403 1.460
-0.864 -0.928
1.453 0.943
-2.228 0.188
1.996 -2.658
0.661 3.047
-3.084 -1.943
3.398 -0.184
-2.248 3.202
-0.485 -3.423
2.923 2.246
-4.007 -0.117
3.811 -2.569
-0.390 4.829
-2.230 -3.553
4.777 1.033
-5.173 2.907
1.664 -5.101
2.688 4.731
-4.950 -1.619
5.736 -2.115
-2.135 5.009
-1.200 -6.102
5.493 3.263
-6.062 0.502
3.698 -4.309
0.970 5.967
-3.995 -4.091
6.588 0.431
-4.050 4.377
0.458 -6.866
4.408 5.278
-6.722 -1.170
6.015 -4.469
-1.350 6.603
-3.223 -6.715
7.098 2.396
-7.467 2.738
3.251 -7.601
2.512 7.728
-6.122 -4.265
7.515 -1.141
-4.118 6.393
-1.082 -8.050
6.186 5.518
-7.992 0.173
4.834 -5.788
0.383 8.229
-5.009 -6.697
8.312 1.002
-7.346 4.547
1.746 -8.581
4.215 7.277
-7.794 -2.597
7.498 -3.384
-3.402 8.011
-3.076 -8.526
7.499 4.254
-9.333 2.590
5.319 -7.551
1.180 9.874
-7.108 -5.933
9.759 -0.059
-6.436 7.127
0.073 -9.403
7.081 7.084
-9.320 -1.160
7.749 -5.569
-1.507 9.061
-6.139 -8.463
9.935 1.807
-9.065 5.029
3.582 -9.931
4.769 9.991
-9.749 -4.674
10.134 -2.682
-4.945 8.967
-2.438 -10.628
8.737 6.318
-10.353 1.139
7.085 -8.161
-0.441 10.556
-7.921 -7.969
11.600 0.435
-8.101 7.907
1.942 -10.887
6.606 8.889
-11.543 -2.784
9.520 -5.442
-3.968 11.519
-4.638 -9.416
11.106 3.899
-11.156 4.138
5.286 -10.601
2.632 10.941
-8.843 -6.302
11.305 -1.321
-7.457 9.573
-1.149 -12.026
8.615 8.171
-11.842 0.154
8.974 -8.236
-1.789 11.875
-7.446 -9.729
11.891 2.277
-10.742 7.166
3.025 -12.779
6.223 11.395
-11.720 -4.636
11.182 -4.612
-5.787 11.427
-4.396 -12.197
10.539 6.442
-11.966 2.449
7.107 -10.110
1.765 12.510
-9.814 -8.237
12.994 -0.710
-9.567 9.003
0.750 -12.502
8.356 9.975
-12.970 -1.756
10.948 -6.615
-3.047 13.089
-6.986 -11.470
12.909 3.707
-12.664 6.040
4.826 -12.620
3.924 12.125
-12.482 -6.215
12.666 -3.725
-7.546 11.348
-1.951 -13.800
11.072 8.837
-14.298 1.339
8.988 -10.322
0.519 13.782
-9.756 -10.003
13.485 1.082
-11.985 8.478
1.793 -14.152
8.021 11.805
-14.116 -3.947
13.169 -6.200
-4.837 13.095
-6.091 -13.123
13.412 5.986
-13.554 3.836
6.820 -12.658
2.694 14.503
-12.431 -8.508
14.191 -2.115
-9.460 11.325
-0.696 -15.554
10.417 10.487
-15.316 -1.061
11.303 -8.538
-2.639 14.832
-9.163 -12.391
14.410 2.556
-13.615 7.596
4.681 -14.623
6.032 13.242
-14.266 -5.829
14.867 -5.509
-7.830 14.273
-3.799 -14.362
12.761 8.181
-15.638 2.467
10.058 -11.755
1.144 15.400
-11.539 -11.062
15.147 0.405
-10.965 10.212
1.693 -16.428
9.477 12.783
-15.732 -2.788
13.098 -8.866
-4.448 15.298
-7.715 -14.361
14.805 4.832
-15.265 6.192
7.192 -14.416
4.830 16.049
-14.179 -7.952
15.990 -3.302
-9.989 13.021
-2.485 -15.648
12.236 10.905
-16.384 0.448
11.660 -12.488
-1.413 16.272
-10.907 -12.817
16.257 1.833
-13.610 9.972
3.553 -16.512
8.469 15.258
-16.046 -5.517
14.549 -7.401
-6.073 14.715
-5.666 -15.187
15.408 7.383
-16.185 4.417
9.019 -13.719
3.139 16.639
-13.350 -11.111
17.415 -0.593
-12.092 12.245
-0.474 -17.563
10.974 13.734
-17.475 -2.259
14.255 -10.234
-3.503 16.900
-9.349 -15.102
16.563 4.262
-15.317 8.250
6.705 -16.102
6.793 15.983
-15.821 -7.289
16.936 -5.029
-9.504 15.102
-2.591 -17.378
14.727 11.376
-18.574 1.501
12.641 -14.041
0.077 17.292
-12.671 -13.242
18.394 1.079
-13.846 11.797
3.292 -18.309
10.392 15.680
-17.727 -4.471
15.855 -8.548
-5.276 17.256
-7.088 -16.357
17.478 7.734
-17.401 6.880
8.973 -15.563
4.787 18.177
-16.201 -10.407
17.462 -2.355
-11.225 14.527
-0.715 -19.393
13.504 12.745
-18.494 -0.266
14.228 -12.576
-2.668 19.304
-11.545 -15.108
19.072 3.397
-16.941 9.424
5.726 -18.376
9.201 17.062
-18.512 -6.914
17.844 -6.492
-8.997 16.823
