-1.917 -0.247
1.133 -1.005
0.219 1.249
-0.705 -1.582
1.971 1.056
-3.122 1.142
1.105 -2.916
1.528 3.309
-2.951 -1.696
3.629 -1.461
-1.457 3.135
-1.228 -3.476
3.297 2.280
-4.595 0.079
2.957 -3.838
-0.065 4.194
-3.444 -3.468
5.922 0.379
-4.173 3.371
0.322 -5.432
3.270 4.054
-5.962 -1.350
4.519 -3.038
-2.317 5.771
-2.830 -5.728
5.357 2.881
-5.449 1.599
2.437 -5.533
1.122 5.607
-5.290 -3.949
5.780 -1.465
-4.124 5.509
-0.822 -6.827
5.001 4.642
-7.479 0.472
4.729 -4.803
-0.955 7.387
-4.648 -5.875
7.754 1.770
-6.866 4.604
2.103 -7.850
2.812 6.911
-6.924 -3.136
6.935 -3.118
-3.476 7.341
-2.183 -7.997
6.797 4.208
-7.206 2.221
4.161 -7.109
0.554 8.345
-6.425 -5.367
8.637 0.187
-6.137 6.246
0.429 -8.399
5.122 6.423
-8.131 -1.245
7.216 -4.866
-2.063 8.826
-3.972 -7.653
9.238 2.911
-8.574 3.436
4.389 -8.924
2.730 8.847
-8.217 -5.266
9.279 -2.472
-5.183 7.846
-2.080 -9.798
7.185 6.049
-9.532 0.450
6.199 -6.778
0.539 10.441
-7.348 -6.926
10.342 0.720
-8.413 6.378
1.442 -10.976
5.630 9.229
-9.960 -3.270
9.031 -4.827
-3.743 10.241
-3.886 -10.057
9.303 4.684
-10.386 2.985
6.119 -8.613
2.303 10.997
-9.492 -6.682
11.100 -2.219
-7.558 8.073
-0.699 -11.053
8.165 8.621
-10.948 -0.620
9.601 -7.499
-1.239 10.423
-7.191 -9.318
11.610 2.606
-10.207 6.011
3.752 -10.609
3.984 10.101
-10.201 -5.049
11.467 -3.967
-5.586 10.711
-2.775 -11.545
10.015 6.320
-12.012 2.020
7.968 -8.985
0.946 12.215
-8.733 -8.386
12.911 -0.159
-9.497 9.070
0.987 -12.946
7.305 10.271
-11.890 -2.222
11.076 -6.432
-2.957 12.624
-5.331 -11.143
11.369 4.463
-11.467 4.608
5.333 -11.453
3.745 12.253
-11.284 -6.481
12.927 -2.340
-7.438 10.077
-1.575 -12.917
9.921 8.537
-12.784 -0.415
9.684 -9.318
-0.388 13.425
-8.807 -10.140
13.910 1.832
-10.921 7.955
3.313 -12.306
7.083 12.010
-12.652 -3.775
12.509 -5.407
-5.880 12.636
-4.473 -13.442
12.721 6.664
-13.160 3.762
7.071 -11.841
2.734 13.703
-10.720 -8.251
14.669 -0.583
-9.211 10.892
-0.298 -14.269
9.689 10.998
-14.421 -1.973
11.189 -8.348
-2.039 14.323
-7.988 -12.325
13.457 4.165
-12.614 6.901
5.640 -13.631
5.792 13.906
-13.054 -5.955
14.102 -4.345
-7.887 13.423
-3.025 -14.469
12.267 9.231
-14.129 1.004
10.292 -11.002
0.936 15.383
-10.693 -9.992
15.556 1.045
-11.890 9.714
2.154 -14.391
8.790 12.659
-15.469 -3.477
14.340 -7.706
-4.636 14.114
-6.247 -13.812
14.459 6.448
-14.838 4.381
7.429 -13.539
3.652 15.562
-12.483 -8.589
14.758 -2.592
-10.367 12.856
-0.986 -15.882
11.675 10.907
-15.814 0.302
12.062 -10.408
-1.351 16.246
-9.785 -12.116
16.175 3.121
-13.883 8.173
4.690 -16.090
7.561 14.391
-15.208 -5.939
15.470 -5.480
-6.439 14.477
-4.323 -15.810
13.985 8.547
-16.580 4.123
10.047 -12.877
2.167 16.690
-12.636 -10.392
16.845 -0.951
-11.972 11.913
1.207 -17.409
10.453 13.366
-16.233 -1.717
13.107 -9.033
-3.520 15.822
-8.901 -14.584
15.979 5.111
-15.036 6.594
6.430 -15.664
5.145 16.590
-14.928 -8.987
16.810 -3.684
-9.168 14.988
-1.723 -17.495
13.426 11.412
-17.529 0.819
12.142 -12.266
-0.384 17.758
-11.569 -12.595
17.339 1.423
-14.393 9.852
3.008 -17.104
9.299 14.729
-16.943 -5.006
16.196 -7.489
-7.292 15.985
-6.156 -17.561
16.395 8.857
-18.249 4.891
9.353 -14.544
3.415 18.007
-14.839 -10.923
18.037 -2.353
-12.732 13.562
-0.176 -18.811
12.432 13.404
-17.953 -1.466
13.823 -11.598
-2.964 17.579
-10.446 -16.005
18.341 3.707
-16.002 8.165
5.886 -17.852
7.919 17.552
-15.928 -7.535
17.327 -6.070
-9.963 16.654
-4.384 -18.043
15.366 10.296
-18.782 2.798
12.751 -14.737
1.454 18.958
-14.145 -13.236
19.341 1.323
-14.810 12.292
1.576 -19.320
11.760 15.881
-18.501 -4.273
16.708 -9.209
