-1.605 1.076
0.191 -1.503
0.987 0.796
-1.572 -0.726
2.179 -0.504
-1.597 2.916
-1.089 -2.922
3.330 1.483
-3.337 0.667
1.769 -3.490
0.969 3.319
-3.214 -1.806
3.983 -0.456
-3.405 3.086
-0.303 -4.835
2.713 3.198
-4.876 -0.341
4.705 -3.615
-0.919 5.286
-3.336 -4.299
5.130 0.896
-5.375 2.912
1.399 -5.262
2.058 5.869
-5.902 -2.446
5.928 -1.361
-3.046 4.792
-1.811 -5.768
4.537 3.479
-6.582 0.513
3.384 -4.910
0.526 6.862
-5.115 -4.595
6.820 0.199
-5.316 5.281
0.394 -6.728
4.148 6.187
-7.367 -1.359
7.000 -3.775
-2.133 7.987
-3.588 -7.291
6.668 3.348
-7.275 2.201
3.164 -6.915
2.220 7.813
-6.910 -4.580
7.886 -1.311
-3.959 6.418
-1.552 -8.090
5.913 5.914
-8.370 0.194
6.622 -5.549
-0.504 8.742
-5.210 -6.602
8.085 1.459
-6.938 4.419
2.224 -8.414
4.261 8.000
-8.030 -3.141
8.868 -3.895
-4.188 8.233
-2.576 -9.605
7.881 4.858
-9.651 1.450
5.354 -7.972
1.269 9.317
-8.019 -6.002
9.390 -0.181
-6.876 6.617
0.200 -9.183
7.284 7.501
-10.091 -0.371
8.255 -6.271
-2.129 10.341
-6.145 -9.208
10.316 3.236
-9.648 4.100
3.616 -9.581
3.929 10.171
-9.548 -5.007
10.085 -2.604
-5.848 9.088
-1.069 -10.511
8.977 6.757
-11.543 1.224
6.890 -8.981
-0.369 11.053
-7.806 -7.856
11.822 1.109
-8.646 6.745
2.285 -11.967
5.933 8.659
-11.548 -2.275
10.452 -5.687
-3.720 11.246
-4.165 -10.453
9.651 4.976
-11.001 2.920
6.015 -10.538
2.852 11.739
-9.692 -6.859
11.699 -1.842
-7.708 9.432
0.077 -12.009
8.758 8.568
-12.095 -0.557
9.610 -8.624
-1.171 13.080
-7.785 -10.391
12.262 2.917
-10.410 6.160
4.098 -12.135
6.090 11.446
-11.350 -4.873
11.494 -4.130
-5.593 11.020
-3.532 -12.130
10.889 6.752
-12.760 2.556
8.185 -10.275
1.041 12.481
-9.693 -8.681
13.088 -0.112
-9.892 8.109
1.149 -13.390
8.551 10.357
-13.306 -1.828
11.673 -7.784
-2.977 13.179
-5.613 -11.441
13.241 4.371
-12.006 5.493
5.850 -12.308
3.899 13.381
-12.220 -7.168
13.961 -3.365
-7.424 11.499
-2.479 -13.567
11.083 8.509
-13.501 0.853
10.654 -10.101
0.244 14.263
-9.623 -10.540
14.535 1.893
-12.150 8.015
2.920 -13.651
7.900 12.120
-14.128 -4.012
12.868 -5.730
-4.945 13.501
-4.735 -13.971
13.518 6.648
-13.744 4.118
7.748 -12.558
2.907 15.295
-11.806 -8.894
15.310 -1.134
-9.970 10.063
0.497 -15.057
10.836 10.958
-14.627 -0.475
12.392 -9.460
-2.548 15.141
-7.859 -12.247
14.952 3.735
-13.929 7.573
5.714 -15.244
5.808 13.673
-13.798 -6.277
15.126 -4.672
-8.279 13.070
-3.328 -15.080
12.999 9.304
-15.050 1.760
9.397 -11.671
0.667 16.502
-11.203 -11.301
15.969 0.516
-11.699 10.644
2.220 -15.776
9.684 13.114
-15.343 -2.671
14.226 -8.306
-5.062 15.294
-7.070 -15.196
15.168 5.848
-15.355 5.549
8.030 -14.313
4.691 15.134
-13.667 -9.048
16.152 -2.780
-9.759 14.023
-0.922 -16.307
12.624 11.130
-16.353 0.504
12.048 -11.811
-1.161 16.850
-10.559 -13.894
16.669 3.172
-13.345 9.401
3.912 -15.430
7.774 14.223
-16.303 -5.110
15.389 -6.680
-6.970 14.865
-5.480 -16.021
14.798 9.094
-17.152 3.071
10.222 -13.845
2.974 17.316
-12.821 -12.028
17.619 -0.257
-12.649 12.162
1.057 -17.227
11.408 13.614
-17.001 -1.856
13.984 -10.350
-4.340 16.894
-9.003 -14.851
16.699 4.957
-16.046 7.394
7.253 -16.303
5.043 16.830
-16.199 -9.159
18.170 -4.135
-10.509 15.701
-2.542 -17.104
14.431 11.300
-18.360 1.555
12.022 -13.651
-0.647 18.591
-12.523 -14.038
18.183 1.897
-14.474 10.722
2.761 -17.832
9.349 15.179
-18.402 -5.162
16.242 -9.292
-6.661 16.684
-7.330 -17.309
17.519 7.990
-16.947 4.822
9.039 -15.980
3.474 19.093
-15.183 -10.688
18.343 -2.375
-12.289 14.477
-0.113 -19.487
13.582 13.307
-19.361 -0.642
15.424 -11.744
-3.046 19.004
-11.541 -15.575
19.309 4.203
-16.735 8.971
6.506 -17.935
