-4.08651, -15.71499
-0.81051, -17.61590
5.10793, -17.95960
7.55020, -17.76651
5.18884, -16.09803
8.29530, -15.38158
8.60100, -13.64241
6.13225, -14.13097
1.25509, -19.41960
-0.90517, -15.83479
0.84486, -15.56605
2.02204, -12.41781
0.03376, -12.10074
-0.51446, -13.97080
-3.14943, -12.59250
-2.32027, -14.73146
11.18924, -10.71580
12.90652, -11.27563
12.13422, -7.38390
10.02699, -9.41528
11.59058, -5.53465
9.80072, -7.34199
8.10581, -9.42803
8.06895, -11.94234
6.04421, -12.08801
4.30504, -12.45267
3.22769, -13.92455
3.34879, -16.23282
1.28412, -17.55127
10.50847, -14.68308
10.37096, -12.77647
14.01806, -12.75605
2.63080, -8.39808
1.00635, -9.40110
3.05354, -10.67096
-1.33636, -10.84611
-0.27099, -8.18749
1.18771, -6.79894
-0.57984, -6.21904
-1.83492, -3.77419
4.58950, -9.58059
6.30509, -10.05055
7.86069, -7.43940
6.06093, -7.01325
5.41995, -5.33463
4.12878, -3.96796
4.02016, -7.25744
2.15169, -4.93305
18.44786, -4.71175
17.35829, -3.33221
15.24643, -5.97572
15.35151, -4.04140
12.97696, -2.49611
11.59607, -3.51163
13.76544, -4.91033
13.93955, -7.56429
-3.53985, -4.51288
-2.49814, -7.01197
-2.19678, -8.81597
-5.22068, -9.08699
-3.64527, -9.85391
15.22939, -8.78257
15.45840, -11.18146
16.66381, -6.93065
5.95323, -1.55034
4.06286, -2.23945
6.47846, -3.86947
14.37288, -0.74222
16.28705, -1.71298
17.66274, -0.63284
17.40239, 1.09724
18.23709, 2.89281
8.30935, -4.81749
10.05201, -4.50191
7.83825, -2.67929
10.38577, -1.69123
9.77308, 0.90885
7.60893, -0.43849
6.54870, 1.04155
3.39355, 0.12109
10.70126, 4.95461
7.07922, 4.98836
8.11519, 7.14238
6.34937, 7.70315
5.66166, 6.07891
5.20528, 3.77871
2.74078, 2.51025
4.68095, 1.47911
15.06008, 1.87410
13.33212, 2.39423
11.56340, 1.57184
13.04841, 0.54696
11.39705, -0.20321
6.87033, 3.07837
8.19787, 1.78117
9.75775, 2.76817
9.90671, 7.44481
12.50384, 4.93313
11.62802, 3.41061
10.19023, 9.84983
11.92521, 9.38742
11.13516, 12.02574
13.56144, 12.77626
12.22398, 13.96610
14.10550, 3.94497
16.04788, 3.41723
18.70602, 5.25546
16.11274, 5.85426
16.66309, 9.42338
14.29625, 6.22072
14.63026, 8.87414
12.75799, 7.24487
4.75262, 13.73552
8.19682, 13.63600
6.95092, 15.98964
5.23168, 16.55556
7.50634, 17.86333
2.97625, 18.56525
3.28711, 16.40599
1.56816, 11.11480
9.56998, 14.72500
8.82052, 16.58216
9.37747, 11.47547
7.31818, 10.70869
7.81331, 8.93473
2.72183, 12.40304
5.09923, 11.91835
6.84934, 12.49883
-5.15390, 16.43346
-4.04133, 14.47627
-4.26805, 12.67523
-8.61449, 10.52021
-9.18740, 13.41414
-6.87772, 10.77254
-6.09284, 12.53633
-5.91470, 14.76766
-2.92818, 11.59052
-0.81474, 13.75810
1.28330, 14.71748
-0.34841, 15.39935
1.49802, 16.87544
-1.63436, 17.20147
-2.99994, 16.00073
-4.53021, 18.96470
3.89212, 5.67199
3.47397, 7.64923
5.73527, 9.47311
3.79253, 10.36085
0.55245, 12.63492
-1.43292, 10.40536
0.24641, 9.91142
0.39863, 5.99600
-7.47975, 14.00114
-6.92878, 16.63087
-10.60617, 15.87620
-10.91944, 14.07848
-12.58650, 13.29553
-11.19104, 11.92699
2.25155, 4.92907
1.73466, 7.91305
-8.35704, 8.74408
-7.10602, 6.43622
-8.82497, 6.99715
-14.27468, 6.17198
-11.35617, 6.02107
-12.76051, 7.22400
-10.36394, 7.98580
-10.52435, 10.35607
-4.70172, 5.95412
-2.57714, 4.76134
-1.96222, 6.42417
-4.15119, 7.62838
-0.40309, 8.22353
-2.36440, 8.85493
-5.09718, 11.04027
-5.75327, 8.40935
1.36379, 1.07122
0.40635, 3.08522
-0.51931, 1.37145
-0.83297, 4.70778
-2.53422, 2.94372
-2.21239, -0.09581
-2.83449, -2.26954
-0.11039, -3.51136
-11.89600, 9.06460
-13.20341, 10.97926
-14.92308, 10.33787
-14.53769, 8.53581
-17.76074, 7.68308
-0.69843, -1.06790
2.29534, -2.50020
1.83454, -0.71059
-11.50657, 2.95112
-10.41645, 0.06862
-11.79445, -1.06394
-15.80228, 0.88725
-14.30119, -0.13508
-12.12786, 1.20258
-13.83434, 2.43640
-13.20103, 4.74302
-3.91921, -0.51667
-6.04366, -0.11546
-5.43392, 2.35666
-4.46008, 3.92582
-7.68879, 1.93759
-7.76226, 3.76703
-9.48589, 4.07084
-9.52223, 1.64611
-5.67287, -4.87469
-4.75566, -2.11561
-6.55661, -1.83258
-7.96065, -0.63825
-7.43766, -3.36842
-9.10853, -2.08262
-9.19737, -5.65021
-8.13896, -7.16742
-15.78607, 4.61324
-16.06747, 6.67026
-17.97129, 5.10384
-16.47862, 2.77515
-18.62380, -0.36077
-7.05729, -8.75638
-6.49742, -6.63500
-4.30292, -7.16412
-17.15466, -4.04217
-17.17560, -6.25523
-15.33861, -4.36037
-12.13424, -12.42456
-10.35226, -12.17458
-8.93102, -9.19027
-11.52297, -9.74720
-11.78354, -7.44854
-15.43704, -7.12895
-13.61715, -5.34508
-11.19389, -5.77498
-11.22585, -3.91545
-12.69900, -3.04113
-15.11977, -2.60928
-16.30897, -1.21177
-18.36853, -2.14745
-5.78965, -12.14252
-6.41942, -10.41616
-8.68328, -10.96478
-7.83057, -13.26203
-9.55763, -13.84936
-11.27405, -14.46773
-9.92432, -16.18255
-7.75291, -16.02364
-13.28429, -9.37168
-13.60887, -7.25490
-15.02165, -8.85852
-17.73397, -8.74576
-15.06363, -12.00743
-5.38432, -17.02895
-6.24527, -15.08840
-4.74313, -13.66865
