1.499 -1.220
-0.051 1.514
-1.057 -0.701
1.633 0.578
-2.123 0.703
1.321 -3.051
1.354 2.809
-3.452 -1.170
3.261 -0.973
-1.439 3.638
-1.271 -3.215
3.367 1.502
-3.924 0.822
3.106 -3.388
0.748 4.787
-2.997 -2.934
4.886 -0.110
-4.351 4.034
0.427 -5.348
3.718 3.972
-5.191 -0.419
5.083 -3.396
-0.907 5.369
-2.591 -5.653
6.103 1.890
-5.777 1.903
2.590 -5.053
2.336 5.576
-4.839 -3.045
6.506 -1.119
-2.916 5.201
-1.157 -6.784
5.518 4.103
-6.810 0.432
4.806 -5.750
0.229 6.736
-4.701 -5.778
7.461 0.673
-6.621 4.406
1.386 -8.150
4.247 6.929
-6.948 -2.718
7.041 -2.864
-2.512 7.177
-2.932 -7.575
7.303 3.922
-7.731 2.034
3.349 -6.756
2.293 7.912
-6.434 -5.342
8.316 -0.966
-6.081 6.136
-0.306 -8.751
5.797 6.092
-8.185 -0.706
6.500 -5.041
-1.438 8.584
-4.982 -7.572
8.285 2.386
-8.471 4.698
3.409 -8.584
3.452 9.326
-8.296 -4.109
9.476 -2.335
-4.594 8.433
-2.124 -9.160
8.540 5.236
-9.333 1.048
6.235 -7.224
0.649 9.162
-7.945 -6.796
10.082 -0.562
-7.641 7.006
1.164 -10.493
6.970 8.601
-10.571 -2.269
9.228 -4.974
-2.715 9.874
-4.852 -9.765
9.970 4.104
-9.802 3.524
4.984 -9.589
2.035 10.367
-9.562 -5.899
11.381 -2.285
-6.031 9.580
-0.654 -11.040
8.499 7.101
-11.874 -0.012
7.986 -7.514
-1.169 12.127
-6.708 -8.074
11.709 1.198
-9.882 6.628
2.665 -11.542
5.113 10.024
-10.069 -4.063
10.684 -3.924
-5.016 11.049
-3.924 -11.425
10.284 5.935
-11.479 2.914
6.803 -10.103
1.032 11.964
-9.512 -7.722
12.094 -0.562
-8.772 9.475
-0.042 -13.133
8.711 9.627
-12.479 -1.772
9.797 -7.095
-2.959 12.462
-7.122 -10.834
11.752 3.803
-11.063 5.174
4.551 -11.490
4.637 11.752
-11.466 -5.718
12.469 -3.724
-7.201 10.987
-2.189 -12.332
10.454 7.749
-13.022 1.320
9.101 -8.988
0.093 13.438
-9.471 -9.522
13.418 0.591
-10.904 8.829
1.747 -13.398
6.646 10.874
-13.588 -3.129
11.447 -6.579
-4.688 12.796
-5.119 -12.963
12.829 6.008
-13.590 4.640
6.330 -12.135
3.722 13.280
-11.822 -7.449
13.365 -2.096
-9.675 11.042
-1.561 -14.179
10.555 9.606
-14.648 -0.542
11.358 -9.103
-1.646 13.862
-8.986 -11.339
14.438 2.690
-12.284 6.894
3.677 -13.901
6.005 13.474
-14.074 -5.371
13.305 -5.370
-6.555 13.220
-4.308 -14.961
12.577 7.766
-15.140 2.544
8.997 -10.940
0.896 15.038
-11.802 -9.910
14.609 -0.878
-11.466 10.564
1.138 -15.312
8.957 11.468
-15.233 -2.338
13.170 -8.828
-4.281 15.707
-7.047 -13.078
14.319 4.976
-14.630 6.049
7.036 -13.779
4.707 14.708
-13.803 -8.063
14.823 -3.143
-8.278 12.490
-2.189 -16.369
12.199 10.218
-15.948 0.961
10.666 -11.679
-0.754 15.914
-10.854 -12.163
15.524 1.242
-13.398 9.585
3.628 -15.697
8.443 14.478
-15.644 -4.422
14.777 -6.943
-6.674 14.993
-6.069 -14.636
14.444 7.747
-15.827 4.261
8.422 -14.865
2.424 16.152
-13.598 -9.917
16.236 -2.013
-10.906 12.874
-0.400 -16.885
11.797 12.859
-16.891 -1.619
12.419 -10.593
-2.470 15.726
-9.054 -13.444
16.706 3.582
-14.707 8.073
5.567 -15.446
6.936 15.446
-15.575 -7.688
16.795 -4.642
-8.899 14.730
-4.561 -16.967
13.877 10.793
-17.520 1.883
11.472 -13.279
0.539 17.251
-12.617 -12.502
17.100 0.278
-12.968 11.597
2.761 -17.222
10.336 13.956
-17.085 -3.394
15.294 -8.844
-5.716 16.903
-6.576 -16.293
16.976 7.623
-17.711 5.796
9.014 -16.604
4.111 16.796
-15.413 -9.918
18.138 -3.244
-10.709 14.703
-1.073 -18.571
13.766 12.821
-18.280 -0.209
13.422 -12.013
-1.102 18.011
-10.711 -14.250
18.800 3.440
-15.314 10.752
5.092 -17.228
8.898 16.558
-18.183 -6.338
16.429 -6.367
-7.524 16.747
-5.223 -18.691
16.106 9.240
-18.045 4.059
10.899 -15.550
1.912 19.393
-14.753 -11.996
19.338 -1.149
-14.273 13.119
1.278 -19.204
12.930 14.442
-19.615 -2.401
15.835 -10.478
-4.821 18.459
