3.38256, -15.88139
7.16296, -16.11425
12.60885, -13.77153
14.70616, -12.50532
11.84766, -12.07077
14.30452, -10.03921
13.79913, -8.34724
11.81045, -9.88950
9.81755, -16.80214
6.28081, -14.56404
7.72528, -13.54016
7.36820, -10.19805
5.44841, -10.80481
5.79555, -12.72240
2.82233, -12.66983
4.52147, -14.21112
14.80301, -4.57150
16.58918, -4.30314
14.15607, -1.16913
13.18145, -3.92903
12.84196, 0.24095
12.05080, -2.17651
11.46933, -4.80066
12.56217, -7.06535
10.81697, -8.10220
9.42516, -9.20699
9.12090, -11.00546
10.26272, -13.01520
9.00694, -15.11856
15.97068, -8.42368
14.99402, -6.78044
18.24595, -5.12916
6.11266, -6.33121
5.10926, -7.95543
7.50835, -8.17423
3.66154, -10.29646
3.42371, -7.44222
4.10628, -5.54749
2.26617, -5.82041
0.04923, -4.19631
8.39352, -6.51153
10.13795, -6.16358
10.35973, -3.13227
8.55966, -3.55709
7.23490, -2.34315
5.46846, -1.69927
6.84422, -4.68921
4.13276, -3.44747
18.60496, 4.04717
17.01301, 4.79282
16.30834, 1.48351
15.53619, 3.26014
12.72106, 3.57865
11.94104, 2.05231
14.50707, 1.77301
15.85108, -0.52208
-1.14448, -5.62021
0.90595, -7.38835
1.98317, -8.86647
-0.59931, -10.46278
1.15275, -10.44312
17.54990, -1.03388
18.82879, -3.07631
18.00328, 1.26430
6.01728, 1.27937
4.63556, -0.18323
7.52533, -0.55912
13.18391, 5.77193
15.33014, 5.76101
16.07658, 7.34279
15.06912, 8.77318
15.01149, 10.75244
9.58692, -0.58699
11.00382, 0.47548
8.20828, 1.11395
10.04375, 3.13810
8.33169, 5.18864
6.99990, 3.01489
5.38919, 3.86354
2.98014, 1.62776
7.35011, 9.22177
4.09633, 7.63014
4.05817, 10.02004
2.22816, 9.73079
2.34051, 7.97055
2.96237, 5.70946
1.32670, 3.47176
3.52320, 3.41849
12.62689, 8.41902
10.84893, 8.11038
9.63566, 6.58308
11.42239, 6.33161
10.28171, 4.92143
4.76476, 5.82879
6.53263, 5.26331
7.48547, 6.84429
5.52465, 11.09263
8.97151, 10.00969
8.87011, 8.25617
4.70128, 13.37004
6.45968, 13.73342
4.57191, 15.73873
6.40533, 17.49620
4.67668, 17.96125
10.84609, 9.84328
12.81918, 10.24112
14.37289, 13.07498
11.78597, 12.44924
10.67997, 15.88701
9.99767, 11.96356
9.10823, 14.48568
8.16366, 12.19054
-1.90063, 14.40970
1.22358, 15.86289
-0.94431, 17.40954
-2.73497, 17.14575
-1.28664, 19.33360
-5.65154, 17.93284
-4.40675, 16.14132
-3.57457, 10.64050
1.96379, 17.45147
0.46209, 18.77648
3.24666, 14.45968
1.74866, 12.85200
2.98570, 11.48751
-3.11984, 12.30896
-0.77705, 12.94007
0.52790, 14.24273
-11.96661, 12.38634
-10.09546, 11.13448
-9.49175, 9.42255
-12.41321, 5.54948
-14.22125, 7.88057
-10.97325, 6.55275
-11.06120, 8.48128
-11.90101, 10.55620
-7.80800, 9.05259
-6.88881, 11.93706
-5.44242, 13.73431
-7.20673, 13.61339
-6.21667, 15.76000
-9.16349, 14.64897
-9.84688, 12.96387
-12.54233, 14.92892
0.94047, 6.81437
-0.31875, 8.39510
0.88654, 11.03844
-1.24806, 10.96233
-5.16343, 11.54493
-5.94035, 8.66239
-4.21760, 8.97267
-2.32832, 5.53984
-12.95718, 9.17005
-13.64202, 11.76814
-16.59227, 9.44676
-16.06743, 7.69905
-17.20747, 6.25254
-15.34694, 5.65368
-0.19380, 5.41551
-1.99209, 7.85219
-11.38773, 4.07661
-9.23576, 2.57319
-11.02392, 2.30507
-15.52733, -0.87292
-12.85016, 0.29894
-14.64447, 0.74574
-12.84267, 2.49998
-14.04741, 4.54755
-6.87008, 3.21866
-4.43629, 3.10344
-4.63100, 4.86559
-7.12748, 4.96221
-4.04258, 7.17261
-6.07901, 6.85899
-9.50105, 7.58939
-8.90967, 4.94318
0.73979, 1.56848
-1.01810, 2.94061
-1.07842, 0.99376
-2.85276, 3.83651
-3.58406, 1.49742
-1.93532, -1.07629
-1.51827, -3.29849
1.47354, -3.18912
-14.69562, 2.77861
-16.72195, 3.90521
-17.97241, 2.56170
-16.82092, 1.12295
-19.32100, -1.08268
-0.14635, -1.26760
3.17187, -1.20781
1.95854, 0.18606
-11.61004, -2.51341
-9.34463, -4.60270
-10.06967, -6.23240
-14.52695, -6.28228
-12.72698, -6.52427
-11.38264, -4.35507
-13.46095, -4.01593
-13.92749, -1.66989
-3.27303, -2.21684
-5.35227, -2.80934
-5.91398, -0.32587
-5.74582, 1.51324
-7.74254, -1.71022
-8.62738, -0.10731
-10.30461, -0.60744
-9.25140, -2.79179
-2.88973, -6.89880
-3.30502, -4.02107
-5.04207, -4.57439
-6.83227, -4.13514
-5.14217, -6.34217
-7.21192, -5.94061
-5.69394, -9.17037
-4.06821, -10.05307
-16.18080, -2.94341
-17.35347, -1.23012
-18.35439, -3.48319
-15.97703, -4.89704
-16.49101, -8.66155
-2.38955, -10.98952
-2.83881, -8.84199
-0.63967, -8.33250
-13.52899, -11.29548
-12.55680, -13.28367
-11.76269, -10.76685
-5.28668, -16.54269
-3.80524, -15.52127
-3.87068, -12.21647
-5.93891, -13.87501
-7.20115, -11.93633
-10.61104, -13.28645
-9.78252, -10.87653
-7.42326, -10.17589
-8.28447, -8.52749
-9.99317, -8.40533
-12.35107, -9.10311
-14.04016, -8.38600
-15.46276, -10.14483
0.26008, -13.44966
-1.07602, -12.18800
-2.85462, -13.69222
-1.06355, -15.36451
-2.34482, -16.66298
-3.60269, -17.98444
-1.62799, -18.91340
0.24244, -17.79904
-7.68194, -14.32789
-8.91999, -12.58050
-9.46519, -14.64696
-11.94091, -15.76061
-8.09277, -17.48137
2.81046, -17.63738
1.17173, -16.28773
1.87917, -14.34566
