1.460 -1.266
-0.003 1.515
-1.078 -0.668
1.650 0.526
-2.100 0.769
1.224 -3.091
1.442 2.765
-3.487 -1.061
3.229 -1.075
-1.324 3.682
-1.371 -3.174
3.412 1.395
-3.896 0.945
2.998 -3.484
0.898 4.761
-3.088 -2.838
4.880 -0.264
-4.223 4.169
0.259 -5.359
3.841 3.854
-5.202 -0.255
4.974 -3.554
-0.738 5.394
-2.767 -5.569
6.160 1.698
-5.715 2.084
2.430 -5.132
2.510 5.500
-4.933 -2.892
6.468 -1.323
-2.752 5.290
-1.370 -6.744
5.644 3.928
-6.793 0.646
4.623 -5.898
0.440 6.725
-4.881 -5.627
7.478 0.438
-6.480 4.612
1.130 -8.189
4.462 6.792
-7.030 -2.498
6.948 -3.084
-2.285 7.253
-3.168 -7.479
7.423 3.690
-7.663 2.276
3.135 -6.858
2.540 7.836
-6.599 -5.137
8.282 -1.227
-5.885 6.324
-0.581 -8.737
5.986 5.907
-8.203 -0.448
6.339 -5.243
-1.167 8.625
-5.217 -7.412
8.356 2.125
-8.319 4.961
3.138 -8.687
3.743 9.213
-8.421 -3.847
9.398 -2.632
-4.327 8.573
-2.410 -9.089
8.700 4.965
-9.296 1.340
6.005 -7.416
0.937 9.137
-8.155 -6.543
10.060 -0.879
-7.417 7.243
0.834 -10.524
7.236 8.378
-10.637 -1.936
9.067 -5.261
-2.404 9.954
-5.156 -9.608
10.094 3.789
-9.686 3.830
4.680 -9.741
2.360 10.298
-9.743 -5.596
11.303 -2.642
-5.728 9.764
-1.000 -11.014
8.717 6.831
-11.869 0.361
7.746 -7.762
-0.788 12.157
-6.958 -7.859
11.741 0.830
-9.669 6.935
2.302 -11.620
5.425 9.858
-10.192 -3.745
10.556 -4.257
-4.666 11.201
-4.281 -11.296
10.466 5.609
-11.381 3.274
6.483 -10.312
1.408 11.926
-9.750 -7.419
12.071 -0.942
-8.470 9.746
-0.454 -13.125
9.009 9.349
-12.528 -1.379
9.569 -7.399
-2.566 12.549
-7.458 -10.605
11.866 3.432
-10.895 5.519
4.188 -11.627
5.004 11.601
-11.640 -5.355
12.346 -4.114
-6.853 11.208
-2.575 -12.257
10.692 7.416
-12.974 1.729
8.814 -9.269
0.515 13.429
-9.766 -9.220
13.429 0.170
-10.621 9.167
1.325 -13.446
6.984 10.660
-13.679 -2.701
11.235 -6.935
-4.284 12.937
-5.523 -12.796
13.012 5.602
-13.438 5.065
5.946 -12.328
4.137 13.156
-12.050 -7.074
13.292 -2.515
-9.323 11.340
-2.005 -14.123
10.852 9.270
-14.657 -0.082
11.066 -9.455
-1.210 13.907
-9.338 -11.051
14.516 2.235
-12.061 7.277
3.239 -14.009
6.426 13.278
-14.236 -4.926
13.130 -5.785
-6.137 13.420
-4.775 -14.819
12.815 7.367
-15.053 3.018
8.649 -11.218
1.368 15.003
-12.108 -9.535
14.574 -1.337
-11.128 10.919
0.657 -15.340
9.312 11.181
-15.299 -1.858
12.887 -9.237
-3.786 15.834
-7.454 -12.850
14.468 4.524
-14.433 6.506
6.600 -13.993
5.167 14.553
-14.049 -7.626
14.717 -3.607
-7.882 12.743
-2.702 -16.293
12.514 9.829
-15.910 1.462
10.294 -12.008
-0.253 15.930
-11.231 -11.816
15.555 0.754
-13.091 10.001
3.133 -15.803
8.894 14.205
-15.775 -3.928
14.552 -7.404
-6.199 15.196
-6.526 -14.438
14.680 7.290
-15.685 4.756
7.951 -15.122
2.930 16.068
-13.902 -9.485
16.165 -2.522
-10.496 13.210
-0.930 -16.864
12.195 12.482
-16.933 -1.087
12.081 -10.978
-1.975 15.796
-9.472 -13.153
16.810 3.056
-14.446 8.531
5.079 -15.613
7.418 15.221
-15.809 -7.195
16.641 -5.167
-8.432 15.002
-5.091 -16.816
14.209 10.352
-17.452 2.432
11.049 -13.633
1.081 17.225
-13.003 -12.100
17.100 -0.259
-12.597 11.999
2.219 -17.301
10.770 13.624
-17.184 -2.855
15.009 -9.320
-5.183 17.074
-7.084 -16.078
17.207 7.086
-17.520 6.349
8.488 -16.879
4.637 16.658
-15.717 -9.429
18.027 -3.813
-10.242 15.032
-1.656 -18.528
14.162 12.382
-18.278 0.365
13.038 -12.429
-0.536 18.036
-11.153 -13.907
18.899 2.848
-14.969 11.228
4.548 -17.379
9.413 16.270
-18.373 -5.764
16.221 -6.880
-6.994 16.975
-5.807 -18.517
16.388 8.730
-17.909 4.624
10.405 -15.885
2.521 19.324
-15.122 -11.526
19.292 -1.756
-13.854 13.561
0.674 -19.235
13.377 14.029
-19.680 -1.784
15.498 -10.971
-4.239 18.601
