-1.932 -0.029
1.012 -1.127
0.359 1.216
-0.879 -1.492
2.078 0.826
-2.973 1.488
0.768 -3.022
1.893 3.115
-3.124 -1.351
3.441 -1.862
-1.093 3.280
-1.614 -3.314
3.534 1.892
-4.557 0.599
2.504 -4.148
0.410 4.174
-3.814 -3.056
5.927 -0.293
-3.765 3.822
-0.295 -5.433
3.708 3.657
-6.077 -0.666
4.146 -3.530
-1.649 5.996
-3.460 -5.371
5.649 2.256
-5.232 2.206
1.795 -5.773
1.750 5.444
-5.703 -3.325
5.577 -2.110
-3.474 5.940
-1.590 -6.690
5.494 4.046
-7.377 1.316
4.155 -5.307
-0.112 7.448
-5.283 -5.311
7.904 0.881
-6.300 5.352
1.201 -8.037
3.576 6.548
-7.235 -2.332
6.538 -3.884
-2.623 7.687
-3.074 -7.699
7.230 3.411
-6.908 3.023
3.329 -7.535
1.495 8.228
-6.992 -4.605
8.603 -0.792
-5.391 6.900
-0.525 -8.393
5.816 5.802
-8.220 -0.317
6.619 -5.652
-1.051 9.003
-4.813 -7.154
9.509 1.846
-8.130 4.385
3.350 -9.363
3.714 8.481
-8.760 -4.302
8.940 -3.507
-4.261 8.382
-3.176 -9.500
7.823 5.197
-9.420 1.526
5.392 -7.436
1.718 10.313
-8.085 -6.050
10.357 -0.456
-7.637 7.290
0.190 -11.069
6.639 8.533
-10.266 -2.122
8.427 -5.819
-2.560 10.599
-5.000 -9.553
9.774 3.601
-9.982 4.142
5.105 -9.250
3.533 10.666
-10.187 -5.565
10.778 -3.461
-6.595 8.877
-1.946 -10.903
9.089 7.642
-10.948 0.623
8.691 -8.538
-0.051 10.496
-8.199 -8.445
11.831 1.275
-9.461 7.128
2.527 -10.965
5.102 9.585
-10.707 -3.862
10.945 -5.240
-4.338 11.275
-4.064 -11.157
10.667 5.146
-11.706 3.367
6.900 -9.829
2.323 12.029
-9.626 -7.343
12.810 -1.620
-8.409 10.087
-0.485 -12.975
8.421 9.378
-12.065 -0.862
10.277 -7.644
-1.509 12.877
-6.558 -10.468
11.801 3.148
-10.872 5.877
4.002 -11.983
5.108 11.750
-11.946 -5.162
12.579 -3.788
-6.250 10.854
-3.027 -12.655
10.824 7.359
-12.749 1.035
8.567 -10.354
1.134 13.382
-9.898 -9.078
14.028 0.245
-9.950 9.141
1.898 -12.602
8.397 11.131
-12.998 -2.318
11.816 -6.788
-4.411 13.221
-5.966 -12.849
13.393 5.181
-12.649 5.227
5.685 -12.565
4.268 13.305
-11.585 -6.985
14.509 -2.239
-7.919 11.865
-1.911 -14.143
10.872 9.831
-14.551 -0.328
10.172 -9.561
-0.405 14.462
-9.332 -11.341
13.842 2.615
-11.752 8.285
4.060 -14.182
7.329 13.161
-13.644 -4.439
13.519 -5.914
-6.317 14.230
-4.643 -14.034
13.233 7.783
-13.925 2.597
8.980 -12.096
2.671 15.178
-11.755 -8.718
15.574 -0.723
-10.714 10.998
0.511 -14.543
10.166 11.582
-15.763 -1.703
13.376 -9.280
-3.008 14.548
-7.770 -13.016
15.096 4.770
-14.247 6.033
5.848 -14.293
5.391 15.049
-13.375 -7.121
14.370 -4.246
-8.845 13.947
-2.777 -15.668
12.835 9.515
-15.678 2.090
10.807 -11.706
0.497 16.294
-11.093 -10.930
16.424 1.270
-12.868 9.693
2.838 -16.518
9.142 13.443
-15.783 -4.180
14.750 -7.196
-4.759 15.113
-6.085 -15.219
14.862 6.909
-16.007 5.973
8.525 -13.931
4.042 16.337
-13.731 -8.895
16.629 -2.852
-10.547 13.192
-0.771 -17.434
11.899 12.097
-16.323 0.132
12.001 -10.459
-1.706 16.119
-10.495 -13.482
16.455 3.269
-14.193 8.254
4.615 -16.291
6.990 15.901
-15.850 -7.240
16.285 -5.563
-7.413 15.929
-3.693 -17.188
14.631 9.819
-17.323 2.798
10.676 -13.561
1.629 17.687
-12.921 -11.205
17.388 -0.548
-13.186 11.418
1.052 -17.335
10.907 13.582
-17.401 -3.056
15.244 -9.274
-5.435 16.708
-8.104 -16.752
17.293 6.944
-17.578 6.926
7.647 -15.509
5.431 17.505
-15.980 -9.173
17.655 -4.379
-11.115 14.916
-2.304 -18.670
13.869 11.911
-18.004 0.575
12.421 -13.089
-0.955 17.801
-12.190 -14.720
18.643 1.607
-14.974 9.924
3.827 -18.403
9.855 16.543
-16.678 -5.683
16.528 -7.992
-8.013 17.675
-6.398 -17.431
16.432 8.490
-18.345 4.906
11.001 -16.085
3.591 18.672
-15.552 -11.550
19.367 -0.875
-13.323 13.890
-0.622 -19.375
13.482 14.447
-18.866 -2.152
15.558 -11.041
