1.037 1.631
-1.498 -0.227
0.820 -0.968
-0.765 1.554
-0.451 -2.190
2.876 1.668
-2.947 1.018
1.564 -3.292
0.586 3.353
-3.445 -1.853
3.342 -0.887
-1.884 3.169
-0.359 -3.993
3.002 3.480
-4.841 0.185
3.264 -2.635
-0.460 4.866
-3.499 -4.792
5.262 1.048
-4.379 3.230
1.021 -5.107
2.779 5.445
-5.226 -1.527
5.917 -1.914
-2.589 5.841
-1.216 -5.960
4.716 3.162
-5.811 1.669
3.589 -4.451
0.352 6.592
-4.826 -3.503
6.872 -0.358
-4.719 5.002
0.365 -6.814
5.150 5.444
-6.717 -0.559
6.287 -3.995
-1.539 7.332
-3.603 -7.090
7.932 2.328
-7.377 3.409
3.510 -6.584
2.023 7.327
-6.835 -3.332
7.865 -2.028
-4.747 6.796
-1.118 -7.915
6.319 4.114
-8.125 1.354
6.056 -5.767
-0.010 8.372
-5.385 -6.756
8.727 0.717
-6.727 5.047
1.656 -8.047
4.248 7.044
-8.358 -2.429
8.101 -4.064
-3.337 7.950
-3.677 -8.961
8.128 4.388
-9.665 2.340
5.049 -7.760
1.214 9.684
-7.839 -5.547
9.346 -1.041
-6.196 7.870
0.048 -9.392
6.447 7.035
-9.175 -0.424
7.677 -7.098
-0.618 10.079
-6.067 -8.406
10.285 2.381
-9.356 5.919
3.487 -10.234
3.863 9.745
-9.490 -3.849
10.264 -3.679
-5.239 9.423
-2.356 -10.146
8.942 6.069
-10.534 0.812
6.975 -8.809
0.942 11.569
-8.810 -7.108
11.041 0.639
-8.044 7.612
1.397 -11.792
6.531 8.808
-11.907 -2.576
8.801 -5.720
-2.556 11.489
-5.430 -10.588
11.152 3.994
-10.552 3.909
5.210 -9.527
2.650 11.069
-10.388 -6.271
11.805 -2.564
-7.094 9.522
-1.555 -11.740
9.241 7.936
-12.003 -0.371
8.779 -8.546
-0.853 12.077
-8.387 -9.818
13.048 1.491
-10.578 7.529
3.215 -12.187
5.904 10.557
-12.031 -4.393
11.591 -5.809
-5.148 11.228
-3.848 -11.591
10.880 5.860
-12.213 3.234
7.016 -10.721
2.244 12.818
-10.072 -8.434
12.503 -0.735
-8.915 9.478
0.208 -13.087
7.865 10.087
-13.357 -1.475
10.562 -8.295
-2.153 13.257
-7.497 -11.859
13.103 3.298
-11.575 5.332
4.693 -13.130
5.198 12.136
-12.161 -6.149
13.472 -3.571
-7.464 12.041
-3.023 -14.039
11.314 7.702
-13.623 2.147
8.777 -10.872
0.523 13.518
-9.838 -10.897
14.264 0.104
-10.772 9.363
2.248 -14.484
7.715 12.342
-13.576 -3.252
12.310 -7.602
-4.356 14.026
-5.414 -13.004
13.377 5.274
-14.082 4.392
6.976 -13.351
3.781 13.841
-12.365 -8.053
15.362 -2.533
-9.180 11.585
-0.760 -15.334
9.816 10.212
-15.040 -0.865
11.219 -10.565
-0.832 14.611
-9.155 -12.620
15.075 2.917
-12.435 7.557
4.099 -14.856
7.231 14.110
-15.100 -6.085
13.811 -5.473
-6.613 13.640
-4.301 -15.236
12.864 8.595
-15.157 2.959
9.618 -12.768
1.392 15.088
-11.438 -9.679
16.513 -0.264
-11.571 10.923
0.906 -15.951
10.355 11.956
-15.717 -2.605
13.346 -9.361
-3.045 15.273
-7.956 -14.425
15.166 5.434
-15.364 6.697
6.217 -15.021
5.172 15.486
-14.112 -8.377
15.244 -4.320
-9.380 13.441
-2.385 -16.216
13.781 10.099
-16.325 0.523
11.435 -12.348
0.105 16.360
-11.513 -12.333
16.816 1.573
-14.148 10.216
3.578 -16.586
9.072 13.571
-15.330 -4.288
14.409 -7.424
-5.507 16.174
-6.302 -15.548
14.691 7.331
-16.150 5.087
9.453 -14.572
2.651 17.222
-13.591 -10.557
17.384 -2.550
-12.338 12.523
0.174 -17.620
11.850 12.943
-17.196 -1.477
13.889 -11.072
-2.271 16.951
-10.005 -14.232
16.783 4.752
-15.066 8.637
5.364 -16.573
6.999 16.222
-16.121 -7.649
16.949 -4.630
-9.552 15.970
-3.690 -18.266
15.439 10.889
-17.161 2.124
11.649 -14.150
1.106 18.392
-13.353 -12.352
18.570 1.101
-14.339 12.176
2.341 -18.131
10.365 14.732
-17.759 -3.196
15.403 -8.975
-5.610 18.271
-8.892 -16.464
16.516 7.067
-17.483 6.905
8.416 -17.319
4.406 17.060
-15.754 -9.426
19.172 -3.006
-11.056 14.918
-1.926 -18.396
14.172 12.639
-19.484 -0.363
13.635 -13.252
-1.115 19.340
-11.364 -15.706
18.924 3.510
-15.852 11.157
4.673 -19.201
8.559 16.949
-17.770 -6.942
