1.090 1.596
-1.504 -0.178
0.787 -0.994
-0.713 1.579
-0.523 -2.174
2.930 1.571
-2.912 1.115
1.454 -3.342
0.696 3.331
-3.505 -1.738
3.310 -0.998
-1.778 3.229
-0.491 -3.979
3.116 3.378
-4.832 0.345
3.175 -2.741
-0.299 4.878
-3.656 -4.674
5.294 0.873
-4.270 3.373
0.851 -5.138
2.958 5.350
-5.274 -1.353
5.850 -2.109
-2.394 5.924
-1.413 -5.916
4.819 3.004
-5.752 1.861
3.440 -4.568
0.571 6.577
-4.939 -3.341
6.857 -0.585
-4.550 5.155
0.139 -6.822
5.328 5.270
-6.731 -0.336
6.151 -4.202
-1.295 7.379
-3.836 -6.967
8.005 2.064
-7.260 3.652
3.290 -6.697
2.265 7.256
-6.942 -3.104
7.793 -2.288
-4.519 6.950
-1.380 -7.874
6.452 3.903
-8.076 1.623
5.862 -5.965
0.267 8.368
-5.606 -6.573
8.746 0.427
-6.556 5.267
1.388 -8.097
4.480 6.899
-8.434 -2.151
7.962 -4.331
-3.071 8.057
-3.972 -8.834
8.269 4.116
-9.582 2.660
4.789 -7.923
1.534 9.638
-8.019 -5.284
9.306 -1.350
-5.932 8.072
-0.263 -9.388
6.677 6.818
-9.184 -0.120
7.437 -7.349
-0.283 10.094
-6.342 -8.200
10.359 2.038
-9.155 6.225
3.145 -10.344
4.184 9.612
-9.612 -3.532
10.137 -4.018
-4.924 9.592
-2.692 -10.062
9.138 5.769
-10.501 1.161
6.679 -9.035
1.325 11.532
-9.041 -6.812
11.056 0.272
-7.788 7.875
1.005 -11.832
6.820 8.587
-11.986 -2.180
8.607 -6.009
-2.174 11.568
-5.778 -10.402
11.278 3.622
-10.417 4.256
4.892 -9.694
3.016 10.975
-10.590 -5.923
11.714 -2.954
-6.774 9.752
-1.944 -11.682
9.499 7.625
-12.009 0.027
8.491 -8.832
-0.452 12.099
-8.708 -9.534
13.090 1.057
-10.323 7.875
2.809 -12.287
6.251 10.356
-12.170 -3.992
11.392 -6.190
-4.773 11.392
-4.230 -11.458
11.069 5.496
-12.099 3.637
6.657 -10.947
2.668 12.737
-10.346 -8.095
12.472 -1.150
-8.596 9.769
-0.226 -13.086
8.195 9.821
-13.399 -1.032
10.282 -8.641
-1.712 13.321
-7.886 -11.604
13.205 2.862
-11.392 5.713
4.255 -13.278
5.598 11.957
-12.358 -5.743
13.346 -4.016
-7.061 12.282
-3.487 -13.931
11.563 7.323
-13.544 2.598
8.412 -11.157
0.971 13.493
-10.193 -10.565
14.260 -0.369
-10.455 9.715
1.766 -14.551
8.120 12.079
-13.676 -2.800
12.051 -8.006
-3.888 14.163
-5.842 -12.818
13.544 4.827
-13.929 4.857
6.530 -13.575
4.238 13.708
-12.625 -7.639
15.269 -3.041
-8.791 11.883
-1.268 -15.300
10.149 9.881
-15.061 -0.365
10.863 -10.932
-0.347 14.631
-9.568 -12.309
15.163 2.416
-12.178 7.966
3.604 -14.984
7.695 13.863
-15.294 -5.581
13.622 -5.928
-6.157 13.852
-4.804 -15.085
13.142 8.164
-15.050 3.460
9.190 -13.080
1.891 15.034
-11.753 -9.294
16.495 -0.811
-11.203 11.301
0.376 -15.973
10.746 11.606
-15.795 -2.083
13.029 -9.798
-2.537 15.365
-8.430 -14.153
15.338 4.928
-15.133 7.202
5.715 -15.219
5.683 15.306
-14.382 -7.905
15.092 -4.823
-8.929 13.745
-2.921 -16.128
14.108 9.637
-16.298 1.064
11.020 -12.720
0.647 16.348
-11.916 -11.945
16.859 1.014
-13.801 10.679
3.026 -16.696
9.517 13.262
-15.464 -3.777
14.155 -7.898
-4.967 16.347
-6.814 -15.330
14.926 6.840
-15.972 5.619
8.964 -14.877
3.221 17.125
-13.933 -10.100
17.290 -3.125
-11.916 12.925
-0.410 -17.616
12.272 12.543
-17.235 -0.906
13.514 -11.526
-1.708 17.017
-10.471 -13.893
16.931 4.193
-14.772 9.132
4.812 -16.741
7.533 15.981
-16.365 -7.111
16.786 -5.190
-9.017 16.278
-4.294 -18.134
15.792 10.372
-17.081 2.691
11.173 -14.529
1.715 18.345
-13.755 -11.902
18.596 0.484
-13.928 12.645
1.738 -18.199
10.848 14.380
-17.855 -2.605
15.097 -9.481
-5.001 18.446
-9.433 -16.160
16.741 6.516
-17.244 7.481
7.837 -17.588
4.970 16.905
-16.058 -8.899
19.062 -3.640
-10.556 15.276
-2.534 -18.322
14.584 12.162
-19.485 0.283
13.188 -13.697
-0.473 19.366
-11.878 -15.321
19.030 2.880
-15.473 11.676
4.034 -19.345
9.117 16.656
-17.991 -6.349
