-1.880 0.449
0.702 -1.342
0.648 1.090
-1.221 -1.229
2.218 0.287
-2.513 2.176
-0.003 -3.118
2.604 2.551
-3.361 -0.538
2.874 -2.654
-0.249 3.448
-2.383 -2.813
3.892 0.961
-4.268 1.706
1.402 -4.637
1.428 3.944
-4.451 -2.019
5.670 -1.748
-2.704 4.634
-1.628 -5.192
4.496 2.628
-6.053 0.855
3.146 -4.444
-0.117 6.218
-4.680 -4.350
6.031 0.790
-4.525 3.430
0.313 -6.038
3.040 4.843
-6.348 -1.813
4.883 -3.422
-1.899 6.614
-3.193 -6.090
6.323 2.564
-6.824 3.097
2.715 -6.169
1.731 7.245
-6.431 -3.842
7.877 -1.098
-4.783 6.742
-0.822 -8.085
5.082 5.462
-7.586 -0.473
5.376 -5.378
-0.643 8.097
-4.880 -6.701
7.848 1.520
-5.948 4.636
1.365 -8.124
3.481 7.604
-7.912 -2.735
8.141 -2.892
-3.519 8.018
-2.582 -8.004
7.069 4.185
-8.044 1.724
5.018 -7.111
1.205 8.983
-6.431 -5.743
9.670 -0.560
-6.795 6.257
0.934 -9.901
5.694 7.301
-9.551 -2.005
7.797 -5.606
-2.059 9.175
-5.424 -8.421
8.864 3.103
-8.751 3.805
3.388 -8.538
4.212 9.569
-9.329 -3.866
9.923 -3.000
-5.600 8.950
-2.550 -10.773
8.541 6.628
-10.472 0.480
6.728 -7.720
0.137 10.903
-7.204 -8.022
10.360 1.075
-8.649 6.479
2.662 -10.225
6.058 9.462
-11.246 -2.876
9.589 -6.016
-4.198 10.231
-4.578 -10.084
10.695 5.160
-10.455 3.308
6.313 -10.420
2.543 10.184
-10.031 -6.158
11.779 -1.687
-7.407 9.244
-0.260 -11.250
7.311 8.028
-11.329 -1.098
9.311 -7.781
-1.419 11.997
-6.694 -9.807
11.607 2.352
-10.512 6.154
4.258 -11.229
5.222 11.083
-11.142 -4.738
12.013 -4.734
-5.657 11.852
-3.675 -12.453
10.476 7.008
-11.904 2.145
8.071 -9.946
1.719 12.851
-8.940 -8.523
12.213 0.135
-9.083 8.380
0.918 -12.600
7.852 10.125
-12.851 -2.052
11.254 -6.778
-3.375 12.061
-6.059 -11.515
12.306 4.457
-12.098 4.152
5.744 -12.149
4.405 12.688
-11.834 -6.351
13.654 -3.227
-7.384 11.315
-1.273 -12.680
10.886 8.712
-13.167 0.964
9.774 -9.497
-1.009 13.901
-8.955 -10.978
14.258 1.713
-10.966 8.190
2.405 -13.580
7.422 11.839
-12.952 -3.907
13.506 -5.754
-4.743 13.453
-5.345 -13.233
12.963 6.841
-14.181 3.277
7.495 -11.777
3.180 14.114
-11.844 -8.685
14.059 -0.885
-9.341 10.931
0.432 -14.745
10.353 10.943
-14.318 -0.931
11.640 -9.070
-2.607 15.349
-7.965 -12.452
14.746 4.274
-12.852 5.956
5.714 -13.939
6.337 14.048
-13.544 -5.544
14.913 -4.547
-7.666 13.304
-3.097 -14.218
12.712 8.712
-15.696 2.243
10.669 -12.296
0.678 14.840
-10.744 -10.693
15.806 0.894
-12.315 9.364
2.137 -15.294
8.941 13.251
-14.719 -3.596
12.876 -7.664
-5.127 15.699
-6.561 -14.497
14.787 6.050
-14.676 5.898
7.580 -14.013
4.506 15.667
-13.449 -7.852
16.229 -2.826
-10.076 12.571
-1.330 -16.707
12.179 10.768
-16.326 -0.152
12.515 -10.616
-0.878 15.820
-9.655 -13.245
16.109 3.024
-14.035 9.742
4.820 -15.606
7.952 14.832
-15.503 -5.227
15.410 -6.871
-6.962 15.388
-5.053 -16.703
14.518 8.783
-15.785 4.159
9.046 -13.099
2.328 16.041
-13.500 -10.472
16.753 -0.897
-11.714 11.504
0.448 -16.926
10.700 13.682
-17.147 -3.100
14.406 -9.414
-3.248 17.267
-7.824 -15.743
16.603 5.901
-16.096 6.990
6.995 -15.778
5.947 16.737
-15.288 -7.666
16.714 -4.826
-9.957 14.321
-3.262 -17.057
13.923 10.467
-17.617 1.337
12.481 -12.752
-1.140 17.533
-11.991 -14.231
18.472 2.458
-15.323 11.053
3.579 -16.917
9.587 15.621
-17.750 -4.942
16.026 -8.604
-7.086 17.200
-6.844 -17.522
16.381 8.116
-17.304 5.004
8.803 -15.751
3.472 17.485
-15.449 -11.253
18.462 -3.048
-12.059 13.315
-0.837 -18.778
13.635 13.596
-17.565 -1.388
14.042 -11.827
-3.399 19.107
-10.505 -15.311
18.020 4.168
-16.564 9.285
6.687 -18.304
8.091 17.207
-17.923 -7.351
18.550 -5.631
-9.480 16.751
-5.388 -18.621
16.633 10.670
-18.813 2.575
12.349 -14.542
