-0.508 1.864
-0.840 -1.261
1.267 -0.045
-1.664 0.481
1.317 -1.807
0.702 3.249
-2.736 -1.495
3.488 -1.059
-2.086 2.689
-0.948 -3.796
2.905 1.874
-3.612 0.739
2.712 -2.953
-0.553 4.562
-3.395 -3.456
4.145 0.641
-3.909 2.934
1.190 -5.813
2.766 4.597
-5.336 -1.065
4.465 -2.682
-2.156 5.720
-2.388 -4.893
5.398 3.089
-6.063 2.016
3.590 -4.911
0.835 5.617
-5.145 -3.174
5.708 -0.341
-4.639 4.697
-0.657 -5.927
4.890 4.842
-6.875 -0.124
5.285 -4.315
-0.560 7.473
-4.107 -5.344
7.186 1.961
-6.458 3.796
2.819 -7.437
3.617 7.433
-7.486 -3.162
7.232 -1.835
-4.058 6.427
-2.136 -7.298
6.793 4.452
-8.221 1.063
5.102 -6.154
1.210 7.443
-6.470 -5.098
8.342 0.598
-6.199 5.627
1.372 -8.530
5.343 6.938
-8.260 -1.579
7.066 -4.191
-2.351 7.883
-3.828 -7.817
8.458 3.257
-8.126 2.883
4.153 -8.751
2.225 8.965
-8.236 -5.574
9.138 -1.488
-6.346 7.415
-1.173 -9.531
7.059 6.212
-9.991 0.714
6.979 -6.285
-0.865 9.503
-5.862 -7.072
10.416 0.901
-7.871 6.326
2.134 -10.145
5.161 9.210
-10.674 -2.937
9.916 -4.309
-4.608 9.416
-3.540 -9.609
9.629 5.115
-10.496 2.467
5.918 -8.571
1.529 10.698
-7.690 -7.245
11.209 -0.770
-7.923 8.483
-0.672 -11.300
6.958 8.596
-11.044 -0.827
9.662 -6.903
-2.119 10.759
-6.108 -10.541
10.154 2.660
-10.218 5.842
4.177 -11.142
4.551 10.936
-9.993 -5.174
10.553 -2.558
-6.403 9.410
-2.353 -11.904
9.842 7.006
-11.817 1.161
7.637 -9.052
0.350 12.176
-7.804 -9.127
12.229 0.742
-9.507 7.497
1.617 -12.811
7.679 10.654
-12.688 -2.757
11.178 -5.824
-3.835 11.472
-4.848 -11.855
12.097 4.664
-11.770 3.749
5.984 -10.647
2.988 11.992
-10.611 -6.856
12.652 -2.026
-7.971 10.287
-0.541 -13.126
8.959 8.753
-13.010 -0.215
9.819 -8.654
-2.168 12.606
-7.898 -10.873
13.244 2.229
-11.254 7.330
3.726 -13.526
6.379 11.911
-11.734 -4.973
12.870 -5.365
-5.478 12.013
-3.636 -13.133
11.708 7.561
-13.929 2.583
8.349 -11.684
1.917 13.552
-10.757 -8.631
13.949 -0.825
-9.647 9.484
1.439 -14.610
9.523 10.620
-14.174 -1.666
12.226 -8.086
-3.936 14.013
-6.731 -12.230
13.907 3.989
-13.306 6.218
5.975 -12.756
5.102 13.443
-12.726 -7.460
14.570 -3.826
-7.693 12.111
-2.366 -14.565
12.212 9.658
-14.747 1.007
10.830 -10.882
-0.947 14.133
-9.483 -11.706
15.365 1.188
-11.367 9.218
3.173 -15.264
7.988 13.113
-13.959 -4.111
13.747 -6.966
-5.570 14.845
-5.662 -15.263
13.343 6.532
-14.539 4.289
8.374 -13.435
2.300 15.299
-12.389 -9.219
15.917 -1.479
-10.223 11.184
-0.539 -14.974
11.309 12.036
-15.867 -1.207
12.408 -10.065
-1.874 15.705
-8.651 -13.378
15.906 3.571
-13.346 8.026
5.315 -15.593
6.188 14.875
-15.293 -6.857
15.294 -5.511
-7.973 14.248
-3.302 -16.076
13.455 8.368
-16.254 2.109
10.388 -12.677
1.805 16.989
-11.374 -11.722
16.829 0.148
-12.030 11.088
1.373 -16.816
10.154 13.496
-17.078 -3.589
14.676 -8.516
-3.932 15.843
-7.146 -14.225
15.188 5.661
-15.669 6.812
7.258 -15.125
4.465 15.799
-14.631 -8.521
17.139 -2.816
-10.954 13.551
-1.339 -17.157
13.585 11.141
-17.566 -0.698
13.149 -11.730
-1.598 17.475
-10.481 -13.713
17.536 2.821
-14.066 9.728
3.793 -16.979
7.780 15.611
-16.528 -5.330
15.868 -7.186
-7.287 16.094
-5.192 -17.072
14.831 9.420
-18.241 3.683
11.027 -15.023
2.337 18.748
-13.120 -11.263
18.306 -0.907
-12.859 13.196
0.149 -18.189
11.684 14.476
-18.656 -2.411
14.986 -10.471
-3.920 17.581
-9.588 -15.286
17.004 5.352
-17.289 8.147
6.193 -17.657
5.889 16.972
-16.873 -8.283
18.474 -5.431
-9.653 14.741
-3.631 -17.996
15.127 12.157
-18.475 1.862
12.310 -13.805
0.190 18.988
-12.844 -14.655
18.978 1.166
-15.055 12.191
3.969 -18.976
10.140 16.359
-18.920 -4.216
17.346 -9.466
-6.776 17.738
-6.825 -17.815
