1.850 -0.560
-0.622 1.381
-0.712 -1.050
1.291 1.154
-2.231 -0.155
2.380 -2.322
0.187 3.112
-2.750 -2.392
3.387 0.338
-2.712 2.820
0.044 -3.457
2.545 2.667
-3.942 -0.728
4.159 -1.956
-1.124 4.712
-1.660 -3.852
4.563 1.752
-5.557 2.081
2.425 -4.786
1.933 5.086
-4.644 -2.357
5.992 -1.213
-2.876 4.623
-0.252 -6.214
4.929 4.065
-6.067 -0.431
4.314 -3.692
0.045 6.046
-3.322 -4.654
6.444 1.433
-4.672 3.706
1.504 -6.715
3.548 5.890
-6.464 -2.184
6.628 -3.496
-2.344 6.319
-2.158 -7.129
6.648 3.454
-7.798 1.564
4.375 -7.014
1.300 8.022
-5.397 -5.151
7.601 0.022
-5.048 5.687
0.162 -8.121
5.269 6.400
-7.925 -1.052
5.662 -4.980
-0.881 8.190
-3.926 -7.384
8.061 2.261
-7.955 3.370
3.038 -8.213
3.052 7.836
-7.305 -3.759
7.927 -2.198
-4.587 7.396
-1.736 -8.896
6.760 5.352
-9.620 1.132
6.412 -6.649
-0.345 9.939
-6.117 -6.950
9.654 1.435
-7.450 6.059
1.511 -9.281
5.914 8.084
-9.033 -2.572
8.510 -4.317
-2.876 8.723
-4.772 -9.303
9.542 3.306
-9.728 3.583
5.059 -9.266
3.185 10.603
-8.919 -6.110
10.425 -1.100
-6.259 8.105
-0.784 -10.876
7.667 7.580
-10.406 -0.459
8.250 -6.981
-2.051 10.364
-6.609 -9.087
11.397 2.204
-9.215 6.574
3.584 -10.462
5.168 9.795
-10.982 -4.517
10.240 -3.922
-5.683 10.776
-3.142 -10.015
10.379 5.552
-11.658 2.382
6.846 -9.667
0.927 11.214
-7.774 -7.580
11.374 0.424
-8.833 8.319
0.705 -12.060
7.263 9.393
-11.726 -1.659
10.128 -6.766
-3.585 11.461
-5.870 -10.754
11.403 4.069
-11.711 5.438
4.945 -12.166
4.407 12.213
-10.873 -6.374
11.756 -2.847
-7.467 10.407
-2.478 -12.726
9.430 7.978
-12.199 0.589
8.570 -8.904
-0.169 12.633
-8.439 -9.641
12.950 1.286
-10.832 7.433
2.654 -12.240
6.731 11.136
-12.549 -3.719
11.831 -4.862
-5.013 12.469
-5.149 -12.404
12.190 5.638
-13.439 4.031
6.700 -11.733
2.023 12.582
-11.384 -8.051
13.087 -1.743
-9.193 10.060
0.183 -13.936
9.590 10.427
-14.335 -0.864
10.461 -8.826
-1.595 13.699
-8.111 -11.378
13.161 3.132
-13.141 6.545
3.936 -13.711
6.121 12.893
-13.346 -6.060
13.962 -4.112
-6.783 12.201
-4.011 -13.900
12.338 7.967
-13.981 1.717
8.677 -11.466
0.444 14.745
-10.983 -10.310
14.348 0.081
-11.082 9.744
1.692 -15.477
8.690 11.958
-14.973 -3.392
12.476 -6.708
-4.877 14.254
-7.159 -13.647
13.849 4.731
-14.617 5.424
6.863 -13.735
3.935 14.009
-13.206 -7.943
15.535 -3.170
-9.921 12.908
-1.557 -14.774
11.360 10.037
-15.831 0.045
11.738 -10.078
-1.226 15.394
-9.711 -12.698
14.907 2.717
-12.398 8.414
4.186 -15.976
7.409 14.082
-15.120 -5.162
14.300 -6.758
-6.736 14.438
-5.427 -15.372
13.891 7.040
-16.033 3.784
9.312 -13.146
2.318 16.599
-12.796 -10.027
16.307 -0.817
-11.864 11.340
-0.061 -15.844
10.424 12.649
-16.260 -2.064
13.433 -10.557
-3.886 15.864
-8.818 -14.335
15.786 4.299
-14.975 7.773
6.037 -15.774
6.035 16.374
-15.013 -7.907
15.510 -5.088
-8.253 13.612
-3.276 -15.875
14.097 9.653
-16.670 1.889
11.011 -12.178
0.556 16.923
-11.493 -13.023
17.301 2.078
-13.823 10.251
2.219 -17.429
8.744 15.251
-16.924 -4.906
15.653 -7.933
-6.047 16.165
-6.929 -16.355
15.716 6.746
-16.399 5.809
9.090 -14.886
4.268 16.834
-14.520 -9.623
17.506 -2.379
-11.703 13.470
0.098 -17.569
12.813 13.495
-18.585 -1.358
14.640 -11.942
-2.569 17.100
-10.496 -15.025
18.012 3.881
-15.487 9.540
6.054 -17.590
7.871 17.085
-16.834 -7.130
16.976 -6.022
-7.854 16.245
-4.502 -17.249
16.089 10.317
-18.249 4.137
11.248 -14.007
1.949 18.695
-14.418 -12.763
17.617 0.344
-13.316 12.639
2.260 -19.275
11.395 14.661
-18.236 -3.092
15.984 -10.251
-5.589 18.669
-9.098 -16.696
18.327 6.275
-18.184 6.722
8.470 -17.283
6.483 18.268
-17.237 -9.664
18.627 -3.686
-11.465 15.249
