0.586 -1.841
0.786 1.295
-1.268 -0.008
1.683 -0.410
-1.391 1.751
-0.566 -3.276
2.671 1.608
-3.529 0.912
2.196 -2.600
0.788 3.832
-2.824 -1.994
3.639 -0.587
-2.833 2.836
0.744 -4.535
3.247 3.596
-4.115 -0.814
4.028 -2.768
-1.432 5.758
-2.571 -4.709
5.287 1.288
-4.573 2.492
2.394 -5.625
2.181 4.989
-5.264 -3.312
6.142 -1.760
-3.792 4.756
-0.599 -5.647
5.008 3.387
-5.717 0.102
4.831 -4.499
0.408 5.949
-4.683 -5.043
6.864 0.412
-5.461 4.090
0.873 -7.443
3.880 5.511
-7.098 -2.260
6.611 -3.522
-3.128 7.312
-3.302 -7.578
7.347 3.472
-7.302 1.531
4.324 -6.252
1.828 7.381
-6.601 -4.733
8.259 -0.718
-5.355 5.935
-0.897 -7.487
6.251 5.365
-8.309 -0.947
6.429 -5.362
-1.728 8.465
-5.048 -7.155
8.187 1.923
-7.235 3.891
2.679 -7.778
3.497 7.970
-8.315 -3.608
8.239 -2.540
-4.516 8.569
-1.848 -9.050
7.995 5.913
-9.192 1.104
6.651 -7.143
0.773 9.572
-6.793 -6.502
10.012 -0.295
-7.236 5.987
1.262 -9.459
5.560 7.311
-10.370 -1.336
8.129 -5.991
-2.557 10.046
-4.771 -9.418
10.542 3.381
-10.087 3.890
4.998 -9.215
3.135 9.749
-9.407 -5.514
10.590 -2.025
-6.272 8.316
-1.080 -10.753
7.380 7.561
-11.232 0.300
8.271 -8.144
0.199 11.318
-6.592 -8.880
11.000 1.289
-9.942 6.492
2.568 -10.661
5.662 10.787
-10.034 -3.083
10.454 -5.409
-4.640 10.957
-4.090 -11.117
9.767 5.588
-10.651 2.114
6.792 -9.134
1.853 11.992
-9.540 -7.412
11.855 -0.666
-8.009 8.724
0.161 -12.179
7.415 9.446
-12.187 -1.253
9.812 -7.093
-2.152 12.732
-7.226 -10.966
12.561 3.286
-11.412 5.351
4.312 -11.301
4.347 12.048
-11.891 -5.166
11.916 -3.252
-6.424 10.387
-2.484 -12.106
10.315 7.295
-12.725 1.494
8.395 -9.944
-0.009 13.137
-8.584 -9.120
12.990 0.760
-10.173 8.235
2.694 -12.504
7.436 11.194
-13.139 -2.782
11.551 -6.852
-4.289 13.358
-5.875 -12.168
11.515 5.460
-13.083 4.822
5.976 -11.773
3.083 13.274
-11.381 -8.044
14.025 -1.997
-8.831 11.324
-1.348 -13.620
10.386 9.074
-13.971 0.240
10.035 -9.072
-2.050 14.537
-9.070 -11.010
14.092 2.258
-12.553 7.567
4.519 -13.836
6.213 12.501
-13.728 -4.567
13.554 -5.655
-6.504 12.495
-4.535 -13.645
12.403 7.986
-14.718 3.212
8.193 -11.779
1.754 14.652
-11.797 -10.161
14.777 -0.389
-11.276 10.419
1.538 -14.081
8.984 12.093
-15.302 -1.830
11.743 -8.734
-3.809 15.118
-7.432 -13.436
13.774 4.692
-14.026 6.385
6.187 -14.598
5.018 15.487
-13.057 -7.085
14.706 -3.677
-8.930 13.073
-1.657 -15.382
11.992 9.730
-15.965 0.811
10.682 -10.746
-0.088 14.984
-10.795 -12.499
15.802 1.870
-12.818 9.537
2.530 -15.613
8.083 13.729
-15.742 -4.234
13.670 -7.461
-5.963 15.356
-5.559 -15.121
14.993 7.491
-15.511 4.866
8.563 -13.901
2.626 16.200
-13.092 -8.924
16.328 -1.426
-10.910 12.231
-1.092 -17.050
10.873 12.188
-16.808 -0.852
12.484 -10.575
-2.076 16.744
-9.580 -13.910
16.912 4.301
-15.020 7.894
4.592 -15.664
6.544 14.511
-14.938 -6.292
15.940 -6.150
-7.885 14.808
-3.799 -15.972
14.262 9.127
-17.242 2.095
11.512 -13.081
0.619 17.198
-13.107 -11.700
17.521 1.433
-13.629 11.169
2.328 -17.393
9.897 14.140
-17.403 -3.553
14.461 -9.131
-4.501 16.805
-7.120 -15.923
16.291 6.018
-16.155 6.515
7.955 -15.775
4.472 17.274
-14.424 -10.032
18.379 -2.916
-11.646 14.548
-1.550 -18.830
12.637 11.803
-18.328 0.140
13.400 -12.646
-0.910 18.167
-11.067 -14.952
18.539 3.190
-15.411 9.835
4.653 -17.401
8.940 15.674
-16.765 -6.059
17.615 -7.416
-6.927 17.382
-5.173 -17.204
16.512 8.983
-18.685 4.653
10.261 -14.324
2.874 18.133
-14.604 -12.780
18.536 -1.087
-12.877 13.277
0.605 -18.980
12.219 15.180
-18.913 -1.959
15.552 -11.550
-4.760 18.793
-9.446 -16.769
18.727 5.005
-17.728 8.731
7.513 -17.439
6.073 18.086
