116.765697751 -26.826159641 347.039
116.763622751 -26.823643645 345.739
116.765157746 -26.825149645 346.339
116.763104752 -26.825223645 345.439
116.764464747 -26.824669643 345.639
116.764131745 -26.822920648 345.039
116.764783745 -26.823521651 345.339
116.764540743 -26.825182649 346.139
116.765575745 -26.824117645 345.839
116.762604747 -26.824213643 345.239
116.763074742 -26.824275646 345.439
116.766072748 -26.823446645 345.939
116.764435749 -26.825669649 346.239
116.764905745 -26.825461649 346.339
116.763901744 -26.824650648 345.439
116.762307748 -26.824674641 345.239
116.765264752 -26.823806648 345.539
116.766034747 -26.824059645 346.039
116.764021749 -26.825346650 346.039
116.764823363 -26.824887301 346.039
116.766131745 -26.824566645 346.439
116.766409749 -26.825228643 346.739
116.765343599 -26.825838732 346.739
116.763850748 -26.823293646 345.339
116.765710750 -26.823249644 345.639
116.763500749 -26.823058648 345.039
116.764481749 -26.823153650 345.139
116.764744744 -26.826379644 346.639
116.763920745 -26.825815644 346.139
116.765207749 -26.823378644 345.339
116.765581744 -26.825486643 346.639
116.765142752 -26.822664649 345.039
116.763775752 -26.826260647 345.839
116.766489745 -26.824084648 346.239
116.763574747 -26.825394651 346.239
116.763005746 -26.825799641 345.639
116.765189745 -26.824623646 345.939
116.763077744 -26.824825648 345.239
116.765200748 -26.826413645 346.839
116.762234742 -26.824026650 345.139
116.763419750 -26.824584646 345.339
116.766597750 -26.824455647 346.539
116.762329744 -26.825317644 345.039
116.765129748 -26.824237647 345.539
116.763750751 -26.826640644 345.939
116.762641747 -26.823741645 345.539
116.766109744 -26.825900646 346.939
116.762610749 -26.824974643 345.139
116.764584744 -26.822731645 344.939
116.766471743 -26.825693645 346.939
116.764966751 -26.823017643 345.039
116.764219746 -26.826145648 346.239
116.763242750 -26.823874643 345.739
116.765720750 -26.824474648 346.139
116.766732747 -26.824875645 346.739
116.762732751 -26.825509649 345.339
116.764899744 -26.825926648 346.539
116.763411746 -26.825981646 345.839
116.764187952 -26.824955864 345.739
116.765967750 -26.825100643 346.739
116.762985744 -26.826247643 345.439
116.763346747 -26.826455647 345.639
116.763576751 -26.824991646 345.539
116.763075749 -26.823210649 345.439
116.763750742 -26.822699648 344.839
116.764355753 -26.826696647 346.439
116.762740745 -26.824575645 345.239
116.765639747 -26.822841651 345.639
116.765731743 -26.823694643 345.839
116.764212752 -26.823495646 345.239
116.766073750 -26.825511645 346.739
116.766403743 -26.823691646 346.139
116.764893750 -26.826738650 346.739
116.762448747 -26.825794645 345.039
116.765584748 -26.824931649 346.539
116.766673751 -26.826380644 347.239
116.766733745 -26.826761649 347.239
116.762291748 -26.822296643 344.139
116.765461091 -26.826894570 347.039
116.761227750 -26.823721642 343.839
116.765361752 -26.827715645 346.939
116.762933752 -26.826940649 345.339
116.767688752 -26.823285643 345.939
116.762565750 -26.826690649 345.239
116.766747746 -26.822917644 346.039
116.763476750 -26.827191646 345.739
116.761813752 -26.825569646 344.939
116.765025423 -26.827270727 347.039
116.762765745 -26.822588643 344.139
116.761118751 -26.824149648 344.039
116.762557745 -26.827170650 345.239
116.761370742 -26.824532649 344.839
116.763079746 -26.821806645 344.439
116.761768751 -26.824153651 344.839
116.761507742 -26.823068648 343.839
116.765533751 -26.822435650 344.939
116.767487743 -26.824194646 346.739
116.765448436 -26.827341790 347.039
116.765718751 -26.826542649 347.039
116.763716752 -26.821858642 344.539
116.763273743 -26.822480643 344.339
116.767245747 -26.825775647 347.339
116.766380743 -26.822241650 345.339
116.763958753 -26.822334645 344.639
116.761790751 -26.822713643 344.139
116.767233748 -26.823733643 346.339
116.761956751 -26.825099650 345.039
116.765984744 -26.822069647 344.839
116.765070747 -26.822021644 344.639
116.762376744 -26.826184648 345.039
116.764570748 -26.827263642 346.639
116.763213746 -26.827539644 345.739
116.761932750 -26.823221642 344.239
116.761273748 -26.825926645 344.539
116.766245751 -26.826411647 347.039
116.767025752 -26.823214643 345.939
116.766896749 -26.825437649 347.139
116.761789745 -26.823594642 344.139
116.766486747 -26.823239649 346.039
116.767680751 -26.824830643 347.039
116.762144746 -26.826806647 344.939
116.767281749 -26.826374648 347.639
116.761986748 -26.826449646 344.839
116.761333747 -26.825508642 344.539
116.763988745 -26.827539648 346.139
116.766393749 -26.827004648 347.139
116.767163745 -26.822700645 345.639
116.761244747 -26.825123650 344.839
116.762375749 -26.822763644 344.339
116.764749742 -26.821503644 344.339
116.762934749 -26.822239648 344.139
116.761969746 -26.826061642 344.739
116.767160744 -26.826792643 347.539
116.764193748 -26.827085644 346.239
116.766682678 -26.827392721 347.339
116.767849744 -26.824392645 346.839
116.766971742 -26.826072649 347.339
116.766437746 -26.822617648 345.839
116.767324745 -26.824618649 346.839
116.764403747 -26.822365642 344.939
116.766796744 -26.822391645 345.639
116.766814750 -26.823599644 346.439
116.760890750 -26.824477648 343.939
116.769237744 -26.825368651 347.639
116.760043748 -26.825948645 344.039
116.765149747 -26.820638647 343.839
116.765448752 -26.828507648 347.439
116.763979747 -26.828375643 346.339
116.760508747 -26.826647645 344.439
116.763967745 -26.820427647 343.639
116.761502753 -26.822423642 344.039
116.768137630 -26.826978173 347.839
116.766851743 -26.828132645 347.639
116.769209751 -26.824566642 347.239
116.765470743 -26.820935649 344.939
116.766144744 -26.827719649 347.139
116.760603748 -26.823582646 343.539
116.760464742 -26.823185642 343.539
116.766448752 -26.827988649 347.539
116.766018746 -26.828194643 347.539
116.764574751 -26.829051643 347.139
116.762460746 -26.821024646 344.739
116.760886747 -26.822649649 343.839
116.763288743 -26.828458646 345.939
116.764478746 -26.820872642 343.839
116.768170744 -26.823366645 346.139
116.768231743 -26.824056642 346.739
116.767110749 -26.821101642 344.739
116.762017753 -26.828381647 345.039
116.761515747 -26.827142642 344.739
116.760679751 -26.824083646 343.539
116.768390747 -26.825624650 347.539
116.769081743 -26.824055648 346.939
116.764936744 -26.828161647 346.939
116.761053752 -26.827531644 344.339
116.763607746 -26.820646644 343.939
116.761981750 -26.827738648 344.939
116.766842745 -26.821402645 344.939
116.764554752 -26.827981646 346.739
116.768798746 -26.825311649 347.539
116.760578745 -26.822268646 343.839
116.767323746 -26.825358646 347.239
116.763259750 -26.828947649 346.039
116.763605751 -26.828023646 346.039
116.759751750 -26.824685647 343.439
116.765414750 -26.828906645 347.639
116.760370750 -26.824563643 343.539
116.765509751 -26.828110646 347.139
116.766177748 -26.820392645 344.039
116.765703745 -26.820245649 343.739
116.767079749 -26.820710645 344.639
116.759465750 -26.825517650 343.539
116.760275744 -26.825537651 344.039
116.759403749 -26.826012646 343.539
116.759087751 -26.825727648 343.239
116.768110752 -26.828257650 347.839
116.767328749 -26.828264646 347.839
116.768056752 -26.827826645 347.839
116.767225746 -26.827880645 347.739
116.762527752 -26.819525647 344.839
116.762080745 -26.819297642 344.539
116.756601750 -26.820534649 341.439
116.756098747 -26.820185642 340.939
116.757393744 -26.820044645 341.439
116.751388746 -26.825913642 340.239
116.751836749 -26.825857647 340.239
116.750896742 -26.825561648 340.039
116.750276752 -26.835683647 338.639
116.750736750 -26.835590650 338.939
116.750786747 -26.835164644 338.839
116.759444384 -26.829549329 343.239
116.760222831 -26.829647990 343.739
116.764297313 -26.833557718 343.439
116.763397312 -26.833583717 343.039
116.763805321 -26.833392718 343.239
116.772076744 -26.834806646 345.239
116.771594749 -26.834837650 345.139
116.771127742 -26.834601642 344.939
116.781448993 -26.830550952 349.039
116.781118997 -26.830224955 349.139
116.781686992 -26.830117957 349.339
116.771166623 -26.826281450 348.039
116.770783627 -26.825978447 348.039
116.773684106 -26.821218810 346.539
116.772824678 -26.821795121 346.439
116.772356994 -26.821470038 346.139
116.770761744 -26.814772646 344.239
116.770370744 -26.814326649 344.339
116.761497745 -26.809233645 342.339
116.760896751 -26.809153647 342.339
116.761840746 -26.808952650 342.539
116.811341986 -26.836373243 359.939
116.811942985 -26.836163248 359.739
116.810837987 -26.836086240 360.339
116.811802988 -26.835736245 359.939
116.826081288 -26.810404491 364.339
116.826506298 -26.810086485 364.539
116.826047299 -26.809902492 364.339
116.826964737 -26.809845480 364.839
116.729640753 -26.856150647 330.139
116.730079749 -26.856126647 330.339
116.730503747 -26.855787642 330.439
116.730119754 -26.855578644 330.339
116.729682747 -26.855452644 330.339
116.730025748 -26.855106642 330.339
116.747334561 -26.880760118 333.239
116.747873562 -26.880489119 333.239
116.747231560 -26.880353119 333.239
116.748459440 -26.880390594 333.439
116.751514745 -26.782973647 339.039
116.752353745 -26.782666646 339.139
116.751289742 -26.782606646 338.939
116.751785745 -26.782446649 339.039
116.719377748 -26.784567648 334.539
116.719683749 -26.784261645 334.639
116.718775751 -26.784200643 334.539
116.719253748 -26.784085644 334.639
116.834726745 -26.861831643 362.239
116.834281747 -26.861641645 362.039
116.835383749 -26.861591649 362.639
116.834756751 -26.861251645 362.339
116.938952748 -26.812284649 380.939
116.938016744 -26.812256641 380.539
116.938520740 -26.812148641 380.739
116.938037744 -26.811850642 380.239
117.048007739 -26.892784642 344.480
117.047199747 -26.892517646 344.480
117.048460600 -26.892317332 344.480
117.047719738 -26.892109644 344.480
117.195238738 -26.952415643 344.480
117.194735744 -26.952234647 344.480
117.195935737 -26.952142645 344.480
117.194971744 -26.951876643 344.480
116.693733536 -26.864083758 325.739
116.693937535 -26.863708751 325.639
116.694387542 -26.863672752 325.639
116.693562542 -26.863503755 325.539
116.694000546 -26.863191760 325.539
116.693438541 -26.863117753 325.439
116.654673753 -26.949877644 329.639
116.654252751 -26.949797649 329.439
116.654669746 -26.949463647 329.639
116.654023751 -26.949304642 329.139
116.506633290 -26.944308150 306.739
116.506076309 -26.943997148 306.839
116.506624296 -26.943905151 306.839
116.507105293 -26.943743146 306.939
116.479593759 -27.059859650 300.039
116.479039755 -27.059706646 299.939
116.480042755 -27.059606649 300.339
116.479562760 -27.059337645 300.139
116.762950744 -26.751123644 342.839
116.762524747 -26.751066646 342.539
116.762137749 -26.750899649 342.439
116.763016748 -26.750696644 342.739
116.675486295 -26.693646624 357.539
116.675598470 -26.693229185 357.739
116.675066174 -26.693700297 357.939
116.675068029 -26.693220009 358.139
116.686260748 -26.585331648 340.939
116.686858749 -26.585167643 340.939
116.685888743 -26.584931645 340.639
116.686358752 -26.584852647 340.739
116.658914750 -26.498392645 330.239
116.659687742 -26.498141647 330.539
116.659046745 -26.497941647 330.239
116.659578743 -26.497753649 330.539
