-0.531 -1.858
1.371 0.643
-1.061 0.695
1.174 -1.273
-0.190 2.228
-2.284 -2.416
3.115 -0.139
-2.435 2.712
0.391 -3.381
2.777 2.756
-3.456 -0.098
2.707 -2.503
-0.790 3.930
-1.890 -4.189
4.694 1.198
-3.878 1.599
1.823 -4.535
1.994 5.589
-4.747 -2.499
5.116 -1.853
-2.430 4.607
-1.119 -6.010
4.577 2.949
-6.217 0.154
4.142 -4.865
-0.527 6.060
-3.624 -4.372
6.045 0.050
-4.706 3.248
1.535 -6.421
3.632 4.730
-6.691 -1.609
5.945 -3.455
-2.286 6.429
-3.392 -6.682
6.281 2.443
-7.162 2.045
3.558 -6.593
1.441 7.822
-6.944 -4.485
8.041 -1.174
-5.235 5.316
0.141 -7.600
5.607 5.136
-8.117 -0.289
6.482 -5.168
-1.176 7.907
-4.891 -5.740
8.175 1.009
-7.445 3.810
2.388 -8.024
3.245 8.007
-8.164 -3.166
7.883 -2.929
-3.873 7.245
-2.073 -7.961
7.323 4.703
-8.922 1.596
5.457 -6.675
0.981 9.636
-6.547 -6.516
9.932 0.501
-7.045 6.007
1.587 -9.630
5.941 7.545
-9.256 -1.657
8.176 -5.786
-2.714 8.991
-4.183 -8.577
8.677 3.013
-9.377 4.626
3.455 -9.489
3.430 9.783
-9.186 -5.204
10.652 -3.018
-6.250 8.822
-0.936 -10.441
8.006 6.385
-10.887 0.613
7.700 -7.547
-0.622 10.397
-6.850 -8.358
10.331 2.213
-9.189 6.465
2.383 -11.361
6.429 9.317
-10.404 -3.748
9.875 -5.014
-4.689 10.909
-3.761 -10.301
10.685 5.852
-10.063 2.985
5.714 -10.290
2.199 11.694
-9.559 -6.997
11.228 -0.751
-7.702 7.654
0.603 -11.366
8.179 8.963
-12.047 -0.894
9.506 -7.115
-1.843 11.699
-6.606 -10.233
11.404 3.765
-10.845 5.701
4.248 -11.338
5.253 11.795
-12.087 -5.135
12.281 -4.214
-6.544 10.772
-2.662 -11.799
10.288 7.629
-12.764 2.278
8.125 -9.303
0.397 12.207
-8.768 -8.709
12.628 0.368
-9.772 8.286
1.489 -12.928
7.262 10.947
-12.197 -2.846
11.240 -6.556
-3.916 12.489
-4.676 -11.906
12.388 5.208
-12.483 4.954
5.829 -12.100
3.820 13.500
-11.626 -6.884
12.612 -1.825
-8.229 11.256
-1.537 -13.113
9.914 9.350
-13.931 -0.402
10.577 -9.425
-1.089 14.319
-8.660 -10.599
13.672 1.810
-11.504 7.931
3.338 -13.110
6.337 13.243
-13.647 -4.151
12.987 -5.918
-6.269 13.249
-3.892 -14.025
12.093 6.974
-13.962 3.793
8.160 -12.211
1.498 14.007
-11.328 -8.856
14.750 -0.212
-10.481 10.820
0.306 -14.345
9.569 11.233
-15.449 -1.935
12.093 -8.501
-3.627 14.918
-6.511 -12.580
14.175 5.101
-13.758 6.944
4.948 -13.773
5.193 14.700
-13.625 -7.078
14.069 -3.714
-8.150 13.080
-2.925 -15.583
12.750 10.123
-14.796 1.325
10.214 -11.201
-0.203 15.830
-9.893 -11.895
15.373 1.468
-12.848 9.510
2.951 -14.862
8.218 12.529
-15.908 -4.437
14.197 -7.187
-5.399 15.037
-6.533 -14.405
14.330 6.962
-15.455 5.185
7.257 -13.779
3.531 16.091
-12.998 -9.518
16.633 -2.057
-10.227 12.637
-0.561 -16.317
11.152 12.040
-15.843 -0.187
12.811 -10.224
-2.319 16.225
-10.345 -13.597
15.801 4.135
-14.471 8.591
4.546 -15.716
7.536 15.095
-15.677 -6.284
16.467 -5.777
-8.142 14.887
-4.844 -15.588
13.481 8.466
-15.924 3.026
9.873 -13.944
1.627 16.698
-12.004 -11.201
16.929 -0.291
-13.202 11.287
2.350 -17.266
10.033 13.982
-17.392 -2.492
15.387 -8.503
-5.171 16.845
-7.686 -15.775
16.068 6.300
-16.462 6.671
6.992 -15.608
5.551 16.488
-14.742 -9.323
16.899 -4.003
-9.850 14.367
-2.104 -17.542
13.284 11.913
-17.566 -0.374
13.694 -12.600
-1.650 18.562
-11.711 -14.826
17.057 2.838
-15.188 10.259
4.163 -17.949
9.295 15.635
-17.492 -6.329
17.207 -7.602
-7.394 16.720
-5.754 -17.069
16.120 8.108
-17.317 4.231
10.568 -15.925
3.850 18.311
-13.829 -11.467
18.724 -1.655
-12.988 14.215
0.620 -17.609
12.428 13.513
-19.237 -2.563
14.838 -11.163
-3.378 18.185
-9.999 -16.143
18.578 5.882
-16.837 8.834
6.562 -18.227
6.435 18.287
-17.148 -8.740
18.368 -6.195
-9.934 17.083
-3.393 -18.682
15.067 11.703
