-1.262 1.464
-0.215 -1.499
1.163 0.505
-1.709 -0.283
1.967 -1.064
-0.765 3.235
-1.826 -2.527
3.604 0.546
-3.040 1.530
0.778 -3.834
1.815 2.942
-3.578 -0.888
3.719 -1.497
-2.464 3.880
-1.576 -4.581
3.465 2.363
-4.791 0.966
3.577 -4.735
0.517 5.340
-4.357 -3.259
5.184 -0.498
-4.409 4.235
-0.048 -5.445
3.542 5.111
-6.340 -0.791
5.354 -2.887
-1.664 5.429
-3.278 -5.080
5.299 2.150
-6.209 2.243
1.959 -5.632
2.329 6.476
-6.152 -3.072
6.628 -1.620
-3.723 6.504
-1.406 -6.591
5.642 4.864
-7.463 0.646
5.746 -5.499
0.064 8.266
-5.396 -6.076
7.317 1.457
-6.430 4.054
1.214 -7.507
4.215 6.943
-7.878 -2.580
7.254 -3.358
-2.112 7.239
-3.645 -7.387
7.271 4.131
-8.018 2.410
4.911 -7.108
1.836 8.562
-6.776 -4.981
8.182 -0.741
-5.516 6.103
-0.090 -8.703
6.232 6.581
-8.575 -0.896
7.516 -6.110
-1.851 9.049
-5.034 -8.576
8.888 2.591
-8.920 3.961
3.044 -9.108
3.697 8.646
-9.325 -3.657
9.005 -2.668
-4.872 8.205
-2.246 -8.906
9.014 5.297
-9.828 2.322
6.294 -8.238
0.694 10.535
-8.370 -7.246
10.805 0.380
-8.213 6.515
0.941 -10.197
6.489 8.763
-10.535 -2.292
9.032 -5.188
-3.225 10.314
-3.822 -9.850
10.449 4.131
-10.803 4.246
4.258 -10.489
2.580 10.754
-9.612 -5.501
11.692 -2.071
-6.545 8.799
-0.975 -12.144
8.020 6.772
-11.738 0.874
8.567 -8.258
-0.600 11.830
-6.792 -8.972
10.626 2.235
-9.831 5.737
3.001 -11.757
5.867 10.560
-11.166 -4.039
10.790 -4.882
-4.926 11.140
-3.114 -11.598
10.719 5.934
-11.808 2.674
6.975 -10.867
2.344 12.922
-10.265 -7.951
12.596 -0.444
-8.400 8.703
0.728 -12.788
8.911 9.417
-12.237 -1.684
9.985 -7.034
-2.465 12.110
-6.626 -10.757
12.291 3.618
-11.623 5.853
5.163 -12.080
4.318 11.757
-11.650 -5.795
12.588 -3.584
-7.384 10.444
-2.448 -13.214
10.994 7.714
-13.313 1.771
9.186 -10.605
0.630 13.497
-8.450 -9.540
13.926 0.698
-10.116 8.484
2.372 -13.419
7.313 11.865
-13.684 -3.665
12.566 -6.951
-4.104 13.057
-5.993 -12.421
12.945 5.260
-12.790 4.407
7.589 -12.567
4.023 13.686
-12.076 -7.606
14.516 -2.035
-9.585 10.953
-0.810 -13.936
10.835 9.587
-14.686 -0.116
10.885 -8.942
-1.182 14.330
-8.275 -12.212
14.798 2.820
-12.157 7.620
4.135 -14.165
6.865 13.974
-13.744 -5.440
14.460 -5.159
-6.939 12.349
-3.519 -14.648
13.357 7.687
-14.228 3.426
9.435 -12.411
1.565 15.274
-10.829 -9.720
15.407 -0.370
-11.418 11.001
1.460 -16.214
9.231 11.640
-14.969 -2.388
13.342 -8.521
-4.511 14.799
-7.213 -13.654
15.003 5.518
-14.042 5.693
5.960 -13.748
5.025 15.732
-13.802 -7.920
15.532 -3.743
-8.453 13.369
-2.049 -15.799
12.819 10.071
-15.501 1.499
11.510 -11.786
-0.819 16.090
-10.851 -12.772
16.177 1.610
-13.330 9.427
3.941 -15.931
8.542 13.345
-15.579 -5.094
14.834 -6.970
-5.685 16.111
-5.219 -15.477
15.126 7.378
-15.632 4.829
8.479 -14.587
3.355 16.553
-13.869 -10.591
16.913 -1.368
-10.369 12.607
-0.326 -15.915
11.272 11.648
-17.075 -0.597
13.063 -10.527
-2.772 16.182
-9.538 -13.990
16.682 4.837
-15.721 7.516
6.178 -16.062
7.466 15.905
-15.555 -8.192
16.918 -4.926
-8.965 15.085
-3.556 -16.889
14.614 10.096
-16.884 2.725
10.733 -13.692
0.302 17.440
-12.623 -11.927
17.416 0.345
-13.506 11.389
2.663 -17.644
9.331 14.887
-18.050 -4.528
16.420 -8.812
-5.962 17.928
-6.993 -15.815
16.913 7.062
-17.288 6.375
7.965 -16.353
4.314 18.095
-15.801 -10.208
18.034 -3.000
-11.107 14.181
-2.073 -17.925
13.044 12.151
-19.112 -0.090
13.191 -13.271
-1.992 17.854
-11.663 -14.741
19.012 3.051
-15.058 9.149
4.470 -17.806
8.419 17.485
-17.477 -6.273
17.054 -7.160
-8.003 17.220
-5.284 -18.757
16.628 9.223
-18.837 4.522
11.751 -15.419
2.110 19.131
-15.262 -11.951
19.732 -1.076
-13.752 13.093
1.509 -19.018
