1.928 0.130
-1.070 1.072
-0.295 -1.233
0.800 1.536
-2.032 -0.934
3.047 -1.331
-0.925 2.978
-1.727 -3.210
3.049 1.513
-3.533 1.680
1.263 -3.218
1.438 3.394
-3.430 -2.075
4.582 -0.359
-2.717 4.011
-0.191 -4.190
3.649 3.252
-5.934 -0.017
3.960 -3.620
0.010 5.441
-3.511 -3.847
6.034 0.983
-4.325 3.308
1.961 -5.902
3.174 5.545
-5.523 -2.548
5.341 -1.929
-2.095 5.671
-1.462 -5.528
5.522 3.619
-5.680 1.815
3.780 -5.750
1.237 6.764
-5.275 -4.328
7.436 -0.928
-4.427 5.082
0.502 -7.432
4.998 5.580
-7.847 -1.294
6.572 -5.015
-1.620 7.963
-3.228 -6.726
7.103 2.707
-6.732 3.536
3.022 -7.539
2.667 7.849
-7.041 -3.785
7.057 -2.657
-3.719 7.350
-1.062 -8.295
6.741 4.965
-8.633 0.341
5.745 -6.609
0.085 8.409
-5.505 -6.098
8.192 0.746
-6.906 5.297
1.521 -8.935
4.432 7.396
-9.399 -2.341
8.348 -3.953
-3.836 9.175
-3.265 -8.663
8.523 4.755
-9.111 3.034
4.694 -8.148
2.675 9.653
-7.541 -5.599
9.487 -1.031
-5.774 7.144
-1.176 -10.389
7.757 6.465
-10.366 -0.087
8.008 -6.880
-0.769 11.044
-6.183 -8.868
10.141 2.656
-8.720 5.370
3.111 -10.450
4.493 9.801
-9.572 -4.107
10.185 -3.614
-5.582 8.970
-2.970 -10.836
9.882 6.090
-10.944 2.893
7.051 -8.520
1.372 10.990
-8.676 -8.107
10.966 -0.049
-9.126 8.071
0.600 -10.479
7.746 8.862
-11.748 -1.892
9.821 -6.623
-3.097 10.818
-4.593 -9.839
10.490 4.417
-11.204 4.660
4.922 -11.032
3.474 11.354
-10.383 -5.697
11.866 -2.749
-7.405 9.454
-1.690 -12.135
9.229 7.837
-12.878 0.947
8.926 -9.633
-0.195 12.982
-7.918 -9.806
12.004 1.492
-10.663 7.096
2.181 -12.781
6.001 10.796
-11.620 -3.761
11.164 -5.300
-4.624 11.757
-4.486 -12.002
11.659 5.780
-12.760 3.125
6.809 -10.512
2.361 12.796
-10.424 -7.915
12.786 -0.366
-9.097 9.892
-0.432 -13.424
9.410 9.583
-13.996 -0.979
10.415 -8.607
-2.555 12.485
-7.803 -11.555
12.858 2.995
-12.155 6.161
5.097 -12.972
5.285 13.144
-13.104 -5.875
12.906 -4.558
-6.335 12.250
-3.566 -13.510
11.204 7.582
-14.606 1.477
8.529 -11.434
1.168 14.224
-10.343 -10.386
14.514 1.089
-10.658 9.016
1.161 -14.421
8.725 11.814
-13.686 -3.335
12.169 -7.658
-4.797 13.950
-6.630 -13.527
13.393 5.147
-13.810 5.198
7.053 -13.880
3.902 14.257
-12.808 -8.465
14.042 -1.865
-9.601 11.609
-1.873 -15.297
11.283 9.321
-15.590 -0.093
11.275 -10.422
-1.271 14.496
-9.546 -12.099
15.653 2.526
-13.843 8.567
3.766 -14.370
7.078 13.404
-14.825 -5.553
14.543 -5.279
-6.588 13.967
-4.596 -15.310
12.984 7.811
-14.572 3.489
9.563 -13.465
1.953 15.792
-12.319 -10.173
15.766 -1.267
-11.404 11.125
0.357 -16.298
10.506 11.496
-16.335 -2.128
13.358 -9.006
-3.699 16.347
-8.426 -13.903
15.543 5.000
-15.106 6.414
5.543 -14.843
5.280 15.517
-14.481 -7.678
16.297 -5.127
-9.243 13.466
-3.182 -16.526
13.247 9.601
-16.756 1.978
11.223 -12.622
-0.142 17.450
-11.249 -12.703
16.308 0.723
-12.532 9.816
2.547 -16.008
9.775 14.013
-16.262 -4.125
14.605 -7.500
-5.461 16.027
-6.148 -16.245
15.449 8.059
-16.554 4.704
8.236 -15.520
2.788 17.357
-14.097 -10.571
17.446 -1.888
-11.371 12.984
-0.701 -17.748
12.317 11.865
-17.393 -0.362
13.765 -10.712
-1.958 17.256
-10.181 -14.134
17.217 3.962
-15.709 8.464
6.302 -16.400
7.216 17.153
-16.906 -7.840
17.916 -5.996
-8.448 15.088
-4.508 -17.765
15.478 9.997
-17.860 3.449
11.881 -14.314
1.324 18.765
-13.227 -12.620
18.009 0.368
-13.089 12.421
1.885 -17.727
11.403 15.338
-18.533 -2.580
15.473 -9.127
-4.785 18.178
-8.975 -17.036
16.358 6.549
-16.924 7.116
8.927 -17.231
5.477 17.742
-15.965 -9.338
18.576 -3.940
-11.828 15.488
-2.609 -18.834
14.926 12.348
-19.386 -0.140
14.032 -13.174
-0.393 19.381
-12.708 -15.133
18.727 3.136
-16.115 10.212
