-12.79955, 9.99159
-15.84519, 7.73996
-18.51111, 2.44479
-19.30384, 0.12670
-16.83478, 1.63121
-17.41098, -1.50429
-15.93625, -2.47555
-15.40417, -0.01582
-18.32089, 6.56059
-14.17297, 7.11947
-14.62135, 5.40665
-12.19955, 3.07597
-11.11892, 4.77480
-12.61745, 6.02062
-10.30604, 7.89149
-12.59838, 7.98001
-14.27826, -6.01322
-15.47406, -7.36693
-11.59568, -8.20374
-12.62311, -5.46306
-9.68263, -8.43923
-10.63048, -6.07880
-11.87182, -3.69483
-14.16470, -2.66244
-13.49427, -0.74637
-13.13824, 0.99459
-14.06119, 2.56787
-16.22771, 3.37347
-16.61774, 5.79194
-17.64888, -3.81284
-15.84447, -4.44385
-17.27417, -7.79911
-8.75219, 0.92085
-9.02758, 2.81004
-11.00603, 1.43555
-9.42333, 5.53396
-7.40648, 3.50035
-6.71146, 1.61016
-5.47727, 3.00202
-2.73504, 3.18292
-10.61534, -0.40713
-11.72800, -1.79497
-9.94940, -4.25965
-8.84353, -2.77715
-7.04840, -2.85555
-5.28135, -2.21334
-8.25714, -0.80724
-5.38187, -0.01558
-11.65076, -15.05935
-9.95196, -14.60727
-11.53933, -11.61924
-9.80583, -12.48388
-7.44459, -10.91835
-7.82817, -9.24771
-9.97340, -10.68317
-12.47822, -9.78894
-2.73588, 5.04099
-5.44314, 5.07747
-7.21846, 5.51735
-6.26625, 8.40018
-7.59576, 7.25893
-14.10857, -10.48886
-16.40111, -9.74632
-12.97864, -12.54080
-3.78714, -4.84789
-3.66882, -2.83932
-6.12413, -4.40888
-6.38933, -12.89601
-8.04046, -14.26721
-7.59552, -15.95873
-5.90432, -16.40689
-4.58793, -17.88605
-7.72132, -5.71269
-8.12378, -7.43736
-5.57187, -6.12951
-5.67682, -8.85992
-3.04725, -9.33023
-3.42430, -6.80899
-1.64492, -6.42375
-1.23661, -3.16254
0.29713, -11.78885
1.76659, -8.47810
3.33202, -10.28433
4.54796, -8.88646
3.33044, -7.61024
1.40066, -6.27788
1.21530, -3.51231
-0.50157, -4.88339
-4.26111, -14.56575
-3.09751, -13.18647
-3.14982, -11.23661
-4.68018, -12.19246
-4.71281, -10.37899
0.09666, -7.52784
-1.62109, -8.23102
-1.33477, -10.05460
2.89808, -12.04862
-0.43847, -13.43464
-1.48794, -12.02619
4.99270, -13.26397
3.87928, -14.67261
6.61437, -14.99534
6.33957, -17.52014
7.96272, -16.76522
-1.98145, -14.51212
-3.23720, -16.08516
-2.60583, -19.25473
-1.02636, -17.11255
2.03064, -19.03510
0.03136, -15.59100
2.33391, -16.95133
1.58220, -14.58599
10.71834, -9.81677
9.25915, -12.93818
11.91402, -12.72949
13.11619, -11.37640
13.41302, -13.98336
15.85634, -10.10461
13.75121, -9.53236
9.57787, -5.85341
9.71324, -14.63090
11.71530, -14.68064
6.80742, -13.16367
6.92155, -10.96923
5.09685, -10.71911
10.30198, -7.42382
8.91297, -9.41319
8.75066, -11.24990
17.12874, -1.79650
14.89067, -2.04027
13.32780, -1.11692
13.07620, 3.72791
15.95965, 3.10438
12.61802, 2.03377
13.92503, 0.61296
15.90210, -0.43670
11.80017, -1.91580
12.95013, -4.71627
12.99738, -7.02277
14.27119, -5.79607
14.89257, -8.07686
16.43581, -5.33159
15.87616, -3.60145
19.20410, -3.37416
3.65975, -5.82463
5.64044, -6.22613
6.41624, -9.02580
8.00252, -7.59540
11.37635, -5.52495
10.11865, -2.81739
8.99839, -4.16245
5.34454, -2.74715
15.82017, 1.30405
18.01481, -0.24600
18.78268, 3.42866
17.25722, 4.43013
17.20074, 6.27103
15.39055, 5.53385
3.62948, -4.02394
6.57332, -4.73464
11.34390, 4.19702
8.72902, 3.96545
9.92648, 5.32025
11.33352, 10.64947
10.03595, 8.03092
11.69767, 8.84201
11.44502, 6.34001
13.68405, 5.54588
7.33170, 1.95036
5.39325, 0.47422
6.67510, -0.75051
8.64961, 0.78018
7.70727, -2.89602
9.06567, -1.34678
12.15659, 0.29334
10.00262, 1.94033
0.44149, -1.67706
2.67010, -1.59822
1.46489, -0.06806
4.65140, -1.10522
3.70808, 1.15670
0.79071, 2.06849
-0.95717, 3.50271
-3.17873, 1.49584
13.04356, 7.31762
15.31998, 7.75710
15.41430, 9.59007
13.60739, 9.95205
14.10482, 13.24868
-0.70269, 1.06511
-3.20616, -1.11361
-1.38073, -1.40145
7.27822, 9.38817
4.19985, 9.53249
3.70771, 11.24696
7.09012, 14.15025
5.55571, 13.17863
5.92023, 10.65280
7.73030, 11.72892
9.59569, 10.23163
1.08233, 3.80206
2.29427, 5.59245
4.32091, 4.05107
5.37425, 2.53413
4.83182, 6.28691
6.53998, 5.62778
7.50334, 7.08900
5.29246, 8.08532
-2.22080, 7.14227
-0.05290, 5.20474
0.92209, 6.74517
2.57580, 7.55940
-0.13754, 8.16371
1.70610, 9.18650
-1.53279, 10.68490
-3.34556, 10.31609
10.50323, 12.65560
12.50282, 12.09692
11.82133, 14.46625
9.09136, 14.02119
7.06531, 17.23535
-5.23342, 9.95444
-3.50887, 8.59811
-4.86601, 6.79424
3.10321, 17.34911
1.08049, 18.24724
2.08995, 15.80879
-6.58361, 16.07064
-7.06190, 14.33594
-4.88748, 11.84638
-4.36921, 14.44633
-2.15612, 13.77257
-0.41183, 16.99866
0.50255, 14.61999
-0.85439, 12.56677
0.86490, 11.85759
2.25237, 12.86234
3.61010, 14.91251
5.36497, 15.44888
5.32419, 17.71066
-8.84451, 10.13586
-7.01002, 10.02821
-6.61443, 12.32376
-9.06139, 12.45353
-8.91452, 14.27181
-8.80036, 16.09264
-10.91019, 15.53496
-11.62672, 13.47902
-3.32508, 15.91366
-1.25348, 15.37088
-2.16413, 17.30433
-0.98345, 19.74880
-5.03739, 18.59344
-13.49002, 11.70449
-11.36715, 11.72396
-10.66074, 9.78151
