0.079 -1.931
1.100 1.041
-1.225 0.327
1.515 -0.840
-0.880 2.056
-1.410 -3.011
3.001 0.847
-3.164 1.811
1.433 -3.087
1.771 3.488
-3.250 -1.178
3.356 -1.527
-1.984 3.483
-0.479 -4.571
4.081 2.611
-4.184 0.301
3.155 -3.733
0.138 5.932
-3.722 -3.864
5.439 -0.153
-3.753 3.611
0.825 -6.057
3.420 4.237
-5.951 -1.806
5.460 -3.318
-2.403 5.588
-2.068 -5.288
5.724 1.945
-5.488 1.607
3.473 -5.614
1.963 5.631
-5.847 -3.628
6.729 -1.414
-4.189 5.386
-1.122 -7.409
5.196 4.292
-7.442 -0.307
5.448 -5.142
-1.088 7.879
-5.185 -6.438
8.003 1.410
-6.640 3.403
2.521 -7.171
3.711 6.637
-7.616 -2.823
7.777 -2.871
-3.599 7.138
-2.841 -6.985
7.445 3.525
-8.265 1.279
4.787 -6.869
0.566 8.621
-6.757 -5.570
8.404 -0.305
-5.952 5.663
0.532 -8.209
5.476 6.765
-8.972 -1.286
7.277 -4.624
-2.094 9.457
-4.170 -8.242
9.272 3.594
-8.575 3.491
4.530 -8.645
3.271 9.029
-8.268 -4.479
9.580 -2.927
-5.400 7.685
-1.279 -9.456
7.292 5.585
-10.355 1.447
6.260 -7.924
0.185 10.365
-7.087 -7.825
11.060 0.480
-8.704 6.413
2.390 -10.207
5.596 8.576
-10.528 -2.837
9.680 -4.748
-3.855 9.676
-3.879 -10.087
9.113 5.345
-10.755 3.253
5.829 -10.038
3.178 10.865
-8.701 -6.826
10.950 -1.660
-7.877 8.885
-0.336 -10.961
8.307 8.911
-10.491 -0.326
8.656 -7.976
-1.584 11.793
-6.878 -9.644
10.895 2.813
-9.715 4.849
4.141 -10.602
4.951 11.078
-11.157 -4.632
11.259 -3.770
-5.423 10.528
-3.059 -11.790
9.645 7.155
-12.086 2.007
7.593 -9.431
1.284 12.848
-9.863 -8.671
12.983 -0.145
-9.595 8.172
1.177 -12.039
7.372 10.474
-12.833 -1.845
10.636 -6.281
-3.456 11.715
-5.590 -11.022
11.874 4.314
-11.880 4.799
5.473 -11.806
3.457 12.674
-10.687 -6.532
12.730 -2.695
-7.639 10.628
-0.701 -12.772
10.126 8.835
-13.408 0.784
9.334 -9.657
-0.612 14.017
-8.877 -10.186
12.548 2.228
-11.347 8.103
2.658 -12.932
6.477 11.990
-13.101 -4.756
13.001 -5.627
-5.530 13.253
-4.895 -12.782
12.412 6.012
-13.412 3.918
7.286 -11.399
1.859 14.563
-11.654 -8.226
14.189 -1.540
-10.112 10.611
0.708 -14.538
9.292 10.418
-14.446 -0.783
11.582 -9.032
-2.976 13.768
-7.974 -11.965
14.071 4.430
-13.348 6.982
4.795 -13.523
5.558 13.670
-14.060 -6.688
14.150 -4.274
-8.127 13.025
-2.232 -13.988
11.857 9.294
-15.243 2.273
9.022 -11.523
0.315 15.587
-10.714 -10.998
14.524 0.891
-11.845 9.860
2.115 -15.713
8.927 13.614
-14.464 -3.388
13.215 -7.427
-5.164 14.966
-5.658 -14.400
14.135 6.220
-15.185 4.995
7.468 -13.184
3.869 14.476
-13.710 -9.208
15.736 -2.366
-9.847 12.581
-1.679 -15.727
11.419 11.109
-16.302 0.070
11.217 -10.803
-1.700 16.386
-9.352 -13.118
16.438 3.269
-13.678 8.787
4.591 -15.668
6.807 14.933
-14.983 -5.153
15.373 -5.684
-7.296 14.677
-5.552 -16.158
13.704 8.887
-16.437 3.613
9.251 -13.494
2.415 16.698
-12.911 -10.889
17.448 -0.314
-12.404 11.578
0.296 -16.321
10.141 12.270
-16.069 -2.127
13.752 -10.138
-3.698 16.364
-7.879 -14.404
16.165 5.040
-16.078 6.571
7.652 -15.655
5.135 16.425
-15.730 -7.827
17.278 -3.242
-10.199 14.369
-2.344 -17.391
13.277 11.027
-17.724 1.165
11.539 -12.623
0.093 17.397
-11.069 -13.480
17.301 1.506
-13.863 10.547
3.510 -17.315
8.872 15.482
-16.560 -5.871
16.958 -7.663
-7.395 17.105
-6.463 -17.753
15.304 8.050
-17.641 4.971
9.588 -15.734
3.916 17.763
-14.620 -11.502
18.724 -1.815
-12.270 13.553
-0.104 -18.012
12.759 12.760
-17.770 -1.421
15.034 -11.801
-2.094 18.594
-9.529 -15.229
18.297 4.307
-16.795 9.418
6.118 -16.524
7.557 16.732
-17.459 -8.473
17.593 -5.940
-8.917 16.204
-4.424 -18.467
15.792 11.418
-18.760 3.101
11.953 -15.244
0.368 19.383
-13.537 -13.682
19.384 -0.114
-14.795 13.100
2.645 -18.803
10.630 15.842
