1.666 -0.979
-0.279 1.489
-0.939 -0.853
1.527 0.818
-2.205 0.374
1.767 -2.816
0.914 2.981
-3.236 -1.678
3.371 -0.468
-1.972 3.379
-0.770 -3.370
3.101 1.994
-4.003 0.219
3.582 -2.879
0.016 4.845
-2.519 -3.354
4.847 0.630
-4.912 3.330
1.231 -5.222
3.075 4.489
-5.068 -1.199
5.538 -2.588
-1.709 5.170
-1.706 -5.980
5.747 2.792
-5.999 1.007
3.325 -4.603
1.466 5.865
-4.323 -3.742
6.601 -0.122
-3.670 4.700
-0.118 -6.881
4.834 4.890
-6.797 -0.603
5.620 -4.957
-0.793 6.693
-3.773 -6.422
7.273 1.794
-7.212 3.354
2.603 -7.846
3.150 7.491
-6.457 -3.738
7.393 -1.766
-3.569 6.715
-1.752 -7.931
6.626 4.981
-7.950 0.841
4.332 -6.172
1.070 8.168
-5.552 -6.254
8.367 0.303
-6.939 5.146
1.021 -8.697
4.809 6.899
-7.984 -1.935
7.188 -4.000
-2.720 8.268
-3.779 -8.238
7.829 3.612
-9.084 3.362
4.669 -7.970
2.002 9.741
-7.579 -5.317
9.720 -0.875
-5.817 7.641
-0.714 -9.376
7.649 6.467
-9.384 -0.376
7.256 -6.197
-0.744 9.155
-6.826 -7.920
10.051 0.969
-8.613 5.770
2.738 -10.196
5.588 9.557
-10.106 -3.842
9.874 -3.521
-4.177 9.350
-3.319 -10.386
9.235 5.565
-10.222 2.001
6.377 -8.725
0.444 10.556
-8.560 -7.278
11.595 -0.538
-7.411 8.557
1.024 -11.012
7.327 8.305
-11.736 -1.808
9.031 -6.220
-2.990 11.810
-5.409 -8.995
11.393 2.956
-10.771 5.057
4.381 -11.006
3.538 10.682
-9.339 -5.540
11.155 -2.262
-6.630 10.163
-2.151 -11.888
9.268 7.422
-11.787 1.145
8.253 -8.958
-0.789 11.983
-8.234 -9.072
12.040 1.274
-10.104 8.039
1.945 -12.988
7.155 10.834
-12.067 -3.639
10.757 -5.532
-4.810 11.871
-5.401 -11.787
11.041 5.537
-11.719 3.441
6.236 -10.669
2.806 12.318
-10.469 -7.386
12.889 -1.795
-8.780 9.772
-0.299 -12.521
9.161 9.241
-13.072 -0.664
10.356 -7.508
-1.941 13.298
-7.922 -10.845
13.174 2.614
-12.114 7.078
3.753 -12.980
4.925 11.754
-12.958 -5.149
12.310 -4.772
-6.570 11.939
-3.099 -13.588
11.773 7.880
-14.136 2.531
8.093 -11.038
1.671 13.690
-10.559 -9.151
13.528 -0.051
-11.234 9.451
0.602 -14.252
8.981 11.092
-14.397 -2.752
12.604 -7.280
-3.724 13.454
-7.167 -12.567
13.866 4.843
-13.185 4.957
5.737 -13.184
3.898 14.227
-13.100 -7.438
13.964 -3.295
-8.480 12.077
-1.995 -15.441
11.258 9.579
-15.351 0.224
10.549 -9.454
-1.389 15.001
-10.167 -11.581
14.573 1.342
-12.932 8.709
3.441 -14.964
7.119 12.691
-14.704 -4.615
14.354 -6.734
-6.608 14.879
-4.987 -13.993
13.401 7.085
-15.377 3.767
9.039 -12.556
2.428 15.251
-12.424 -10.058
15.128 -0.864
-10.072 11.094
0.313 -16.512
10.513 11.945
-15.910 -1.462
12.310 -9.931
-3.152 15.617
-8.890 -13.665
15.157 3.576
-14.694 7.448
5.960 -14.967
6.156 15.588
-14.795 -6.737
15.657 -4.628
-8.865 13.811
-3.785 -15.386
13.106 9.843
-16.289 1.818
10.574 -13.420
-0.047 16.333
-11.941 -11.859
16.354 0.466
-12.727 11.076
2.159 -16.751
9.716 14.496
-16.452 -4.155
13.879 -8.593
-4.821 15.171
-6.916 -14.659
15.972 6.068
-15.758 5.756
7.839 -14.426
4.520 16.318
-14.233 -9.955
17.304 -2.048
-11.025 13.214
-1.942 -17.462
12.085 12.768
-17.603 -0.789
13.348 -11.391
-2.076 17.134
-10.580 -14.267
16.861 2.861
-14.573 9.502
5.335 -16.606
8.106 15.359
-16.375 -5.939
16.456 -6.429
-8.207 15.844
-4.036 -17.100
15.627 10.104
-18.384 3.050
11.422 -15.050
1.523 17.225
-13.735 -12.136
18.420 -0.464
-12.810 12.914
1.748 -18.520
11.668 14.756
-18.038 -2.972
15.084 -9.845
-3.814 17.637
-8.432 -15.706
18.064 6.245
-16.764 8.312
7.639 -16.259
6.291 17.713
-17.015 -9.015
17.203 -3.808
-9.970 15.416
-2.335 -19.266
14.523 11.570
-18.452 1.282
13.126 -13.723
-1.043 19.459
-12.769 -14.089
19.289 1.789
-16.093 10.809
4.168 -18.790
10.597 16.232
-19.026 -5.340
17.238 -7.963
-7.558 17.517
