-0.628 1.828
-0.757 -1.312
1.268 0.037
-1.692 0.372
1.431 -1.719
0.491 3.288
-2.634 -1.669
3.549 -0.831
-2.255 2.549
-0.701 -3.849
2.778 2.058
-3.652 0.504
2.897 -2.771
-0.847 4.517
-3.165 -3.668
4.095 0.907
-4.090 2.676
1.562 -5.724
2.463 4.766
-5.256 -1.407
4.628 -2.388
-2.521 5.569
-2.067 -5.037
5.187 3.430
-6.180 1.620
3.899 -4.669
0.471 5.659
-4.930 -3.500
5.718 0.028
-4.932 4.388
-0.273 -5.957
4.567 5.148
-6.853 -0.567
5.553 -3.965
-1.041 7.421
-3.754 -5.598
7.045 2.421
-6.690 3.372
3.293 -7.239
3.129 7.651
-7.266 -3.638
7.335 -1.364
-4.464 6.152
-1.660 -7.421
6.492 4.881
-8.273 0.530
5.489 -5.812
0.727 7.506
-6.128 -5.505
8.286 1.135
-6.549 5.215
1.920 -8.423
4.884 7.268
-8.141 -2.109
7.322 -3.726
-2.855 7.715
-3.316 -8.047
8.231 3.796
-8.295 2.353
4.709 -8.464
1.642 9.090
-7.859 -6.093
9.215 -0.895
-6.811 6.990
-0.556 -9.587
6.644 6.655
-10.017 0.068
7.370 -5.822
-1.476 9.428
-5.393 -7.435
10.337 1.571
-8.263 5.805
2.784 -9.986
4.556 9.524
-10.462 -3.619
10.173 -3.660
-5.206 9.099
-2.913 -9.817
9.279 5.726
-10.633 1.784
6.459 -8.171
0.836 10.774
-7.207 -7.726
11.236 -0.045
-8.454 7.954
0.058 -11.320
6.389 9.027
-10.968 -1.538
10.087 -6.265
-2.809 10.600
-5.415 -10.913
9.961 3.310
-10.574 5.170
4.887 -10.849
3.836 11.207
-9.638 -5.808
10.696 -1.871
-6.997 8.977
-1.580 -12.031
9.369 7.626
-11.867 0.396
8.205 -8.540
-0.437 12.173
-7.199 -9.612
12.156 1.529
-9.971 6.868
2.440 -12.680
6.975 11.127
-12.483 -3.570
11.530 -5.090
-4.568 11.201
-4.073 -12.143
11.771 5.435
-11.987 2.981
6.658 -10.239
2.208 12.159
-10.147 -7.527
12.756 -1.205
-8.618 9.751
0.307 -13.133
8.375 9.313
-12.969 -1.054
10.357 -8.002
-2.977 12.440
-7.180 -11.360
13.073 3.079
-11.704 6.588
4.591 -13.258
5.597 12.298
-11.388 -5.719
13.189 -4.524
-6.242 11.634
-2.781 -13.341
11.196 8.300
-14.067 1.679
9.086 -11.121
1.039 13.647
-10.177 -9.307
13.973 0.077
-10.239 8.842
2.379 -14.487
8.818 11.213
-14.037 -2.577
12.722 -7.280
-4.832 13.730
-5.928 -12.639
13.621 4.878
-13.679 5.346
6.786 -12.344
4.224 13.744
-12.219 -8.265
14.787 -2.877
-8.458 11.590
-1.421 -14.688
11.563 10.426
-14.782 0.053
11.510 -10.160
-1.857 14.043
-8.708 -12.294
15.257 2.177
-11.938 8.465
4.151 -15.028
7.125 13.601
-13.664 -5.003
14.168 -6.065
-6.516 14.454
-4.665 -15.597
12.893 7.379
-14.786 3.342
9.224 -12.867
1.308 15.416
-11.768 -9.999
15.979 -0.449
-10.923 10.501
0.428 -14.978
10.508 12.741
-15.756 -2.228
13.031 -9.244
-2.884 15.552
-7.770 -13.909
15.642 4.590
-13.836 7.149
6.310 -15.217
5.215 15.243
-14.819 -7.829
15.618 -4.513
-8.876 13.703
-2.257 -16.256
12.887 9.218
-16.356 1.056
11.185 -11.980
0.705 17.070
-10.593 -12.432
16.784 1.233
-12.720 10.289
2.456 -16.692
9.262 14.123
-16.810 -4.683
15.195 -7.551
-4.946 15.556
-6.213 -14.656
14.791 6.629
-16.076 5.787
8.219 -14.625
3.436 16.055
-14.051 -9.448
17.285 -1.704
-11.805 12.816
-0.229 -17.208
12.838 11.995
-17.484 -1.830
13.879 -10.857
-2.722 17.335
-9.574 -14.361
17.318 3.947
-14.664 8.800
4.881 -16.698
6.757 16.080
-16.150 -6.386
16.298 -6.147
-8.311 15.591
-4.079 -17.371
14.192 10.357
-18.441 2.499
11.973 -14.280
1.122 18.860
-12.366 -12.087
18.326 0.276
-13.684 12.339
1.322 -18.142
10.725 15.199
-18.462 -3.610
15.630 -9.482
-5.046 17.291
-8.582 -15.873
16.624 6.438
-17.779 7.014
7.319 -17.221
4.781 17.317
-16.303 -9.355
18.786 -4.228
-10.584 14.087
-2.462 -18.193
14.311 13.108
-18.556 0.666
13.175 -12.982
-1.036 18.961
-11.872 -15.454
18.864 2.388
-15.810 11.194
5.185 -18.680
9.063 16.979
-18.609 -5.428
17.921 -8.327
-7.906 17.264
-5.661 -18.219
