1.826 -0.634
-0.566 1.405
-0.753 -1.020
1.337 1.102
-2.235 -0.065
2.284 -2.415
0.312 3.102
-2.844 -2.280
3.397 0.201
-2.596 2.927
-0.095 -3.456
2.650 2.563
-3.968 -0.569
4.077 -2.121
-0.934 4.754
-1.813 -3.782
4.629 1.567
-5.469 2.303
2.231 -4.879
2.136 5.005
-4.735 -2.169
5.938 -1.452
-2.689 4.735
-0.501 -6.199
5.089 3.864
-6.080 -0.188
4.162 -3.862
0.288 6.039
-3.506 -4.517
6.497 1.174
-4.519 3.890
1.233 -6.770
3.782 5.743
-6.547 -1.923
6.482 -3.759
-2.089 6.408
-2.442 -7.037
6.781 3.184
-7.729 1.875
4.090 -7.184
1.621 7.963
-5.600 -4.930
7.596 -0.283
-4.815 5.885
-0.164 -8.121
5.522 6.183
-7.960 -0.733
5.458 -5.203
-0.551 8.219
-4.219 -7.221
8.145 1.936
-7.813 3.687
2.706 -8.328
3.364 7.708
-7.450 -3.462
7.833 -2.514
-4.287 7.575
-2.091 -8.819
6.970 5.076
-9.567 1.517
6.140 -6.901
0.054 9.944
-6.391 -6.699
9.703 1.047
-7.201 6.353
1.137 -9.334
6.234 7.841
-9.129 -2.208
8.330 -4.656
-2.523 8.832
-5.142 -9.104
9.667 2.920
-9.576 3.971
4.683 -9.462
3.607 10.466
-9.157 -5.747
10.373 -1.518
-5.928 8.350
-1.219 -10.835
7.965 7.266
-10.416 -0.041
7.963 -7.306
-1.633 10.438
-6.968 -8.814
11.476 1.745
-8.944 6.939
3.162 -10.597
5.557 9.580
-11.154 -4.072
10.075 -4.330
-5.246 10.995
-3.542 -9.881
10.593 5.131
-11.553 2.848
6.452 -9.934
1.376 11.168
-8.072 -7.262
11.382 -0.033
-8.492 8.667
0.220 -12.079
7.634 9.094
-11.783 -1.187
9.849 -7.167
-3.122 11.596
-6.297 -10.510
11.557 3.608
-11.484 5.903
4.452 -12.355
4.893 12.026
-11.120 -5.933
11.632 -3.317
-7.043 10.698
-2.987 -12.617
9.742 7.593
-12.166 1.078
8.206 -9.241
0.338 12.629
-8.819 -9.295
12.991 0.765
-10.525 7.862
2.161 -12.337
7.173 10.857
-12.688 -3.213
11.626 -5.333
-4.509 12.660
-5.643 -12.187
12.406 5.145
-13.266 4.567
6.224 -11.993
2.526 12.491
-11.698 -7.588
13.007 -2.267
-8.782 10.420
-0.376 -13.932
10.001 10.034
-14.358 -0.288
10.099 -9.239
-1.044 13.752
-8.561 -11.043
13.276 2.601
-12.868 7.067
3.383 -13.858
6.633 12.637
-13.579 -5.519
13.786 -4.669
-6.288 12.463
-4.566 -13.728
12.648 7.466
-13.901 2.277
8.210 -11.805
1.035 14.715
-11.388 -9.861
14.339 -0.495
-10.682 10.181
1.069 -15.532
9.163 11.599
-15.097 -2.788
12.197 -7.203
-4.301 14.438
-7.701 -13.349
14.028 4.171
-14.387 6.006
6.307 -13.999
4.494 13.840
-13.515 -7.407
15.395 -3.791
-9.395 13.295
-2.149 -14.699
11.753 9.573
-15.817 0.681
11.324 -10.541
-0.607 15.431
-10.213 -12.298
15.004 2.117
-12.051 8.905
3.542 -16.131
7.969 13.774
-15.315 -4.551
14.017 -7.327
-6.151 14.696
-6.040 -15.142
14.163 6.477
-15.868 4.424
8.777 -13.509
2.983 16.492
-13.188 -9.506
16.261 -1.471
-11.399 11.807
-0.697 -15.829
10.923 12.220
-16.329 -1.409
12.998 -11.088
-3.246 16.007
-9.386 -13.969
15.945 3.662
-14.651 8.367
5.399 -16.003
6.687 16.119
-15.318 -7.298
15.294 -5.707
-7.700 13.933
-3.910 -15.730
14.473 9.080
-16.581 2.556
10.514 -12.610
1.235 16.887
-12.006 -12.551
17.370 1.382
-13.400 10.798
1.517 -17.504
9.349 14.888
-17.107 -4.223
15.322 -8.554
-5.393 16.395
-7.580 -16.063
15.974 6.110
-16.152 6.463
8.485 -15.239
4.940 16.649
-14.894 -9.033
17.397 -3.080
-11.153 13.929
-0.607 -17.559
13.345 12.970
-18.625 -0.611
14.149 -12.520
-1.881 17.189
-11.091 -14.592
18.153 3.155
-15.092 10.154
5.343 -17.819
8.551 16.756
-17.106 -6.449
16.721 -6.698
-7.196 16.547
-5.191 -17.054
16.490 9.663
-18.068 4.866
10.677 -14.447
2.698 18.602
-14.918 -12.174
17.616 -0.364
-12.798 13.163
1.485 -19.350
11.974 14.192
-18.345 -2.358
15.560 -10.885
-4.836 18.878
-9.760 -16.318
18.565 5.534
-17.899 7.446
7.769 -17.609
7.211 17.993
-17.611 -8.965
18.464 -4.431
-10.844 15.697
