-1.866 -0.502
1.258 -0.844
0.050 1.267
-0.486 -1.662
1.812 1.311
-3.247 0.714
1.486 -2.741
1.071 3.484
-2.697 -2.076
3.792 -0.961
-1.864 2.912
-0.751 -3.609
2.962 2.701
-4.564 -0.537
3.445 -3.407
-0.626 4.147
-2.948 -3.898
5.817 1.169
-4.587 2.782
1.047 -5.339
2.697 4.455
-5.728 -2.136
4.885 -2.405
-3.070 5.408
-2.037 -6.056
4.923 3.572
-5.614 0.855
3.156 -5.156
0.361 5.707
-4.714 -4.622
5.925 -0.677
-4.825 4.907
0.100 -6.875
4.334 5.270
-7.475 -0.534
5.329 -4.126
-1.936 7.193
-3.819 -6.445
7.447 2.793
-7.421 3.643
3.135 -7.497
1.860 7.225
-6.441 -4.035
7.291 -2.161
-4.429 6.809
-1.091 -8.218
6.172 5.080
-7.439 1.236
5.076 -6.488
-0.569 8.344
-5.648 -6.179
8.534 1.343
-6.919 5.367
1.550 -8.266
4.216 7.051
-7.891 -2.323
7.803 -3.855
-3.227 8.470
-2.911 -8.116
8.765 4.122
-8.957 2.256
5.545 -8.255
1.520 9.133
-7.437 -6.320
9.527 -1.206
-6.187 7.081
-0.749 -9.989
6.309 6.957
-9.506 -0.832
7.051 -5.886
-0.864 10.420
-6.354 -7.849
10.152 2.099
-9.192 5.194
2.899 -10.684
4.343 9.901
-9.432 -4.575
9.597 -3.574
-5.082 9.647
-2.503 -10.487
8.592 5.888
-10.693 1.567
7.218 -7.715
0.809 11.207
-8.511 -7.894
11.298 -0.712
-8.572 6.988
0.788 -11.047
6.936 9.638
-10.766 -2.082
10.520 -6.145
-2.624 10.163
-5.877 -10.198
11.156 4.138
-10.920 4.590
5.139 -10.011
2.595 10.544
-9.432 -6.370
11.896 -2.395
-6.971 9.866
-1.203 -11.813
9.078 7.605
-12.174 0.392
9.100 -7.836
-0.699 12.232
-7.531 -9.480
12.816 1.572
-10.627 7.716
2.713 -12.697
5.863 11.157
-11.485 -3.795
11.838 -4.889
-4.621 12.114
-3.790 -11.756
10.668 5.946
-11.981 3.030
6.819 -10.635
2.070 12.644
-10.314 -7.935
13.124 -0.587
-8.721 8.989
0.170 -13.011
8.688 9.789
-12.613 -2.124
10.845 -7.936
-2.183 13.252
-7.369 -11.228
13.539 3.679
-11.889 6.420
4.932 -11.751
5.410 12.851
-12.032 -5.436
13.121 -3.682
-7.520 11.734
-2.631 -13.920
11.713 8.308
-13.545 1.965
8.593 -10.787
0.874 13.946
-9.518 -9.613
14.615 1.388
-10.587 9.560
1.617 -14.180
8.128 12.197
-14.026 -3.887
12.206 -6.774
-3.940 13.921
-6.264 -13.284
12.777 5.930
-13.425 5.149
7.415 -12.752
3.877 14.557
-12.138 -7.650
14.557 -2.417
-9.615 12.246
-1.059 -14.744
10.919 10.792
-14.136 -0.898
11.673 -9.524
-1.134 15.369
-9.258 -11.335
15.275 3.120
-13.085 8.034
4.062 -13.973
7.014 13.722
-14.864 -5.518
15.244 -5.715
-6.485 13.365
-4.340 -14.524
13.464 8.327
-15.291 2.353
9.176 -12.421
1.534 15.911
-11.220 -10.184
14.972 -0.592
-11.996 11.351
1.151 -15.871
10.109 12.373
-15.712 -1.819
13.348 -8.698
-3.516 15.918
-8.073 -13.317
15.611 5.260
-14.853 6.240
6.803 -15.317
5.565 15.275
-14.275 -7.923
16.064 -3.358
-8.321 13.484
-2.166 -16.247
12.713 10.344
-16.983 1.864
11.682 -11.415
-0.089 16.829
-11.130 -11.991
16.821 1.315
-13.461 10.201
3.529 -17.090
8.567 14.646
-15.857 -3.876
14.200 -7.195
-5.608 15.208
-6.867 -15.645
15.151 7.205
-15.784 4.520
8.470 -14.661
2.875 17.129
-13.590 -10.906
17.152 -1.399
-11.094 13.624
0.636 -17.568
11.775 13.108
-17.480 -1.537
13.676 -10.528
-2.760 17.546
-9.777 -14.032
16.992 3.734
-15.584 7.835
5.273 -16.547
7.242 15.843
-16.120 -7.231
17.053 -5.251
-9.368 14.864
-3.747 -18.228
15.061 10.974
-18.740 2.402
11.218 -13.159
0.971 18.303
-13.241 -12.813
18.190 0.085
-14.435 11.734
2.346 -18.665
10.524 14.949
-17.595 -3.859
15.252 -9.642
-5.292 17.023
-8.207 -17.261
17.679 6.131
-16.951 5.948
8.224 -16.902
5.496 18.455
-14.774 -9.601
17.984 -3.694
-12.104 15.169
-1.927 -18.468
13.848 12.262
-18.988 0.256
14.610 -12.895
-1.099 18.982
-12.244 -15.012
18.989 3.903
-16.324 10.197
4.150 -18.935
9.526 17.313
-17.762 -6.714
17.791 -6.887
