-1.225 1.494
-0.252 -1.494
1.175 0.476
-1.715 -0.241
1.940 -1.112
-0.686 3.253
-1.887 -2.482
3.616 0.458
-3.002 1.603
0.684 -3.852
1.887 2.897
-3.599 -0.800
3.681 -1.588
-2.368 3.939
-1.687 -4.541
3.522 2.278
-4.766 1.082
3.460 -4.821
0.648 5.326
-4.436 -3.151
5.170 -0.625
-4.304 4.341
-0.181 -5.442
3.666 5.023
-6.358 -0.636
5.282 -3.017
-1.531 5.468
-3.401 -4.999
5.349 2.019
-6.153 2.394
1.821 -5.678
2.486 6.417
-6.225 -2.920
6.587 -1.781
-3.563 6.593
-1.567 -6.555
5.759 4.724
-7.445 0.828
5.610 -5.637
0.266 8.262
-5.543 -5.943
7.351 1.278
-6.329 4.210
1.031 -7.534
4.383 6.838
-7.939 -2.387
7.170 -3.534
-1.935 7.288
-3.824 -7.296
7.370 3.952
-7.956 2.605
4.736 -7.226
2.044 8.515
-6.896 -4.814
8.161 -0.940
-5.365 6.236
-0.303 -8.698
6.391 6.427
-8.595 -0.686
7.364 -6.292
-1.630 9.092
-5.242 -8.451
8.949 2.373
-8.820 4.178
2.821 -9.179
3.907 8.553
-9.412 -3.428
8.937 -2.888
-4.670 8.322
-2.463 -8.849
9.141 5.076
-9.768 2.561
6.090 -8.389
0.951 10.514
-8.545 -7.039
10.811 0.116
-8.051 6.714
0.692 -10.217
6.701 8.602
-10.588 -2.034
8.902 -5.407
-2.972 10.390
-4.061 -9.754
10.547 3.874
-10.696 4.508
4.000 -10.590
2.842 10.688
-9.744 -5.264
11.638 -2.356
-6.328 8.956
-1.272 -12.116
8.183 6.574
-11.713 1.160
8.362 -8.465
-0.311 11.842
-7.009 -8.803
10.677 1.974
-9.688 5.975
2.713 -11.827
6.123 10.414
-11.261 -3.765
10.667 -5.144
-4.653 11.257
-3.397 -11.518
10.860 5.671
-11.739 2.962
6.707 -11.034
2.659 12.861
-10.456 -7.697
12.581 -0.752
-8.185 8.906
0.415 -12.802
9.139 9.197
-12.274 -1.384
9.810 -7.276
-2.169 12.167
-6.887 -10.592
12.376 3.317
-11.476 6.135
4.866 -12.203
4.604 11.648
-11.789 -5.509
12.497 -3.890
-7.126 10.622
-2.770 -13.150
11.179 7.443
-13.266 2.096
8.925 -10.826
0.959 13.477
-8.680 -9.330
13.939 0.358
-9.906 8.729
2.043 -13.473
7.600 11.682
-13.770 -3.330
12.392 -7.256
-3.783 13.154
-6.295 -12.271
13.070 4.943
-12.678 4.719
7.279 -12.749
4.356 13.583
-12.259 -7.309
14.462 -2.389
-9.315 11.184
-1.151 -13.912
11.066 9.320
-14.685 0.243
10.663 -9.205
-0.832 14.355
-8.571 -12.006
14.862 2.457
-11.968 7.915
3.788 -14.262
7.204 13.802
-13.873 -5.102
14.329 -5.511
-6.636 12.515
-3.876 -14.558
13.541 7.358
-14.140 3.773
9.129 -12.638
1.937 15.231
-11.063 -9.453
15.393 -0.746
-11.146 11.276
1.064 -16.245
9.513 11.411
-15.023 -2.021
13.130 -8.845
-4.148 14.905
-7.545 -13.474
15.133 5.149
-13.899 6.035
5.622 -13.889
5.408 15.605
-13.991 -7.580
15.436 -4.122
-8.124 13.571
-2.434 -15.745
13.061 9.755
-15.460 1.877
11.218 -12.063
-0.425 16.105
-11.160 -12.504
16.211 1.214
-13.096 9.750
3.550 -16.023
8.865 13.132
-15.698 -4.712
14.659 -7.330
-5.290 16.245
-5.596 -15.344
15.302 7.007
-15.509 5.209
8.120 -14.789
3.758 16.466
-14.124 -10.249
16.874 -1.781
-10.058 12.857
-0.715 -15.903
11.553 11.369
-17.084 -0.180
12.802 -10.843
-2.376 16.245
-9.876 -13.753
16.795 4.428
-15.532 7.897
5.784 -16.208
7.852 15.718
-15.750 -7.810
16.793 -5.338
-8.594 15.299
-3.968 -16.797
14.856 9.736
-16.812 3.137
10.395 -13.950
0.728 17.427
-12.911 -11.615
17.419 -0.081
-13.224 11.716
2.232 -17.703
9.692 14.655
-18.155 -4.086
16.200 -9.211
-5.522 18.068
-7.377 -15.639
17.081 6.646
-17.127 6.795
7.563 -16.543
4.754 17.985
-16.045 -9.819
17.955 -3.439
-10.757 14.448
-2.511 -17.869
13.337 11.829
-19.109 0.377
12.863 -13.590
-1.555 17.897
-12.020 -14.451
19.081 2.586
-14.830 9.514
4.034 -17.910
8.844 17.274
-17.625 -5.844
16.874 -7.575
-7.580 17.411
-5.740 -18.623
16.848 8.814
-18.720 4.981
11.371 -15.701
2.576 19.074
-15.550 -11.574
19.700 -1.558
-13.428 13.425
1.044 -19.049
