-0.314 -1.907
1.288 0.797
-1.134 0.569
1.313 -1.130
-0.445 2.192
-1.991 -2.662
3.110 0.220
-2.731 2.415
0.777 -3.314
2.442 3.057
-3.422 -0.495
2.976 -2.175
-1.237 3.813
-1.396 -4.379
4.525 1.730
-4.036 1.143
2.333 -4.295
1.338 5.781
-4.429 -3.028
5.295 -1.253
-2.943 4.297
-0.420 -6.099
4.208 3.455
-6.194 -0.561
4.673 -4.357
-1.220 5.959
-3.098 -4.759
6.000 0.744
-5.048 2.686
2.262 -6.202
3.064 5.116
-6.462 -2.367
6.303 -2.749
-3.009 6.124
-2.601 -7.028
5.959 3.149
-7.350 1.209
4.292 -6.140
0.532 7.935
-6.383 -5.253
8.123 -0.242
-5.812 4.679
1.014 -7.533
4.980 5.747
-8.030 -1.220
7.033 -4.389
-2.077 7.719
-4.198 -6.264
8.005 1.942
-7.833 2.929
3.294 -7.697
2.303 8.327
-7.746 -4.084
8.168 -2.003
-4.680 6.752
-1.144 -8.146
6.734 5.514
-9.046 0.560
6.188 -6.004
-0.133 9.685
-5.755 -7.225
9.809 1.639
-7.689 5.157
2.683 -9.384
5.034 8.178
-9.004 -2.709
8.787 -4.808
-3.729 8.620
-3.170 -9.001
8.273 3.990
-9.846 3.517
4.523 -9.029
2.283 10.112
-8.527 -6.225
10.928 -1.773
-7.222 8.045
0.270 -10.480
7.219 7.263
-10.885 -0.643
8.516 -6.612
-1.813 10.257
-5.844 -9.090
10.008 3.386
-9.871 5.366
3.673 -11.011
5.315 9.995
-9.905 -4.919
10.386 -3.846
-5.911 10.298
-2.552 -10.665
9.942 7.041
-10.340 1.808
6.859 -9.565
0.840 11.869
-8.691 -8.049
11.239 0.545
-8.530 6.719
1.905 -11.221
7.095 9.844
-11.865 -2.273
10.261 -5.975
-3.175 11.409
-5.386 -10.925
10.895 5.050
-11.428 4.416
5.523 -10.774
3.863 12.321
-11.417 -6.490
12.684 -2.775
-7.739 9.948
-1.288 -12.027
9.343 8.761
-12.941 0.796
9.141 -8.308
-1.008 12.172
-7.709 -9.659
12.502 1.817
-10.660 7.108
2.965 -12.671
5.956 11.709
-11.789 -4.229
11.919 -5.220
-5.326 11.956
-3.276 -12.364
11.708 6.598
-12.970 3.486
7.181 -11.349
2.243 13.850
-10.758 -8.174
12.739 -0.363
-9.468 10.236
-0.020 -13.203
8.774 10.428
-13.793 -2.000
11.590 -8.147
-2.728 14.099
-7.385 -11.524
13.373 3.370
-12.339 6.557
4.823 -12.639
4.773 13.883
-13.080 -5.692
13.581 -4.386
-7.750 12.441
-2.254 -14.379
11.211 8.318
-14.305 2.163
9.510 -11.193
-0.122 14.086
-10.235 -10.099
14.677 1.485
-11.655 9.544
1.953 -14.214
8.214 12.259
-15.124 -3.697
12.990 -7.055
-5.317 14.402
-5.022 -13.245
13.495 6.696
-14.465 5.317
6.498 -13.113
3.469 15.200
-12.721 -8.597
14.403 -2.073
-9.599 12.057
-1.115 -15.816
11.502 11.521
-14.851 -0.385
11.434 -9.952
-2.021 15.702
-8.460 -12.953
15.102 3.225
-13.856 7.970
4.640 -14.424
6.724 13.391
-15.293 -6.236
14.929 -5.508
-7.091 14.317
-4.834 -15.060
13.435 8.563
-15.949 3.374
8.793 -12.853
1.659 16.390
-11.818 -10.949
16.759 -0.132
-11.612 11.378
1.319 -16.274
9.694 13.242
-15.717 -2.007
13.901 -8.684
-4.168 15.851
-8.713 -14.696
15.221 5.923
-15.363 6.871
6.322 -15.090
5.751 15.861
-14.851 -8.044
17.022 -3.846
-9.799 13.853
-3.020 -16.042
12.419 9.959
-16.166 1.175
11.411 -12.716
-0.303 16.774
-10.637 -12.507
16.851 1.657
-14.412 9.695
4.318 -16.881
8.359 15.043
-16.990 -4.475
16.262 -6.678
-7.073 16.139
-5.822 -16.554
15.238 8.105
-17.119 4.735
8.739 -14.701
3.619 17.017
-13.573 -10.955
17.247 -2.034
-11.436 13.139
-0.074 -17.667
11.827 13.361
-17.406 -2.391
15.052 -10.942
-3.772 18.249
-9.929 -16.074
16.618 4.779
-16.267 8.445
6.198 -17.352
7.437 16.600
-16.649 -8.298
17.967 -5.574
-9.266 15.759
-3.754 -17.617
15.081 9.907
-17.689 2.213
12.329 -14.604
1.720 18.632
-12.419 -12.980
18.790 0.508
-14.536 12.628
2.640 -17.421
10.793 14.852
-18.815 -4.757
16.023 -9.384
-5.446 17.676
-8.077 -17.186
17.779 7.978
-17.741 6.840
8.613 -17.352
4.291 18.906
-16.030 -10.653
18.958 -4.043
-11.832 15.828
-1.223 -18.949
13.622 13.357
