-1.927 0.146
0.906 -1.214
0.468 1.179
-1.011 -1.406
2.144 0.634
-2.826 1.752
0.491 -3.079
2.167 2.931
-3.233 -1.063
3.258 -2.166
-0.791 3.366
-1.908 -3.155
3.691 1.564
-4.484 1.009
2.117 -4.357
0.787 4.120
-4.075 -2.698
5.876 -0.829
-3.403 4.148
-0.786 -5.384
4.024 3.306
-6.112 -0.113
3.809 -3.891
-1.099 6.121
-3.933 -5.035
5.830 1.734
-5.011 2.671
1.264 -5.912
2.236 5.263
-5.981 -2.794
5.363 -2.607
-2.921 6.231
-2.190 -6.518
5.838 3.532
-7.228 1.979
3.656 -5.662
0.563 7.427
-5.743 -4.811
7.952 0.161
-5.790 5.901
0.467 -8.113
4.155 6.197
-7.416 -1.667
6.159 -4.460
-1.916 7.893
-3.759 -7.388
7.509 2.742
-6.606 3.637
2.633 -7.805
2.235 8.059
-7.380 -3.952
8.496 -1.568
-4.743 7.361
-1.284 -8.311
6.318 5.251
-8.215 0.430
6.080 -6.228
-0.231 9.061
-5.442 -6.688
9.637 0.977
-7.699 5.103
2.488 -9.628
4.467 8.109
-9.114 -3.491
8.585 -4.302
-3.484 8.734
-4.024 -9.173
8.262 4.466
-9.243 2.373
4.696 -7.894
2.646 10.115
-8.600 -5.292
10.273 -1.393
-6.945 7.952
-0.814 -11.041
7.385 7.896
-10.416 -1.182
7.865 -6.558
-1.589 10.787
-5.845 -9.060
10.060 2.700
-9.565 5.030
4.246 -9.675
4.485 10.302
-10.649 -4.618
10.420 -4.424
-5.764 9.438
-2.926 -10.682
9.744 6.787
-10.847 1.613
7.881 -9.290
0.900 10.458
-8.931 -7.667
11.897 0.197
-8.776 7.956
1.522 -11.149
5.949 9.083
-11.013 -2.876
10.425 -6.210
-3.298 11.622
-5.058 -10.743
11.089 4.158
-11.353 4.414
5.981 -10.414
3.403 11.769
-10.252 -6.441
12.611 -2.774
-7.461 10.808
-1.659 -12.877
9.236 8.576
-12.094 0.235
9.542 -8.544
-0.335 12.961
-7.479 -9.830
12.038 2.065
-10.294 6.838
2.899 -12.296
6.152 11.239
-12.364 -4.058
12.184 -4.913
-5.240 11.376
-4.162 -12.329
11.446 6.347
-12.603 2.186
7.593 -11.088
2.343 13.225
-10.680 -8.143
13.993 -1.027
-9.081 10.005
0.748 -12.722
9.372 10.324
-13.154 -1.131
11.153 -7.831
-3.195 13.566
-7.106 -12.256
13.808 3.946
-12.124 6.352
4.523 -13.029
5.456 12.864
-12.171 -5.906
14.246 -3.545
-6.811 12.534
-3.185 -13.912
11.718 8.805
-14.521 0.993
9.263 -10.444
0.908 14.439
-10.321 -10.449
14.022 1.349
-10.953 9.316
2.758 -14.491
8.492 12.443
-13.990 -3.184
12.928 -7.115
-5.002 14.744
-5.896 -13.555
13.884 6.552
-13.632 3.849
7.847 -12.860
4.036 14.873
-12.497 -7.616
15.444 -2.131
-9.673 11.924
-0.810 -14.529
11.174 10.613
-15.853 -0.268
12.480 -10.454
-1.677 14.761
-8.918 -12.258
15.466 3.382
-13.641 7.299
4.529 -14.764
6.732 14.498
-13.965 -5.879
13.926 -5.531
-7.545 14.691
-4.186 -15.352
13.644 8.312
-15.424 3.503
9.701 -12.637
1.971 16.182
-12.038 -9.880
16.472 -0.224
-11.937 10.819
1.329 -16.707
10.322 12.559
-16.097 -2.732
14.037 -8.503
-3.369 15.482
-7.439 -14.605
15.428 5.534
-15.400 7.399
7.227 -14.647
5.506 15.903
-14.481 -7.613
16.302 -4.347
-9.308 14.093
-2.348 -17.292
12.946 10.969
-16.244 1.611
11.003 -11.503
-0.238 16.207
-11.673 -12.476
16.684 1.764
-13.386 9.506
3.120 -16.642
8.402 15.202
-16.441 -5.773
15.714 -7.017
-5.938 16.536
-5.235 -16.782
15.461 8.453
-16.998 4.357
9.403 -14.473
3.225 17.467
-13.883 -9.987
17.267 -2.122
-12.096 12.566
-0.523 -17.359
12.093 12.538
-17.606 -1.466
14.341 -10.618
-3.899 17.132
-9.589 -15.948
17.851 5.348
-16.878 8.490
6.210 -16.138
6.996 16.941
-16.745 -7.687
17.185 -5.961
-9.718 15.862
-3.987 -18.384
14.892 10.605
-17.877 2.205
11.184 -14.160
0.662 17.814
-13.474 -13.555
18.711 -0.089
-14.013 11.241
2.143 -18.674
11.313 15.581
-17.125 -4.149
15.736 -9.457
-6.378 18.328
-7.952 -16.779
17.134 6.966
-17.824 6.549
9.498 -17.016
5.268 18.270
-16.535 -10.093
19.208 -2.627
-12.010 15.040
-2.375 -19.238
14.736 13.166
-18.983 -0.433
14.494 -12.406
