-1.876 -0.463
1.240 -0.870
0.076 1.266
-0.521 -1.652
1.839 1.272
-3.231 0.781
1.428 -2.772
1.144 3.461
-2.740 -2.019
3.771 -1.040
-1.803 2.950
-0.827 -3.593
3.018 2.639
-4.575 -0.442
3.372 -3.478
-0.539 4.160
-3.029 -3.836
5.841 1.047
-4.528 2.877
0.935 -5.360
2.790 4.398
-5.771 -2.016
4.833 -2.506
-2.956 5.472
-2.163 -6.012
4.997 3.469
-5.595 0.972
3.048 -5.221
0.480 5.698
-4.809 -4.523
5.909 -0.801
-4.721 5.007
-0.044 -6.876
4.443 5.178
-7.484 -0.378
5.242 -4.236
-1.785 7.232
-3.953 -6.363
7.503 2.637
-7.343 3.797
2.978 -7.561
2.011 7.185
-6.525 -3.900
7.244 -2.313
-4.285 6.900
-1.263 -8.193
6.277 4.950
-7.411 1.391
4.939 -6.593
-0.394 8.354
-5.777 -6.060
8.561 1.164
-6.805 5.511
1.377 -8.296
4.362 6.961
-7.938 -2.158
7.721 -4.018
-3.049 8.536
-3.081 -8.053
8.850 3.938
-8.908 2.443
5.371 -8.370
1.711 9.099
-7.568 -6.163
9.500 -1.406
-6.038 7.209
-0.958 -9.971
6.454 6.823
-9.522 -0.632
6.927 -6.033
-0.646 10.435
-6.517 -7.714
10.194 1.886
-9.081 5.385
2.675 -10.743
4.549 9.807
-9.526 -4.377
9.520 -3.774
-4.879 9.751
-2.723 -10.432
8.713 5.707
-10.658 1.790
7.055 -7.865
1.044 11.187
-8.674 -7.714
11.280 -0.948
-8.423 7.166
0.557 -11.061
7.137 9.490
-10.808 -1.856
10.389 -6.364
-2.411 10.216
-6.090 -10.073
11.241 3.903
-10.822 4.817
4.928 -10.116
2.815 10.487
-9.564 -6.172
11.843 -2.643
-6.763 10.010
-1.450 -11.785
9.236 7.413
-12.163 0.647
8.934 -8.025
-0.443 12.244
-7.728 -9.321
12.846 1.303
-10.463 7.937
2.446 -12.751
6.095 11.032
-11.562 -3.554
11.733 -5.136
-4.367 12.208
-4.035 -11.674
10.790 5.722
-11.915 3.280
6.595 -10.776
2.334 12.598
-10.478 -7.717
13.109 -0.861
-8.531 9.170
-0.103 -13.012
8.891 9.605
-12.655 -1.859
10.676 -8.162
-1.905 13.295
-7.603 -11.072
13.613 3.395
-11.751 6.668
4.684 -11.852
5.678 12.735
-12.143 -5.183
13.041 -3.956
-7.272 11.889
-2.922 -13.862
11.885 8.061
-13.501 2.248
8.366 -10.964
1.166 13.924
-9.717 -9.412
14.641 1.082
-10.385 9.779
1.319 -14.211
8.382 12.024
-14.105 -3.592
12.062 -7.028
-3.648 14.000
-6.541 -13.150
12.899 5.661
-13.314 5.429
7.146 -12.905
4.181 14.472
-12.296 -7.394
14.503 -2.721
-9.356 12.444
-1.367 -14.718
11.143 10.561
-14.152 -0.602
11.471 -9.766
-0.812 15.390
-9.493 -11.138
15.337 2.799
-12.914 8.306
3.769 -14.055
7.300 13.572
-14.976 -5.206
15.121 -6.033
-6.204 13.498
-4.643 -14.430
13.636 8.044
-15.238 2.673
8.913 -12.611
1.867 15.876
-11.430 -9.947
14.957 -0.905
-11.756 11.599
0.819 -15.892
10.366 12.158
-15.746 -1.490
13.163 -8.975
-3.181 15.988
-8.350 -13.145
15.718 4.932
-14.719 6.549
6.481 -15.456
5.883 15.155
-14.438 -7.623
15.991 -3.694
-8.036 13.655
-2.505 -16.198
12.927 10.076
-16.940 2.219
11.441 -11.657
0.263 16.828
-11.379 -11.756
16.845 0.962
-13.244 10.481
3.170 -17.160
8.872 14.464
-15.934 -3.543
14.046 -7.491
-5.288 15.322
-7.193 -15.497
15.298 6.887
-15.686 4.850
8.161 -14.835
3.234 17.065
-13.815 -10.619
17.119 -1.758
-10.806 13.854
0.268 -17.578
12.047 12.859
-17.509 -1.171
13.453 -10.812
-2.392 17.600
-10.069 -13.824
17.066 3.377
-15.416 8.159
4.925 -16.654
7.572 15.687
-16.268 -6.892
16.940 -5.607
-9.054 15.057
-4.128 -18.145
15.287 10.656
-18.685 2.794
10.940 -13.391
1.354 18.278
-13.507 -12.533
18.187 -0.296
-14.186 12.034
1.955 -18.710
10.834 14.725
-17.672 -3.489
15.047 -9.959
-4.935 17.130
-8.567 -17.085
17.803 5.759
-16.823 6.301
7.869 -17.071
5.881 18.335
-14.972 -9.290
17.902 -4.070
-11.784 15.419
-2.313 -18.424
14.101 11.969
-18.978 0.654
14.337 -13.199
-0.702 19.001
-12.555 -14.752
19.067 3.504
-16.106 10.537
3.753 -19.018
9.887 17.110
-17.898 -6.340
17.643 -7.258
