0.281 1.912
-1.274 -0.819
1.143 -0.549
-1.333 1.107
0.483 -2.183
1.944 2.697
-3.106 -0.275
2.772 -2.367
-0.834 3.300
-2.388 -3.099
3.413 0.554
-3.014 2.123
1.303 -3.791
1.320 4.402
-4.495 -1.808
4.055 -1.072
-2.407 4.254
-1.237 -5.803
4.375 3.105
-5.316 1.160
3.018 -4.245
0.314 6.105
-4.147 -3.528
6.183 0.669
-4.749 4.274
1.323 -5.937
3.014 4.812
-5.986 -0.849
5.094 -2.598
-2.370 6.162
-2.974 -5.168
6.419 2.480
-6.350 2.639
3.116 -6.070
2.478 7.072
-5.903 -3.253
7.370 -1.080
-4.398 6.064
-0.394 -7.943
6.290 5.364
-8.126 0.100
5.892 -4.577
-1.145 7.514
-4.879 -5.833
8.008 1.360
-7.108 4.265
2.211 -7.682
4.089 6.336
-7.970 -2.082
7.883 -2.791
-3.428 7.638
-2.157 -8.366
7.674 4.218
-8.202 1.860
4.797 -6.669
1.002 8.165
-6.637 -5.630
9.055 -0.402
-6.292 5.895
0.302 -9.681
5.628 7.324
-9.778 -1.810
7.778 -5.022
-2.846 9.335
-4.891 -8.264
8.956 2.866
-8.870 4.654
3.879 -8.553
3.012 9.055
-8.203 -4.134
9.906 -3.345
-4.680 8.948
-2.106 -10.151
8.417 6.373
-10.957 1.582
7.361 -7.918
-0.453 10.473
-7.091 -7.388
10.872 0.833
-8.630 6.463
1.992 -10.224
5.684 9.191
-9.947 -3.560
9.964 -5.193
-3.864 10.946
-5.140 -10.086
9.817 5.091
-10.451 3.664
6.090 -10.193
2.365 10.708
-9.818 -7.214
10.370 -1.628
-7.025 9.444
-0.633 -11.882
8.549 8.199
-11.228 -0.741
8.646 -6.569
-2.101 11.186
-6.922 -9.966
11.823 2.480
-10.364 5.795
3.374 -11.352
5.195 11.017
-10.806 -5.240
11.503 -4.216
-5.710 10.676
-3.647 -12.387
11.302 6.689
-12.730 2.553
7.911 -9.812
1.078 12.048
-9.189 -8.923
12.953 -0.570
-9.284 8.147
1.220 -12.152
7.539 9.792
-12.469 -2.035
10.782 -6.921
-3.186 12.617
-5.750 -11.812
11.714 4.434
-12.008 5.012
5.533 -11.861
3.060 12.419
-11.591 -6.801
13.029 -3.259
-7.378 11.222
-2.001 -13.887
10.614 8.361
-12.743 0.141
9.645 -10.069
-0.210 13.201
-8.590 -10.579
13.756 2.241
-11.730 7.943
2.973 -14.049
7.183 11.651
-13.312 -3.603
12.452 -6.340
-5.043 12.553
-4.530 -13.964
12.978 5.920
-13.656 4.148
7.966 -12.304
2.003 14.417
-11.064 -8.512
14.341 -1.913
-9.703 11.025
0.368 -14.082
10.057 10.276
-14.648 -1.741
11.820 -9.339
-2.200 14.178
-7.999 -12.400
15.057 3.961
-13.111 6.827
5.568 -14.307
4.790 13.330
-13.376 -6.931
14.556 -5.063
-6.726 12.998
-3.204 -15.258
12.569 8.818
-14.437 1.821
9.808 -11.887
0.839 15.833
-11.299 -11.720
14.842 0.644
-11.606 9.751
2.295 -15.664
8.233 13.099
-15.044 -3.488
13.993 -7.727
-4.891 14.341
-6.489 -13.506
15.181 6.502
-15.023 5.246
7.340 -14.191
4.570 15.142
-13.283 -8.796
16.005 -3.095
-9.016 12.698
-1.372 -16.416
11.625 11.153
-16.759 -0.161
11.808 -11.173
-1.602 16.248
-9.462 -13.410
15.679 2.281
-14.050 8.440
4.444 -15.776
8.456 14.846
-15.115 -6.188
15.481 -6.602
-6.585 14.977
-5.474 -15.959
14.708 8.302
-17.086 3.548
10.039 -13.680
2.740 16.092
-12.243 -10.174
16.184 -0.893
-11.631 12.515
0.596 -16.766
10.417 12.690
-16.819 -1.951
14.579 -9.442
-4.612 16.803
-8.096 -15.186
16.910 4.771
-16.376 6.393
7.353 -16.013
5.532 16.653
-15.094 -8.370
17.199 -4.435
-8.995 14.546
-3.322 -17.077
13.379 11.190
-17.280 1.733
11.664 -12.938
-0.234 17.666
-11.592 -13.565
17.362 2.694
-15.241 10.678
4.090 -18.181
9.647 16.245
-16.532 -5.069
16.411 -8.160
-6.500 17.241
-7.146 -16.727
16.502 8.587
-18.061 5.259
9.540 -15.595
3.446 17.680
-14.906 -10.169
17.725 -1.903
-12.582 14.387
-1.394 -18.660
12.191 13.195
-18.778 -0.835
14.754 -12.373
-2.944 17.372
-10.532 -15.038
18.729 5.084
-16.184 9.103
5.754 -17.578
7.776 17.324
-17.637 -8.287
17.858 -6.530
-8.915 17.199
-3.960 -18.978
15.842 10.931
-19.026 3.711
12.106 -15.619
0.892 18.967
-13.387 -13.593
