0.160 1.926
-1.220 -0.897
1.176 -0.476
-1.399 1.021
0.619 -2.149
1.771 2.813
-3.083 -0.469
2.915 -2.188
-1.040 3.241
-2.189 -3.243
3.371 0.768
-3.141 1.930
1.538 -3.702
1.041 4.477
-4.372 -2.087
4.114 -0.815
-2.669 4.094
-0.870 -5.870
4.171 3.374
-5.378 0.824
3.278 -4.047
-0.070 6.113
-3.917 -3.782
6.129 1.056
-5.008 3.968
1.694 -5.842
2.706 4.992
-5.921 -1.223
5.247 -2.273
-2.752 6.001
-2.644 -5.345
6.251 2.878
-6.503 2.235
3.491 -5.863
2.029 7.214
-5.687 -3.617
7.423 -0.615
-4.770 5.776
0.106 -7.953
5.941 5.748
-8.116 -0.411
6.168 -4.198
-1.615 7.428
-4.503 -6.128
7.906 1.860
-7.362 3.811
2.689 -7.528
3.683 6.580
-7.824 -2.578
8.043 -2.291
-3.901 7.408
-1.628 -8.485
7.394 4.692
-8.302 1.342
5.206 -6.355
0.487 8.212
-6.270 -6.036
9.062 0.167
-6.650 5.488
0.910 -9.643
5.157 7.663
-9.645 -2.421
8.078 -4.524
-3.427 9.138
-4.362 -8.555
8.758 3.423
-9.145 4.088
4.408 -8.293
2.438 9.226
-7.927 -4.641
10.096 -2.716
-5.232 8.637
-1.464 -10.263
8.000 6.889
-11.035 0.891
7.844 -7.440
-1.110 10.424
-6.613 -7.819
10.798 1.514
-9.019 5.908
2.630 -10.078
5.096 9.530
-9.704 -4.178
10.270 -4.557
-4.544 10.681
-4.497 -10.389
9.478 5.698
-10.661 3.000
6.718 -9.791
1.688 10.835
-9.345 -7.816
10.451 -0.973
-7.604 8.984
0.114 -11.899
8.017 8.720
-11.160 -1.444
9.042 -6.013
-2.799 11.032
-6.283 -10.381
11.644 3.217
-10.707 5.133
4.080 -11.118
4.493 11.322
-10.455 -5.908
11.745 -3.486
-6.369 10.297
-2.862 -12.591
10.859 7.385
-12.865 1.749
8.512 -9.296
0.320 12.092
-8.610 -9.482
12.963 0.245
-9.778 7.548
1.981 -12.052
6.909 10.246
-12.316 -2.814
11.196 -6.230
-3.972 12.392
-4.997 -12.149
11.412 5.161
-12.299 4.248
6.267 -11.490
2.274 12.587
-11.141 -7.515
13.208 -2.435
-8.068 10.737
-1.125 -13.985
10.068 9.011
-12.727 -0.660
10.259 -9.443
-1.039 13.162
-7.909 -11.098
13.588 3.100
-12.206 7.191
3.849 -13.835
6.437 12.079
-13.060 -4.431
12.825 -5.546
-5.821 12.212
-3.645 -14.221
12.581 6.723
-13.889 3.282
8.723 -11.779
1.094 14.514
-10.508 -9.190
14.432 -1.008
-10.377 10.394
1.251 -14.031
9.392 10.887
-14.510 -2.657
12.383 -8.578
-3.086 14.012
-7.205 -12.878
14.779 4.898
-13.514 5.990
6.455 -13.929
3.944 13.605
-12.915 -7.757
14.845 -4.139
-7.529 12.550
-2.239 -15.429
11.991 9.590
-14.523 0.911
10.535 -11.248
-0.157 15.854
-10.541 -12.406
14.772 1.574
-12.195 9.003
3.274 -15.489
7.394 13.590
-14.795 -4.426
14.451 -6.833
-5.781 14.006
-5.628 -13.887
14.743 7.442
-15.323 4.293
8.217 -13.702
3.610 15.399
-12.705 -9.613
16.168 -2.084
-9.796 12.107
-0.339 -16.470
10.902 11.861
-16.716 -1.213
12.487 -10.410
-2.619 16.116
-8.601 -13.977
15.505 3.261
-14.553 7.541
5.426 -15.466
7.507 15.348
-14.697 -7.125
15.865 -5.617
-7.512 14.534
-4.461 -16.272
14.158 9.209
-17.275 2.469
10.878 -13.022
1.724 16.232
-11.580 -10.923
16.209 0.125
-12.394 11.760
1.647 -16.696
9.599 13.319
-16.664 -3.003
15.143 -8.508
-5.658 16.481
-7.126 -15.665
16.577 5.823
-16.745 5.352
8.344 -15.520
4.475 16.968
-14.538 -9.301
17.444 -3.347
-9.890 13.952
-2.243 -17.252
12.650 12.008
-17.355 0.644
12.453 -12.180
-1.343 17.616
-10.717 -14.266
17.158 3.779
-15.881 9.700
5.224 -17.888
8.608 16.818
-16.181 -6.097
16.891 -7.114
-7.570 16.799
-6.081 -17.143
15.930 9.607
-18.356 4.115
10.501 -14.965
2.330 17.861
-14.238 -11.085
17.809 -0.787
-13.460 13.569
-0.220 -18.710
11.338 13.935
-18.689 -2.013
15.502 -11.422
-4.029 17.153
-9.567 -15.669
18.373 6.250
-16.723 8.069
6.846 -17.182
6.673 17.778
-17.082 -9.379
18.233 -5.396
-9.977 16.605
-2.761 -19.189
15.124 11.904
-19.221 2.509
13.063 -14.828
-0.300 18.986
-12.507 -14.407
