-1.471 1.254
0.017 -1.515
1.072 0.677
-1.645 -0.541
2.106 -0.751
-1.251 3.080
-1.418 -2.777
3.478 1.091
-3.239 1.046
1.356 -3.670
1.344 3.186
-3.400 -1.425
3.904 -0.911
-3.028 3.457
-0.857 -4.768
3.063 2.865
-4.882 0.221
4.259 -4.132
-0.306 5.356
-3.808 -3.887
5.199 0.301
-5.005 3.510
0.785 -5.388
2.719 5.593
-6.144 -1.751
5.733 -2.034
-2.475 5.111
-2.462 -5.522
4.907 2.935
-6.479 1.266
2.798 -5.266
1.311 6.756
-5.610 -3.977
6.798 -0.586
-4.674 5.857
-0.382 -6.729
4.831 5.669
-7.474 -0.503
6.520 -4.555
-1.201 8.179
-4.403 -6.830
7.008 2.559
-6.974 3.023
2.348 -7.233
3.103 7.506
-7.391 -3.755
7.683 -2.209
-3.195 6.830
-2.472 -7.858
6.554 5.195
-8.292 1.155
5.940 -6.273
0.504 8.742
-5.934 -5.959
8.199 0.520
-6.384 5.187
1.243 -8.614
5.152 7.457
-8.337 -2.198
8.362 -4.889
-3.214 8.660
-3.663 -9.245
8.387 3.920
-9.421 2.550
4.402 -8.535
2.331 9.110
-8.656 -5.041
9.307 -1.259
-6.070 7.363
-0.857 -9.145
8.097 6.614
-10.067 0.791
7.480 -7.178
-0.926 10.517
-7.163 -8.441
10.619 2.028
-9.113 5.182
2.490 -9.933
5.072 9.652
-10.061 -3.877
9.719 -3.746
-4.765 9.700
-2.270 -10.319
9.694 5.681
-11.326 2.543
5.812 -9.714
0.904 11.022
-8.657 -6.907
11.872 -0.258
-7.814 7.694
0.894 -12.150
6.889 7.919
-11.733 -0.932
9.729 -6.850
-2.403 11.599
-5.339 -9.905
10.159 3.834
-10.593 4.165
4.764 -11.160
4.182 11.333
-10.416 -5.700
11.410 -3.174
-6.572 10.255
-1.303 -11.938
9.684 7.504
-12.078 0.836
8.555 -9.672
0.340 13.128
-8.928 -9.427
12.516 1.488
-9.633 7.316
2.676 -12.526
7.366 10.670
-11.835 -3.536
10.943 -5.424
-4.289 11.590
-4.902 -11.644
11.593 5.456
-12.381 4.006
6.950 -11.148
2.468 12.279
-10.627 -7.509
12.988 -1.616
-8.895 9.192
-0.398 -13.433
9.685 9.305
-13.427 -0.287
10.701 -9.074
-1.442 13.434
-6.891 -10.720
13.655 2.820
-11.295 6.837
4.397 -12.899
5.412 12.844
-12.962 -5.716
13.482 -4.947
-6.053 12.276
-4.022 -13.192
11.988 7.179
-13.314 2.399
9.422 -11.258
1.882 14.140
-10.771 -9.364
14.656 0.210
-11.148 9.358
1.331 -13.896
9.241 11.132
-14.496 -2.361
12.124 -7.171
-3.361 13.980
-6.310 -13.334
14.192 5.050
-13.180 5.670
6.254 -13.366
4.646 14.860
-12.750 -7.479
15.079 -2.886
-8.747 11.142
-1.237 -15.014
12.024 9.640
-14.585 1.209
11.223 -10.822
-0.791 15.334
-9.215 -11.262
15.282 1.992
-12.967 9.124
3.924 -15.800
7.342 12.915
-14.428 -4.650
14.489 -6.380
-6.721 13.935
-5.040 -14.597
13.982 7.748
-14.748 3.478
7.993 -12.674
2.560 16.316
-12.428 -9.938
15.922 -1.323
-10.399 11.918
0.392 -15.927
11.127 11.914
-15.548 -0.890
13.177 -9.886
-3.271 15.775
-8.770 -14.282
15.740 4.066
-14.616 7.277
6.332 -15.141
6.399 14.495
-14.616 -7.418
15.726 -4.619
-8.083 15.052
-2.790 -16.093
13.819 9.606
-16.186 2.381
10.611 -13.118
0.783 16.871
-12.085 -12.588
16.923 1.235
-12.176 10.872
2.113 -15.778
9.357 13.236
-16.783 -3.202
14.520 -8.405
-5.215 15.568
-7.285 -15.285
15.745 7.333
-16.686 5.022
8.563 -14.928
4.945 16.860
-14.118 -10.475
17.472 -2.280
-11.168 13.536
-0.930 -17.234
12.897 12.213
-17.102 0.110
12.701 -11.889
-2.370 17.280
-10.650 -13.718
17.158 3.005
-15.090 9.189
5.331 -17.028
6.944 16.139
-17.144 -7.236
17.575 -6.196
-8.635 16.805
-4.491 -16.698
15.634 9.566
-18.059 3.655
10.373 -14.942
1.494 18.542
-14.053 -12.505
18.280 -0.206
-13.146 12.315
0.693 -18.031
11.031 14.004
-18.874 -3.013
15.066 -11.097
-4.700 17.339
-9.271 -16.351
18.322 5.924
-16.281 6.738
7.142 -16.913
5.645 18.567
-16.311 -8.873
17.948 -4.467
-10.543 15.793
-2.352 -19.345
15.021 11.658
-19.307 1.587
13.972 -13.439
-0.842 19.229
-13.254 -14.145
19.664 1.955
-15.593 10.835
4.401 -18.563
