-0.221 1.920
-1.021 -1.119
1.246 -0.236
-1.572 0.727
1.028 -1.986
1.186 3.106
-2.931 -1.064
3.288 -1.574
-1.655 2.974
-1.511 -3.609
3.155 1.413
-3.458 1.277
2.234 -3.329
0.143 4.594
-3.878 -2.903
4.194 0.007
-3.420 3.492
0.297 -5.926
3.429 4.126
-5.436 -0.246
4.008 -3.326
-1.266 5.981
-3.100 -4.476
5.803 2.236
-5.688 2.910
2.806 -5.397
1.675 5.426
-5.566 -2.359
5.591 -1.200
-3.875 5.345
-1.545 -5.759
5.566 4.047
-6.815 0.917
4.572 -5.065
0.576 7.472
-4.868 -4.661
7.400 0.851
-5.810 4.729
1.662 -7.778
4.699 6.801
-7.878 -1.993
6.871 -2.908
-3.039 6.967
-3.215 -6.891
7.389 3.374
-7.966 2.294
4.112 -6.855
2.322 7.174
-7.167 -4.061
8.336 -0.670
-5.277 6.500
0.066 -8.639
6.331 6.050
-8.404 -0.311
6.351 -5.211
-1.131 8.148
-4.966 -7.148
8.854 1.940
-7.596 4.079
2.781 -9.278
3.555 8.525
-8.984 -4.264
8.808 -2.853
-5.151 8.290
-2.601 -9.244
7.918 5.073
-9.768 2.217
5.948 -7.268
0.583 9.525
-6.864 -6.104
10.433 -0.685
-6.823 7.444
0.575 -10.351
6.495 8.323
-10.996 -1.288
9.150 -5.759
-3.131 10.005
-4.953 -8.963
10.292 3.600
-10.002 4.026
4.554 -9.368
3.130 10.344
-8.698 -5.998
10.964 -2.457
-6.549 9.584
-2.374 -11.068
8.178 7.444
-11.042 0.853
8.507 -8.285
-0.468 10.956
-7.633 -9.496
10.439 1.093
-9.217 7.320
2.444 -11.646
6.153 10.122
-10.660 -3.603
10.045 -4.125
-4.906 10.270
-4.127 -11.411
10.788 5.436
-11.505 2.936
6.180 -10.103
2.187 11.983
-9.095 -7.842
12.201 -1.117
-8.263 8.849
-0.339 -12.908
9.202 9.370
-12.959 -0.806
10.168 -7.448
-2.056 11.920
-6.586 -10.986
12.664 2.780
-11.067 5.486
4.304 -11.430
4.768 11.402
-11.526 -5.172
12.200 -3.916
-6.323 11.374
-2.520 -12.893
10.180 7.297
-12.893 1.755
8.397 -10.040
-0.236 12.789
-9.452 -9.553
13.429 0.200
-10.016 8.948
1.637 -13.934
8.107 10.809
-12.351 -3.141
11.910 -7.250
-3.598 12.703
-5.581 -12.432
12.717 5.703
-13.378 4.660
6.486 -12.813
3.945 13.106
-11.938 -6.905
13.663 -2.925
-8.101 10.834
-0.787 -14.660
11.020 9.058
-14.263 0.497
10.862 -9.842
-1.771 14.447
-8.504 -11.071
14.350 1.839
-12.212 8.159
3.976 -13.513
7.077 12.517
-13.708 -5.449
13.824 -5.986
-5.772 13.136
-4.542 -14.040
13.532 7.699
-14.425 3.226
9.059 -12.395
1.202 14.114
-11.144 -10.137
15.368 -1.150
-9.842 10.831
0.827 -15.569
9.879 11.754
-14.420 -1.952
12.535 -8.966
-3.261 15.516
-7.906 -14.231
14.177 4.438
-13.723 6.439
6.246 -14.547
4.588 14.775
-13.641 -7.239
15.510 -3.869
-8.414 12.602
-2.798 -14.720
12.999 10.187
-15.867 1.207
10.742 -11.826
0.523 15.808
-10.575 -11.916
16.263 1.124
-11.978 9.953
2.895 -16.217
8.367 13.768
-16.154 -4.464
14.284 -7.761
-5.726 15.290
-5.695 -15.392
14.566 6.236
-15.748 4.543
8.351 -14.103
4.354 16.521
-13.016 -9.867
16.658 -2.400
-10.214 12.780
-1.186 -16.830
12.079 11.805
-17.424 -0.964
13.219 -10.638
-1.490 16.255
-9.215 -12.980
15.870 3.298
-14.458 9.104
4.887 -16.049
6.803 14.942
-15.752 -6.210
16.516 -5.376
-8.778 15.052
-3.919 -16.757
15.114 8.958
-17.469 1.967
11.224 -13.584
1.064 17.516
-12.434 -11.970
17.761 0.136
-12.432 11.744
1.181 -17.357
10.052 14.254
-17.144 -2.769
14.598 -9.504
-4.769 17.012
-7.714 -16.090
16.085 7.068
-17.474 6.400
8.628 -16.518
5.146 18.179
-14.673 -9.149
17.958 -3.666
-10.715 14.990
-2.604 -18.002
13.739 12.542
-18.806 0.438
13.229 -12.618
-1.216 17.972
-11.790 -13.660
17.618 2.718
-15.858 10.668
3.450 -18.391
8.388 15.886
-17.932 -5.636
17.440 -8.163
-7.312 16.031
-6.311 -17.240
16.792 9.729
-17.980 4.635
10.080 -15.508
3.060 18.741
-14.913 -12.544
18.936 -1.718
-13.037 14.328
1.053 -19.358
12.498 14.637
-19.340 -1.306
15.715 -11.981
-4.015 18.559
-9.441 -16.578
