1.923 0.190
-1.103 1.038
-0.256 -1.242
0.751 1.561
-2.002 -0.997
3.087 -1.234
-1.018 2.947
-1.626 -3.263
3.000 1.608
-3.584 1.568
1.364 -3.177
1.331 3.438
-3.363 -2.181
4.591 -0.215
-2.842 3.924
-0.059 -4.194
3.545 3.365
-5.930 -0.204
4.071 -3.494
-0.161 5.439
-3.389 -3.955
6.000 1.172
-4.427 3.170
2.145 -5.837
2.999 5.642
-5.441 -2.720
5.399 -1.760
-2.272 5.603
-1.288 -5.571
5.405 3.790
-5.734 1.636
3.959 -5.629
1.024 6.799
-5.136 -4.492
7.462 -0.694
-4.584 4.941
0.735 -7.412
4.820 5.735
-7.803 -1.539
6.726 -4.806
-1.869 7.909
-3.015 -6.825
7.014 2.929
-6.840 3.323
3.257 -7.441
2.419 7.929
-6.919 -4.004
7.137 -2.434
-3.948 7.230
-0.801 -8.325
6.582 5.174
-8.639 0.069
5.949 -6.425
-0.179 8.408
-5.311 -6.268
8.165 1.003
-7.069 5.078
1.801 -8.883
4.198 7.531
-9.321 -2.635
8.468 -3.689
-4.122 9.050
-2.991 -8.762
8.369 5.020
-9.202 2.746
4.948 -7.996
2.370 9.732
-7.361 -5.833
9.514 -0.732
-5.995 6.959
-0.849 -10.421
7.550 6.705
-10.359 -0.412
8.220 -6.625
-1.115 11.014
-5.902 -9.058
10.053 2.973
-8.884 5.093
3.438 -10.348
4.183 9.937
-9.438 -4.406
10.293 -3.292
-5.861 8.791
-2.628 -10.924
9.686 6.398
-11.030 2.547
7.315 -8.294
1.026 11.027
-8.417 -8.375
10.962 0.295
-9.375 7.781
0.929 -10.455
7.464 9.101
-11.682 -2.260
10.024 -6.312
-3.435 10.716
-4.282 -9.978
10.346 4.744
-11.345 4.306
5.266 -10.872
3.116 11.458
-10.199 -6.020
11.947 -2.375
-7.698 9.217
-1.308 -12.182
8.978 8.123
-12.901 0.542
9.224 -9.348
-0.603 12.970
-7.606 -10.050
11.951 1.868
-10.881 6.757
2.581 -12.706
5.659 10.980
-11.496 -4.124
11.325 -4.946
-4.991 11.606
-4.107 -12.137
11.472 6.144
-12.852 2.722
7.136 -10.293
1.958 12.864
-10.170 -8.239
12.791 0.035
-9.403 9.601
-0.011 -13.430
9.104 9.874
-13.958 -1.418
10.680 -8.276
-2.946 12.399
-7.436 -11.795
12.758 3.398
-12.343 5.776
5.502 -12.805
4.870 13.303
-12.913 -6.284
13.042 -4.151
-6.716 12.045
-3.140 -13.616
10.960 7.930
-14.646 1.017
8.884 -11.161
0.721 14.254
-10.011 -10.706
14.473 1.544
-10.936 8.676
1.613 -14.377
8.350 12.082
-13.574 -3.764
12.404 -7.272
-5.233 13.792
-6.202 -13.728
13.225 5.565
-13.967 4.762
7.486 -13.652
3.452 14.373
-12.535 -8.863
14.093 -1.423
-9.961 11.302
-1.392 -15.348
10.984 9.671
-15.580 -0.583
11.597 -10.063
-1.726 14.449
-9.161 -12.392
15.566 3.016
-14.105 8.128
4.215 -14.245
6.654 13.620
-14.644 -6.016
14.701 -4.819
-7.024 13.753
-4.112 -15.447
12.732 8.215
-14.675 3.029
9.981 -13.158
1.456 15.846
-11.994 -10.555
15.798 -0.771
-11.748 10.761
0.869 -16.279
10.140 11.820
-16.261 -2.640
13.634 -8.582
-4.210 16.222
-7.985 -14.161
15.378 5.486
-15.300 5.936
6.007 -14.662
4.790 15.675
-14.232 -8.129
16.450 -4.613
-9.661 13.169
-2.661 -16.618
12.939 10.012
-16.810 1.450
11.614 -12.263
-0.690 17.437
-10.845 -13.050
16.277 1.235
-12.834 9.418
3.049 -15.920
9.330 14.313
-16.124 -4.634
14.833 -7.037
-5.962 15.848
-5.635 -16.430
15.188 8.540
-16.694 4.181
8.720 -15.253
2.242 17.436
-13.758 -11.009
17.497 -1.339
-11.773 12.621
-0.143 -17.761
11.938 12.246
-17.373 -0.908
14.095 -10.275
-2.499 17.186
-9.732 -14.447
17.084 4.501
-15.967 7.966
6.814 -16.194
6.674 17.371
-16.651 -8.367
18.096 -5.431
-8.918 14.815
-3.948 -17.898
15.156 10.478
-17.959 2.887
12.324 -13.934
0.734 18.797
-12.824 -13.030
17.989 0.933
-13.473 12.003
2.441 -17.659
10.916 15.689
-18.443 -3.161
15.752 -8.636
-5.353 18.018
-8.436 -17.309
16.144 7.059
-17.139 6.581
9.464 -16.942
4.917 17.905
-15.664 -9.835
18.691 -3.354
-12.308 15.108
-2.016 -18.907
14.531 12.811
-19.372 -0.749
14.439 -12.726
-1.002 19.359
-12.226 -15.525
18.620 3.723
-16.428 9.701
