1.860 -0.524
-0.648 1.369
-0.691 -1.063
1.269 1.179
-2.227 -0.198
2.424 -2.276
0.128 3.115
-2.704 -2.444
3.379 0.403
-2.765 2.768
0.110 -3.456
2.493 2.715
-3.928 -0.804
4.196 -1.876
-1.214 4.690
-1.586 -3.883
4.528 1.839
-5.596 1.974
2.516 -4.739
1.835 5.122
-4.598 -2.446
6.014 -1.098
-2.965 4.567
-0.133 -6.217
4.850 4.159
-6.058 -0.548
4.384 -3.609
-0.071 6.045
-3.232 -4.717
6.416 1.557
-4.742 3.615
1.632 -6.685
3.435 5.957
-6.421 -2.308
6.694 -3.368
-2.465 6.273
-2.020 -7.170
6.580 3.581
-7.827 1.414
4.509 -6.929
1.146 8.045
-5.298 -5.254
7.599 0.168
-5.156 5.589
0.318 -8.116
5.145 6.500
-7.903 -1.204
5.757 -4.871
-1.038 8.172
-3.784 -7.458
8.016 2.416
-8.018 3.217
3.195 -8.153
2.901 7.894
-7.231 -3.898
7.968 -2.045
-4.729 7.307
-1.565 -8.928
6.656 5.480
-9.640 0.947
6.538 -6.524
-0.536 9.930
-5.982 -7.066
9.624 1.620
-7.565 5.914
1.689 -9.250
5.758 8.196
-8.982 -2.745
8.591 -4.153
-3.043 8.667
-4.593 -9.393
9.476 3.488
-9.795 3.396
5.236 -9.168
2.980 10.662
-8.800 -6.280
10.445 -0.900
-6.413 7.984
-0.575 -10.889
7.520 7.726
-10.395 -0.658
8.382 -6.821
-2.249 10.323
-6.433 -9.212
11.352 2.422
-9.340 6.396
3.784 -10.391
4.979 9.893
-10.893 -4.727
10.314 -3.725
-5.889 10.665
-2.950 -10.074
10.270 5.750
-11.702 2.158
7.030 -9.534
0.711 11.230
-7.627 -7.728
11.364 0.642
-8.992 8.148
0.936 -12.044
7.082 9.531
-11.692 -1.884
10.256 -6.571
-3.804 11.390
-5.663 -10.865
11.323 4.287
-11.814 5.212
5.177 -12.069
4.171 12.295
-10.749 -6.582
11.809 -2.621
-7.665 10.262
-2.233 -12.771
9.275 8.158
-12.208 0.355
8.740 -8.738
-0.412 12.627
-8.252 -9.801
12.923 1.534
-10.973 7.224
2.888 -12.187
6.516 11.263
-12.475 -3.960
11.922 -4.634
-5.252 12.370
-4.910 -12.501
12.079 5.871
-13.514 3.773
6.924 -11.602
1.781 12.619
-11.227 -8.268
13.118 -1.492
-9.385 9.881
0.451 -13.930
9.388 10.609
-14.315 -1.139
10.629 -8.623
-1.858 13.666
-7.891 -11.531
13.098 3.384
-13.265 6.291
4.199 -13.633
5.872 13.008
-13.227 -6.315
14.039 -3.843
-7.016 12.069
-3.744 -13.975
12.183 8.203
-14.012 1.449
8.895 -11.297
0.160 14.751
-10.783 -10.519
14.344 0.356
-11.267 9.530
1.989 -15.442
8.459 12.122
-14.905 -3.679
12.602 -6.467
-5.150 14.157
-6.896 -13.782
13.756 4.996
-14.718 5.142
7.126 -13.600
3.665 14.082
-13.052 -8.195
15.593 -2.871
-10.167 12.715
-1.273 -14.801
11.165 10.253
-15.829 -0.259
11.929 -9.851
-1.521 15.368
-9.465 -12.882
14.852 3.003
-12.558 8.175
4.492 -15.892
7.138 14.222
-15.018 -5.451
14.427 -6.482
-7.012 14.306
-5.131 -15.473
13.754 7.305
-16.103 3.475
9.563 -12.965
1.999 16.640
-12.601 -10.271
16.319 -0.504
-12.079 11.110
0.243 -15.843
10.179 12.846
-16.217 -2.375
13.633 -10.297
-4.190 15.786
-8.541 -14.501
15.700 4.601
-15.121 7.484
6.339 -15.655
5.719 16.487
-14.859 -8.194
15.605 -4.790
-8.513 13.451
-2.970 -15.935
13.909 9.922
-16.703 1.568
11.243 -11.964
0.231 16.930
-11.241 -13.241
17.257 2.410
-14.017 9.984
2.553 -17.383
8.449 15.416
-16.827 -5.230
15.802 -7.631
-6.356 16.046
-6.614 -16.485
15.583 7.046
-16.507 5.493
9.374 -14.709
3.944 16.913
-14.332 -9.900
17.549 -2.043
-11.959 13.243
0.435 -17.564
12.552 13.738
-18.556 -1.715
14.867 -11.659
-2.897 17.047
-10.206 -15.224
17.934 4.226
-15.668 9.241
6.390 -17.470
7.542 17.233
-16.694 -7.452
17.089 -5.695
-8.164 16.092
-4.170 -17.332
15.888 10.624
-18.325 3.786
11.515 -13.789
1.590 18.729
-14.170 -13.038
17.607 0.682
-13.556 12.381
2.630 -19.228
11.111 14.877
-18.173 -3.442
16.178 -9.943
-5.947 18.558
-8.775 -16.868
18.204 6.625
-18.309 6.371
8.800 -17.117
6.131 18.389
-17.048 -9.994
18.694 -3.328
-11.756 15.026
