0.002 1.932
-1.143 -0.994
1.211 -0.378
-1.478 0.903
0.793 -2.091
1.535 2.949
-3.034 -0.720
3.085 -1.942
-1.302 3.144
-1.916 -3.411
3.297 1.041
-3.289 1.666
1.837 -3.563
0.670 4.547
-4.186 -2.438
4.167 -0.476
-2.996 3.862
-0.386 -5.921
3.881 3.704
-5.428 0.380
3.599 -3.765
-0.571 6.086
-3.594 -4.090
6.021 1.555
-5.316 3.544
2.167 -5.684
2.288 5.197
-5.801 -1.704
5.416 -1.835
-3.235 5.755
-2.197 -5.544
5.994 3.380
-6.664 1.695
3.959 -5.557
1.431 7.356
-5.372 -4.071
7.449 -0.005
-5.228 5.366
0.757 -7.917
5.450 6.216
-8.055 -1.074
6.491 -3.678
-2.218 7.270
-3.986 -6.476
7.727 2.502
-7.650 3.194
3.297 -7.282
3.131 6.860
-7.586 -3.210
8.204 -1.624
-4.495 7.063
-0.927 -8.589
6.984 5.282
-8.384 0.657
5.710 -5.907
-0.187 8.224
-5.755 -6.529
9.018 0.909
-7.077 4.925
1.697 -9.536
4.512 8.060
-9.415 -3.203
8.421 -3.847
-4.164 8.827
-3.647 -8.884
8.448 4.129
-9.449 3.325
5.073 -7.904
1.674 9.395
-7.520 -5.274
10.285 -1.880
-5.922 8.179
-0.618 -10.348
7.409 7.521
-11.071 -0.016
8.427 -6.772
-1.960 10.298
-5.950 -8.334
10.638 2.393
-9.473 5.149
3.447 -9.829
4.298 9.915
-9.329 -4.959
10.609 -3.700
-5.404 10.273
-3.630 -10.722
8.980 6.455
-10.871 2.117
7.498 -9.208
0.795 10.937
-8.673 -8.555
10.496 -0.114
-8.315 8.331
1.089 -11.849
7.276 9.348
-11.004 -2.354
9.504 -5.252
-3.693 10.766
-5.411 -10.861
11.342 4.160
-11.092 4.238
4.978 -10.746
3.550 11.652
-9.936 -6.745
11.992 -2.511
-7.191 9.740
-1.821 -12.783
10.218 8.250
-12.965 0.689
9.245 -8.567
-0.672 12.077
-7.805 -10.156
12.899 1.306
-10.363 6.721
2.962 -11.849
6.047 10.778
-12.044 -3.813
11.669 -5.292
-4.974 12.025
-3.985 -12.518
10.951 6.079
-12.606 3.226
7.188 -10.938
1.235 12.731
-10.488 -8.403
13.363 -1.344
-8.921 10.040
0.025 -14.030
9.296 9.805
-12.630 -1.700
10.998 -8.571
-2.114 13.032
-6.973 -11.708
13.288 4.203
-12.754 6.167
4.970 -13.473
5.425 12.566
-12.653 -5.487
13.237 -4.476
-6.802 11.694
-2.467 -14.472
11.988 7.731
-14.112 2.133
9.659 -11.025
-0.099 14.555
-9.720 -10.020
14.467 0.178
-11.193 9.509
2.397 -13.881
8.468 11.620
-14.244 -3.837
13.044 -7.535
-4.224 13.712
-6.125 -13.425
14.327 6.093
-13.959 4.863
7.575 -13.354
2.816 13.882
-12.236 -8.789
15.134 -2.909
-8.532 11.891
-0.967 -15.561
11.165 10.540
-14.549 -0.282
11.421 -10.347
-1.456 15.788
-9.489 -13.228
14.593 2.779
-12.892 7.974
4.532 -15.169
6.256 14.150
-14.383 -5.623
14.962 -5.626
-6.910 13.485
-4.472 -14.301
14.084 8.625
-15.623 3.023
9.312 -12.983
2.336 15.643
-11.874 -10.621
16.285 -0.753
-10.755 11.264
1.012 -16.442
9.893 12.715
-16.560 -2.578
13.298 -9.352
-3.931 15.847
-7.427 -14.635
15.186 4.521
-15.122 6.323
6.675 -14.969
6.224 15.911
-14.064 -8.305
16.272 -4.298
-8.678 13.869
-3.113 -16.582
13.356 10.338
-17.419 1.045
11.909 -12.087
0.388 16.319
-10.646 -11.835
16.144 1.453
-13.316 10.705
3.010 -16.504
8.476 14.061
-16.361 -4.359
15.789 -7.238
-6.990 15.962
-5.819 -16.196
16.044 7.162
-17.128 3.962
9.588 -14.784
3.070 17.277
-13.727 -10.461
17.659 -1.906
-11.000 13.095
-0.822 -17.378
11.624 13.005
-17.349 -0.780
13.409 -11.119
-2.782 17.447
-9.512 -15.097
16.791 5.172
-16.622 8.366
6.672 -17.400
7.201 17.467
-15.627 -7.402
17.418 -5.706
-8.921 16.122
-4.656 -17.584
15.089 10.880
-18.631 2.597
11.691 -14.055
0.858 17.992
-13.282 -12.214
17.814 0.675
-14.527 12.420
1.314 -18.666
10.158 14.817
-18.461 -3.537
16.386 -10.113
-5.421 16.765
-8.251 -16.401
17.799 7.735
-17.328 6.671
8.231 -16.564
5.194 18.265
-16.256 -10.747
18.613 -3.884
-11.304 15.732
-1.179 -19.350
14.098 13.104
-19.362 0.926
14.234 -13.708
-1.855 18.897
-11.284 -15.383
