1.594 -1.093
-0.175 1.505
-0.996 -0.785
1.580 0.710
-2.173 0.527
1.566 -2.932
1.120 2.910
-3.345 -1.449
3.330 -0.702
-1.732 3.508
-1.003 -3.309
3.232 1.772
-3.978 0.498
3.373 -3.122
0.353 4.832
-2.747 -3.170
4.879 0.290
-4.667 3.664
0.864 -5.295
3.380 4.264
-5.139 -0.843
5.344 -2.968
-1.344 5.276
-2.119 -5.847
5.928 2.384
-5.914 1.423
2.996 -4.824
1.871 5.749
-4.574 -3.432
6.576 -0.582
-3.333 4.945
-0.597 -6.856
5.163 4.541
-6.822 -0.127
5.261 -5.337
-0.324 6.732
-4.212 -6.143
7.381 1.282
-6.960 3.848
2.050 -8.009
3.665 7.253
-6.702 -3.278
7.252 -2.277
-3.092 6.947
-2.301 -7.789
6.958 4.507
-7.872 1.394
3.891 -6.459
1.637 8.073
-5.975 -5.851
8.367 -0.282
-6.564 5.618
0.412 -8.747
5.279 6.547
-8.100 -1.374
6.892 -4.492
-2.136 8.437
-4.345 -7.955
8.062 3.057
-8.827 3.988
4.101 -8.276
2.676 9.578
-7.932 -4.775
9.636 -1.551
-5.270 8.028
-1.366 -9.304
8.082 5.918
-9.388 0.280
6.806 -6.689
-0.104 9.185
-7.362 -7.424
10.095 0.266
-8.189 6.357
2.020 -10.362
6.241 9.144
-10.349 -3.127
9.605 -4.201
-3.515 9.618
-4.035 -10.130
9.600 4.907
-10.057 2.709
5.753 -9.148
1.179 10.499
-9.047 -6.663
11.530 -1.345
-6.796 9.053
0.253 -11.056
7.888 7.774
-11.833 -0.985
8.575 -6.835
-2.159 11.990
-6.024 -8.596
11.572 2.154
-10.392 5.796
3.602 -11.285
4.274 10.409
-9.703 -4.875
10.970 -3.035
-5.904 10.601
-2.975 -11.709
9.764 6.757
-11.679 1.964
7.608 -9.512
0.048 12.009
-8.847 -8.475
12.100 0.431
-9.519 8.725
1.034 -13.092
7.893 10.309
-12.292 -2.788
10.345 -6.269
-3.970 12.177
-6.210 -11.381
11.401 4.754
-11.450 4.250
5.477 -11.078
3.658 12.092
-10.959 -6.638
12.732 -2.690
-8.077 10.360
-1.171 -12.470
9.783 8.579
-13.086 0.249
9.807 -8.212
-1.008 13.401
-8.659 -10.266
13.324 1.689
-11.591 7.906
2.839 -13.210
5.733 11.382
-13.286 -4.232
11.947 -5.619
-5.721 12.368
-4.039 -13.339
12.294 7.039
-13.925 3.511
7.303 -11.576
2.621 13.540
-11.172 -8.393
13.492 -0.994
-10.547 10.212
-0.394 -14.259
9.733 10.438
-14.554 -1.741
12.065 -8.141
-2.777 13.681
-8.027 -12.037
14.170 3.864
-12.808 5.865
4.804 -13.553
4.881 13.921
-13.587 -6.506
13.700 -4.261
-7.617 12.639
-3.067 -15.264
11.899 8.770
-15.298 1.294
9.864 -10.166
-0.339 15.061
-10.951 -10.844
14.631 0.322
-12.293 9.589
2.389 -15.167
7.987 12.164
-14.990 -3.578
13.849 -7.719
-5.554 15.303
-5.951 -13.611
13.863 6.132
-15.076 4.830
8.141 -13.156
3.486 15.044
-13.096 -9.167
15.030 -1.917
-9.274 11.769
-0.840 -16.494
11.321 11.183
-15.973 -0.349
11.587 -10.766
-2.055 15.798
-9.821 -13.011
15.370 2.510
-14.139 8.454
4.902 -15.347
7.229 15.121
-15.229 -5.689
15.296 -5.709
-7.880 14.396
-4.849 -15.084
13.761 8.905
-16.122 2.949
9.612 -14.125
1.093 16.296
-12.739 -10.998
16.347 -0.676
-11.924 11.937
0.985 -16.861
10.703 13.783
-16.701 -2.997
13.246 -9.540
-3.750 15.471
-7.922 -14.141
16.356 4.939
-15.319 6.841
6.814 -14.938
5.647 15.962
-14.893 -8.938
17.119 -3.250
-10.076 13.951
-3.155 -17.284
12.946 11.894
-17.615 0.441
12.521 -12.294
-0.876 17.237
-11.550 -13.494
17.020 1.678
-13.874 10.496
4.163 -16.938
9.158 14.756
-16.750 -4.782
15.968 -7.561
-7.082 16.378
-5.219 -16.777
16.294 8.989
-18.126 4.325
10.344 -15.810
2.721 17.076
-14.548 -11.148
18.342 -1.747
-11.878 13.776
0.452 -18.597
12.669 13.906
-18.202 -1.706
14.361 -10.873
-2.574 17.860
-9.507 -15.080
18.455 4.969
-16.143 9.461
6.486 -16.753
7.511 17.231
-17.602 -7.806
16.896 -4.999
-8.871 16.074
-3.674 -19.056
15.294 10.529
-18.317 2.566
12.136 -14.605
0.317 19.485
-13.720 -13.164
19.367 0.439
-15.300 11.905
2.847 -19.035
11.703 15.453
-19.352 -4.000
16.640 -9.146
-6.318 18.002
