1.826 0.634
-1.315 0.752
0.041 -1.267
0.366 1.693
-1.714 -1.437
3.290 -0.480
-1.678 2.628
-0.819 -3.552
2.541 2.264
-3.851 0.688
2.068 -2.771
0.492 3.654
-2.761 -2.906
4.514 0.862
-3.679 3.152
0.921 -4.092
2.662 4.099
-5.719 -1.582
4.775 -2.447
-1.426 5.251
-2.372 -4.637
5.560 2.541
-5.044 2.049
3.448 -5.175
1.599 6.186
-4.655 -3.915
5.660 -0.451
-3.517 4.918
0.048 -5.718
4.371 4.948
-5.958 0.252
5.164 -4.549
-0.591 6.851
-3.946 -5.567
7.417 1.067
-5.611 3.734
2.445 -7.036
3.348 6.701
-7.228 -3.318
7.662 -3.103
-3.663 7.254
-1.339 -7.340
6.136 4.486
-7.427 1.634
4.904 -6.475
0.501 8.275
-5.793 -5.509
7.508 -0.701
-5.527 6.108
1.164 -8.282
5.192 6.568
-8.417 -1.949
7.285 -4.859
-2.137 8.134
-3.701 -7.335
7.705 2.882
-8.059 3.287
3.825 -8.217
2.324 8.303
-8.448 -4.738
9.095 -1.610
-6.121 7.838
-0.863 -9.218
6.966 6.835
-9.589 0.522
6.678 -6.620
0.033 10.017
-5.796 -7.390
9.422 1.509
-7.454 5.367
1.607 -10.331
5.776 8.283
-9.976 -2.819
9.539 -4.523
-3.656 10.450
-3.624 -10.186
9.081 5.238
-9.828 2.878
5.759 -9.259
1.747 10.639
-8.149 -6.487
10.777 -0.798
-7.751 7.180
-0.006 -11.236
7.925 8.482
-11.320 -0.098
9.049 -6.357
-1.576 10.962
-6.230 -10.109
10.590 2.846
-10.932 5.377
3.344 -9.949
5.133 10.592
-10.832 -4.925
11.221 -3.797
-5.842 9.617
-1.834 -10.702
8.953 7.029
-12.036 1.538
7.659 -9.343
0.355 11.869
-8.511 -8.235
12.171 0.479
-9.637 7.165
1.572 -12.150
6.834 9.995
-12.671 -2.485
11.151 -6.936
-3.614 12.471
-5.050 -11.548
11.185 4.607
-12.158 4.031
5.476 -11.752
2.939 11.997
-10.216 -6.694
12.167 -2.166
-7.562 10.120
-1.160 -12.760
9.721 8.652
-13.132 -0.353
9.342 -8.343
-1.100 12.966
-7.966 -10.385
12.429 3.020
-11.385 7.141
3.125 -13.062
6.547 11.726
-13.242 -4.638
12.317 -5.554
-5.759 11.368
-4.478 -13.205
11.612 6.282
-13.350 2.735
8.339 -11.167
1.629 14.073
-11.089 -9.125
13.651 -0.991
-9.343 10.145
0.126 -13.972
8.806 10.269
-14.478 -2.430
11.244 -8.778
-2.626 14.028
-7.235 -12.747
13.713 4.880
-12.659 5.884
4.925 -13.604
5.299 13.698
-12.321 -6.829
13.759 -4.176
-8.308 12.190
-2.826 -14.797
11.560 8.499
-14.693 1.370
10.466 -11.527
0.002 14.782
-10.120 -11.545
14.036 1.906
-12.324 8.665
2.230 -15.249
8.423 11.968
-15.013 -4.204
13.626 -7.078
-5.051 13.647
-6.015 -14.189
14.431 6.567
-15.613 4.611
7.424 -12.867
3.290 14.797
-12.834 -9.269
15.420 -1.254
-10.040 11.733
-0.393 -15.980
10.463 10.960
-14.976 -0.480
12.777 -10.464
-2.283 15.748
-9.198 -13.064
15.541 2.938
-13.936 7.721
4.645 -15.626
7.100 13.861
-15.195 -6.363
15.261 -5.162
-7.881 14.791
-4.458 -15.633
13.672 8.924
-16.263 2.201
9.263 -12.854
0.998 16.360
-11.941 -11.227
17.073 -0.645
-12.468 10.550
1.292 -16.780
10.244 12.756
-16.684 -2.514
14.156 -9.213
-4.742 16.794
-7.498 -15.221
15.539 5.000
-14.678 6.162
6.681 -14.768
5.731 16.096
-14.597 -8.270
16.066 -3.380
-9.497 14.018
-1.643 -17.291
12.775 11.850
-17.208 0.169
12.040 -12.796
-1.891 17.478
-10.808 -13.916
17.326 2.783
-14.394 9.524
4.007 -17.304
8.749 14.695
-16.681 -4.939
16.104 -6.700
-6.442 16.127
-6.090 -16.320
15.561 8.365
-17.385 4.019
10.406 -14.156
2.434 18.449
-14.238 -12.023
18.864 -1.056
-12.130 12.324
0.340 -18.325
12.291 13.727
-18.137 -1.385
15.237 -10.672
-3.675 18.449
-9.428 -15.663
17.274 5.107
-15.903 8.526
6.496 -16.601
6.952 17.803
-17.195 -7.379
17.333 -4.721
-9.412 16.271
-4.162 -18.800
14.050 10.633
-18.202 2.398
13.158 -14.265
0.601 18.558
-12.935 -13.220
18.957 1.102
-15.495 11.818
2.454 -18.855
11.139 15.849
-18.662 -5.250
17.011 -9.004
-5.493 18.590
-8.264 -17.950
17.236 7.967
-18.238 5.598
