-14.12184, 8.01460
-16.80588, 5.34222
-18.66967, -0.28560
-19.11526, -2.69463
-16.89247, -0.84556
-17.00445, -4.03160
-15.40366, -4.77701
-15.23661, -2.26593
-19.08274, 3.81384
-15.06096, 4.97267
-15.25432, 3.21272
-12.51803, 1.26083
-11.69716, 3.09929
-13.36160, 4.11284
-11.34829, 6.30130
-13.62897, 6.05399
-13.24666, -8.03452
-14.23187, -9.54839
-10.27286, -9.80967
-11.68963, -7.24847
-8.34593, -9.76317
-9.62843, -7.56652
-11.20471, -5.38946
-13.62381, -4.70310
-13.24048, -2.70965
-13.14259, -0.93536
-14.28547, 0.48623
-16.54643, 0.96668
-17.28558, 3.30224
-16.90256, -6.35014
-15.02532, -6.71078
-15.94954, -10.23890
-8.79282, -0.36758
-9.34123, 1.46112
-11.09767, -0.18765
-10.13066, 4.09800
-7.83837, 2.38084
-6.87467, 0.61246
-5.85706, 2.16968
-3.17067, 2.74923
-10.44199, -1.95348
-11.33997, -3.48898
-9.22040, -5.66739
-8.34297, -4.03925
-6.55564, -3.85457
-4.90137, -2.96111
-8.05064, -2.00481
-5.32186, -0.80161
-9.32586, -16.59978
-7.71132, -15.90438
-9.71817, -13.18029
-7.87695, -13.78243
-5.76974, -11.88875
-6.39326, -10.29207
-8.30577, -12.02551
-10.91436, -11.50679
-3.44293, 4.58725
-6.12648, 4.22785
-7.94701, 4.40367
-7.42615, 7.39467
-8.57469, 6.07144
-12.42497, -12.43736
-14.80139, -12.03769
-11.00741, -14.30222
-3.03832, -5.34912
-3.21469, -3.34481
-5.41437, -5.25622
-4.43690, -13.69104
-5.87001, -15.28874
-5.18273, -16.89711
-3.44422, -17.09341
-1.92586, -18.36439
-6.80396, -6.77936
-6.95016, -8.54432
-4.61668, -6.87772
-4.32164, -9.59416
-1.65157, -9.67529
-2.39289, -7.23617
-0.68887, -6.59513
-0.76135, -3.30926
2.01609, -11.61897
2.98615, -8.12908
4.79864, -9.68725
5.79733, -8.12675
4.40644, -7.04208
2.30273, -6.00592
1.71535, -3.29709
0.21719, -4.90427
-2.08759, -15.03197
-1.13796, -13.49751
-1.47455, -11.57621
-2.84886, -12.74536
-3.14606, -10.95611
1.19531, -7.43297
-0.40129, -8.37954
0.14835, -10.14172
4.62709, -11.49601
1.52880, -13.35457
0.28485, -12.11454
6.87678, -12.39233
5.98108, -13.94851
8.73398, -13.86823
8.83096, -16.40608
10.32642, -15.42215
0.15978, -14.64590
-0.85270, -16.38550
0.23491, -19.42884
1.48450, -17.07890
4.78956, -18.53426
2.30861, -15.41916
4.78517, -16.42854
3.69599, -14.19838
12.03742, -8.14569
11.04987, -11.44678
13.64577, -10.85249
14.63738, -9.33831
15.31186, -11.87394
17.16235, -7.67987
14.99620, -7.42129
10.33020, -4.39145
11.74637, -13.05501
13.73422, -12.81175
8.65738, -12.02801
8.44972, -9.84043
6.60805, -9.85956
11.27596, -5.83923
10.19246, -8.01018
10.30020, -9.85089
17.20743, 0.72499
15.02898, 0.15689
13.34799, 0.84203
12.39134, 5.59813
15.33494, 5.40251
12.18556, 3.85523
13.68611, 2.64060
15.79530, 1.89101
11.95345, -0.17145
13.50017, -2.77388
13.88386, -5.04874
14.96480, -3.64911
15.91270, -5.81466
17.03835, -2.87340
16.23196, -1.24357
19.49100, -0.53257
4.47137, -5.22752
6.48946, -5.33537
7.66593, -7.99167
9.02623, -6.34488
12.06141, -3.80378
10.42168, -1.30901
9.50992, -2.80328
5.68852, -1.93693
15.45996, 3.60112
17.85749, 2.38830
18.08031, 6.13571
16.42493, 6.90359
16.10012, 8.71649
14.41705, 7.72278
4.17837, -3.45057
7.19446, -3.72360
10.60909, 5.80915
8.05609, 5.19807
9.04280, 6.71327
9.65623, 12.19086
8.75510, 9.41085
10.28051, 10.45599
10.39607, 7.94392
12.72709, 7.48539
6.96813, 3.00048
5.26612, 1.25700
6.71313, 0.23266
8.44285, 2.03537
8.04764, -1.73905
9.16515, -0.00799
11.98333, 2.06607
9.61187, 3.38073
0.68174, -1.59457
2.87492, -1.19102
1.45912, 0.14666
4.76295, -0.41387
3.49932, 1.68598
0.48006, 2.16181
-1.45859, 3.32531
-3.36314, 1.01543
11.83465, 9.14457
14.02245, 9.91187
13.84799, 11.73895
12.00759, 11.83310
12.01810, 15.16703
-0.85075, 0.95103
-3.00908, -1.57002
-1.16119, -1.58812
5.82869, 10.35069
2.76226, 10.04375
2.02494, 11.66794
4.94694, 15.03419
3.57094, 13.84885
4.30053, 11.40336
5.93398, 12.73236
7.99808, 11.52363
0.51530, 3.91939
1.45269, 5.86761
3.68276, 4.63882
4.94640, 3.29203
3.86157, 6.92532
5.64769, 6.52278
6.38726, 8.10906
4.05456, 8.77172
-3.24034, 6.74123
-0.81266, 5.14118
-0.07316, 6.80751
1.44387, 7.85459
-1.32864, 8.05604
0.34581, 9.33719
-3.07723, 10.34636
-4.81668, 9.71669
8.54179, 14.05418
10.60154, 13.79360
9.58124, 16.03796
6.94557, 15.19886
4.47172, 18.08258
-6.63146, 9.08313
-4.72727, 7.99329
-5.80633, 6.01051
0.53551, 17.61632
-1.59672, 18.20933
-0.24187, 15.94451
-8.86063, 14.93649
-9.08038, 13.15052
-6.56560, 11.00532
-6.43271, 13.65309
-4.14493, 13.30985
-2.89063, 16.75614
-1.63858, 14.53657
-2.68101, 12.30714
-0.87657, 11.85673
0.34924, 13.05339
1.39291, 15.27990
3.05059, 16.06688
2.67985, 18.29844
-10.23030, 8.73509
-8.39977, 8.89658
-8.34376, 11.22530
-10.78343, 10.99622
-10.90376, 12.81645
-11.05681, 14.63442
-13.06254, 13.77451
-13.47105, 11.63595
-5.61412, 15.25720
-3.48546, 15.02287
-4.66878, 16.80256
-3.85787, 19.39327
-7.69953, 17.65810
-15.05514, 9.60827
-12.95788, 9.93764
-11.97528, 8.11922
