0.722 1.792
-1.431 -0.496
0.982 -0.802
-1.035 1.389
-0.044 -2.236
2.524 2.164
-3.083 0.463
2.138 -2.952
-0.035 3.403
-3.050 -2.450
3.447 -0.264
-2.430 2.772
0.375 -3.991
2.318 3.969
-4.794 -0.701
3.689 -1.996
-1.339 4.700
-2.567 -5.350
4.983 1.989
-4.894 2.377
1.935 -4.835
1.741 5.860
-4.860 -2.454
6.167 -0.803
-3.611 5.271
-0.110 -6.082
4.061 3.969
-6.018 0.582
4.340 -3.722
-0.855 6.546
-4.106 -4.324
6.822 0.901
-5.551 4.058
1.601 -6.633
4.072 6.291
-6.502 -1.773
6.909 -2.783
-2.849 6.928
-2.251 -7.628
7.375 3.734
-7.874 2.008
4.651 -5.834
0.654 7.573
-6.114 -4.522
8.103 -0.561
-5.906 5.817
0.343 -7.987
5.464 5.197
-8.236 -0.149
7.006 -4.567
-1.536 8.230
-4.064 -7.624
8.450 2.296
-7.534 3.737
3.094 -7.610
2.893 7.700
-7.775 -3.912
8.706 -2.520
-4.730 7.209
-1.983 -9.481
7.192 5.795
-9.930 0.540
6.379 -6.710
-0.571 9.743
-6.697 -6.882
9.379 0.680
-7.527 6.609
1.759 -9.226
5.057 8.092
-8.945 -2.089
8.842 -5.580
-2.444 9.798
-4.434 -9.371
9.679 4.215
-10.278 4.114
5.293 -9.427
2.023 10.286
-8.629 -5.514
10.763 -1.747
-6.869 8.311
-0.468 -10.405
7.686 7.597
-10.506 -1.121
8.463 -7.390
-1.182 11.547
-7.368 -8.594
10.739 2.640
-9.297 6.019
3.523 -11.340
4.817 9.851
-11.239 -4.703
9.696 -4.020
-4.607 10.831
-3.409 -11.400
10.238 5.959
-11.088 1.920
6.859 -8.418
0.589 11.367
-9.072 -8.059
12.075 -0.370
-8.710 8.070
0.610 -11.827
7.640 9.487
-11.735 -2.552
10.189 -6.803
-3.039 11.720
-6.457 -11.182
12.558 3.843
-11.773 5.475
5.382 -11.397
3.881 11.457
-11.029 -6.512
12.456 -3.599
-7.108 10.102
-1.671 -12.099
9.630 7.745
-12.598 0.954
8.853 -9.263
-0.130 13.013
-8.367 -10.128
12.428 1.555
-10.493 7.695
2.589 -12.830
5.895 11.352
-12.865 -3.885
11.897 -6.232
-4.533 12.643
-5.210 -13.027
12.282 5.631
-12.353 3.133
7.007 -12.055
2.900 12.880
-10.837 -8.263
13.897 -1.057
-9.533 10.479
-0.414 -14.355
9.721 9.635
-13.786 -0.371
10.612 -9.090
-1.950 13.387
-7.687 -12.508
14.006 2.702
-12.298 7.243
4.849 -13.832
5.337 13.541
-12.756 -5.672
13.489 -5.231
-6.839 12.997
-2.953 -13.773
12.192 7.623
-14.647 1.753
9.293 -11.856
1.195 14.298
-10.691 -10.172
15.566 0.309
-11.138 9.718
2.047 -15.215
7.791 11.830
-14.631 -3.591
12.957 -8.344
-3.481 14.215
-6.702 -14.077
14.291 5.615
-13.604 5.165
6.738 -13.860
4.538 15.192
-13.738 -8.734
14.577 -2.864
-8.988 12.207
-1.453 -15.765
11.082 10.796
-15.442 0.147
11.784 -10.801
-1.381 15.089
-9.483 -11.601
16.285 2.750
-13.368 8.632
3.798 -15.519
8.003 13.643
-14.979 -5.426
14.829 -6.772
-5.777 14.462
-5.194 -15.633
13.922 8.107
-16.327 3.785
8.850 -13.637
2.263 16.169
-12.349 -10.809
15.776 -1.470
-11.672 11.507
0.610 -16.379
11.709 12.441
-16.147 -2.460
13.494 -10.057
-2.878 16.105
-9.073 -14.225
16.248 4.611
-15.773 7.467
6.541 -15.657
6.447 14.997
-14.292 -7.010
15.521 -4.674
-8.362 14.899
-3.363 -16.436
13.109 9.885
-16.806 2.059
11.950 -12.605
-0.532 17.417
-11.440 -12.857
17.557 0.661
-14.414 10.065
3.382 -17.293
9.293 14.885
-16.639 -4.586
15.674 -8.355
-5.322 16.253
-7.244 -15.817
15.636 7.731
-16.388 5.747
8.294 -15.318
3.926 17.226
-14.457 -10.459
17.509 -1.464
-12.302 13.962
-0.299 -18.633
13.196 13.521
-17.261 -1.039
14.032 -11.790
-2.264 18.286
-10.879 -14.578
18.058 4.466
-16.318 9.359
5.606 -17.401
7.507 16.374
-16.879 -6.379
16.780 -6.018
-8.846 16.942
-5.743 -17.809
14.952 9.959
-18.448 3.604
11.431 -15.495
1.224 17.577
-13.773 -12.139
19.399 0.538
-13.590 12.653
1.459 -18.438
11.632 15.010
-19.092 -3.908
15.822 -10.546
-4.621 18.813
-8.311 -17.514
17.968 6.900
-17.620 8.081
8.094 -18.027
5.327 18.225
-16.208 -10.064
