-1.017 1.643
-0.447 -1.447
1.228 0.317
-1.732 -0.012
1.776 -1.359
-0.250 3.315
-2.199 -2.211
3.645 -0.024
-2.764 1.986
0.169 -3.909
2.253 2.622
-3.673 -0.317
3.439 -2.061
-1.826 4.217
-2.273 -4.278
3.792 1.792
-4.581 1.703
2.792 -5.236
1.346 5.193
-4.813 -2.537
5.042 -1.303
-3.692 4.872
-0.900 -5.370
4.298 4.494
-6.386 0.211
4.837 -3.689
-0.794 5.623
-4.032 -4.505
5.570 1.294
-5.782 3.186
1.054 -5.869
3.313 6.032
-6.557 -2.071
6.293 -2.636
-2.660 7.006
-2.420 -6.290
6.333 3.921
-7.270 1.806
4.815 -6.330
1.357 8.155
-6.280 -5.158
7.455 0.295
-5.716 5.010
0.025 -7.604
5.249 6.198
-8.185 -1.316
6.640 -4.452
-0.954 7.480
-4.756 -6.726
7.828 2.943
-7.542 3.634
3.739 -7.789
3.153 8.169
-7.472 -3.860
7.965 -2.012
-4.493 6.891
-1.450 -8.582
7.185 5.525
-8.610 0.456
6.467 -7.211
-0.413 9.228
-6.314 -7.683
9.184 1.168
-8.190 5.307
1.582 -9.472
5.004 7.961
-9.783 -2.153
8.477 -4.044
-3.528 8.866
-3.612 -8.445
9.732 3.822
-9.343 3.830
4.927 -9.121
2.333 10.296
-9.401 -5.847
10.731 -1.315
-7.093 7.720
-0.665 -10.219
7.780 7.640
-10.764 -0.616
8.109 -6.537
-1.572 10.692
-5.316 -9.131
10.966 2.445
-10.006 5.883
2.565 -11.026
4.230 10.218
-10.354 -3.930
11.224 -3.874
-5.088 9.714
-2.863 -11.842
8.980 5.434
-11.457 2.699
7.169 -9.497
1.258 11.779
-8.112 -7.799
10.845 0.545
-8.812 7.204
1.124 -12.082
7.447 9.512
-11.660 -2.243
9.893 -6.510
-3.123 11.773
-4.890 -10.968
11.515 4.185
-11.245 4.489
5.189 -11.824
4.337 12.396
-11.382 -6.247
12.371 -2.409
-6.936 9.910
-1.281 -12.744
10.275 7.907
-12.350 0.251
8.761 -8.509
-0.541 12.346
-8.227 -9.588
12.706 1.651
-10.564 7.599
3.209 -12.739
6.104 10.937
-12.414 -3.901
11.873 -5.509
-5.659 11.471
-4.485 -12.668
12.066 5.899
-12.872 3.832
7.414 -11.911
2.733 13.232
-9.838 -8.100
13.864 -1.489
-8.664 9.962
0.243 -13.625
9.079 10.575
-14.089 -1.480
11.324 -8.832
-2.010 13.538
-7.862 -11.331
13.608 3.171
-11.943 6.354
5.529 -13.600
6.114 12.888
-13.117 -5.623
14.019 -4.281
-7.754 12.318
-2.980 -13.638
12.201 7.774
-14.524 2.183
9.352 -10.534
1.074 14.339
-10.084 -10.767
15.057 0.470
-10.816 9.428
1.869 -14.637
8.966 12.728
-14.426 -3.223
13.474 -7.358
-4.922 13.282
-5.768 -13.917
14.395 5.503
-13.517 5.610
7.377 -13.735
3.935 14.841
-12.216 -7.906
15.159 -2.775
-9.557 12.651
-1.094 -16.243
10.938 10.052
-15.159 -0.017
11.845 -10.503
-2.140 15.322
-9.261 -12.358
15.681 3.103
-12.978 7.820
3.736 -14.511
7.425 14.752
-14.871 -5.663
14.756 -6.127
-6.257 14.526
-4.495 -15.284
14.237 7.942
-15.076 3.906
9.524 -13.441
1.708 16.020
-12.716 -10.918
16.229 -0.941
-11.692 11.396
1.400 -16.352
10.524 11.844
-16.184 -2.594
13.561 -9.205
-3.095 16.802
-7.576 -14.470
16.094 4.921
-14.684 7.215
6.093 -15.733
5.903 15.824
-15.355 -8.291
16.491 -3.997
-8.269 14.074
-2.812 -15.668
12.955 9.742
-16.958 2.081
11.255 -12.441
-0.206 16.417
-11.609 -12.326
17.233 2.168
-14.352 9.882
3.589 -16.831
9.862 14.541
-16.645 -5.658
15.939 -7.512
-6.495 16.302
-6.154 -16.125
16.013 7.686
-16.250 5.333
8.459 -15.202
3.026 17.178
-14.334 -9.805
17.255 -2.384
-11.558 13.362
-0.129 -17.843
11.545 13.244
-18.536 -1.649
14.839 -11.272
-3.084 18.640
-9.381 -14.526
17.810 4.329
-16.077 9.001
5.309 -17.398
7.091 17.198
-17.203 -7.611
17.343 -5.784
-8.752 15.744
-4.852 -17.380
14.784 9.961
-18.891 2.901
10.952 -15.171
0.826 17.946
-13.826 -12.735
19.255 0.039
-13.442 11.392
1.630 -18.287
11.051 15.953
-18.243 -3.462
15.724 -9.740
-5.211 18.260
-8.153 -17.700
17.866 6.508
-17.897 7.413
9.195 -17.067
5.076 18.565
-16.944 -9.416
19.321 -4.149
-11.535 15.083
-1.484 -19.020
