1.102 -1.588
0.371 1.469
-1.210 -0.381
1.729 0.103
-1.845 1.264
0.423 -3.298
2.080 2.323
-3.641 -0.166
2.864 -1.839
-0.373 3.894
-2.113 -2.737
3.651 0.509
-3.542 1.878
2.044 -4.116
2.046 4.391
-3.693 -1.988
4.664 -1.461
-3.062 5.083
-1.073 -5.257
4.674 2.785
-5.104 1.037
3.942 -4.672
0.617 5.410
-4.057 -4.713
6.388 0.124
-5.023 3.431
1.088 -5.573
3.791 4.710
-5.494 -1.584
5.941 -2.879
-1.360 5.806
-2.993 -6.197
6.439 2.412
-6.423 2.303
3.023 -6.857
2.088 6.408
-6.119 -4.247
7.355 -1.423
-5.140 6.069
-0.928 -8.214
6.001 5.479
-7.430 -0.684
5.971 -4.704
-0.423 7.593
-4.917 -6.465
8.105 1.743
-6.864 4.098
1.344 -7.420
4.397 6.966
-7.663 -3.348
7.722 -3.235
-4.141 7.582
-2.721 -8.323
7.259 4.246
-8.060 1.592
4.847 -6.646
0.999 8.646
-6.886 -5.894
8.622 -0.005
-6.836 6.863
0.895 -9.193
5.903 8.003
-9.110 -1.647
8.457 -4.871
-2.076 9.376
-4.581 -8.212
9.657 2.662
-8.677 3.595
3.987 -8.670
3.165 8.623
-9.518 -4.326
9.531 -3.336
-5.398 8.850
-1.791 -10.404
9.082 6.331
-10.785 0.751
7.487 -7.338
0.130 10.240
-7.369 -8.036
10.717 1.178
-8.440 6.104
2.129 -10.595
4.831 9.396
-10.823 -3.016
10.300 -5.352
-3.138 10.876
-3.690 -10.425
10.135 4.466
-11.412 3.282
5.589 -9.434
2.239 11.975
-8.684 -5.897
11.582 -2.096
-7.657 9.109
-0.640 -11.828
7.692 8.213
-10.801 -1.112
9.177 -6.733
-1.755 12.007
-6.939 -9.889
11.527 2.850
-10.220 5.983
3.735 -11.594
4.310 11.209
-11.280 -4.781
11.464 -3.894
-5.800 11.536
-3.682 -12.606
11.039 6.834
-12.481 1.759
7.445 -9.534
0.613 12.794
-9.847 -8.434
12.346 0.395
-9.195 8.039
1.186 -12.301
7.714 10.005
-12.602 -2.314
10.947 -7.036
-3.872 12.553
-5.523 -11.241
12.192 4.546
-12.145 4.880
6.252 -11.159
3.816 12.886
-11.740 -6.522
13.055 -3.153
-8.028 11.507
-2.037 -13.357
9.401 8.604
-13.923 0.762
9.174 -9.495
-0.956 13.594
-8.513 -11.035
13.992 2.215
-11.771 8.227
2.716 -13.415
7.259 11.727
-13.424 -3.878
12.259 -5.720
-6.234 13.292
-5.431 -13.190
12.805 6.302
-14.223 3.541
8.388 -11.895
2.263 13.775
-11.778 -8.402
14.618 -1.420
-9.890 10.030
-0.322 -14.375
9.506 11.280
-15.012 -1.257
11.294 -8.849
-2.632 14.520
-8.288 -13.180
14.238 3.973
-13.841 6.642
5.611 -13.006
5.031 14.200
-14.088 -6.248
13.792 -4.895
-8.086 13.330
-3.153 -15.027
11.786 8.535
-15.284 1.978
10.206 -12.134
0.242 16.278
-10.397 -10.611
15.137 0.810
-12.379 9.869
2.939 -15.189
8.601 12.826
-15.497 -3.919
13.370 -7.130
-4.490 14.295
-6.642 -15.121
14.554 6.434
-15.056 5.346
7.009 -14.179
3.689 15.499
-13.802 -8.676
15.259 -3.111
-10.215 12.924
-0.868 -16.087
12.127 11.568
-16.256 0.090
12.272 -10.769
-2.254 16.256
-9.890 -12.379
16.026 3.438
-14.024 8.482
3.970 -16.617
6.808 14.846
-15.814 -5.757
15.041 -6.436
-6.908 15.393
-5.067 -16.112
14.900 9.084
-16.677 3.129
8.995 -13.622
1.988 15.794
-12.428 -10.406
17.044 -1.191
-11.891 11.835
1.065 -16.384
10.948 12.917
-17.096 -3.067
14.849 -9.118
-4.465 16.620
-9.087 -15.037
16.326 6.521
-16.310 6.668
7.340 -15.939
5.302 16.425
-15.589 -8.513
16.506 -4.475
-9.243 14.739
-2.123 -17.313
13.801 10.542
-17.356 1.477
12.242 -12.739
-0.805 17.825
-10.836 -13.830
18.424 2.617
-15.409 10.480
4.056 -18.453
8.608 14.997
-17.559 -5.255
16.526 -8.147
-6.212 17.096
-6.181 -17.545
16.781 8.501
-17.621 4.868
9.564 -15.264
3.936 17.610
-14.243 -10.721
19.017 -1.908
-11.731 14.577
0.115 -17.964
13.140 13.441
-19.227 -1.047
14.020 -10.673
-2.585 18.176
-10.201 -16.509
18.036 4.412
-16.212 8.904
6.159 -17.963
7.215 18.102
-17.501 -7.434
18.261 -6.467
-10.075 16.562
-4.098 -18.806
16.428 10.290
-19.511 3.133
12.308 -14.459
0.487 19.072
