1.217 1.501
-1.514 -0.054
0.703 -1.056
-0.581 1.632
-0.699 -2.124
3.049 1.326
-2.811 1.350
1.176 -3.450
0.967 3.263
-3.636 -1.445
3.217 -1.265
-1.508 3.364
-0.815 -3.925
3.382 3.112
-4.788 0.740
2.939 -2.992
0.102 4.886
-4.027 -4.358
5.347 0.436
-3.979 3.711
0.428 -5.190
3.387 5.089
-5.367 -0.916
5.658 -2.581
-1.901 6.100
-1.893 -5.781
5.049 2.599
-5.580 2.326
3.054 -4.834
1.108 6.508
-5.196 -2.925
6.786 -1.145
-4.112 5.511
-0.420 -6.810
5.741 4.816
-6.736 0.217
5.786 -4.691
-0.686 7.460
-4.394 -6.629
8.147 1.401
-6.936 4.234
2.730 -6.944
2.852 7.046
-7.173 -2.525
7.580 -2.919
-3.934 7.297
-2.020 -7.734
6.750 3.361
-7.916 2.279
5.353 -6.425
0.952 8.318
-6.126 -6.092
8.752 -0.291
-6.102 5.787
0.720 -8.184
5.030 6.509
-8.581 -1.453
7.581 -4.968
-2.401 8.281
-4.683 -8.479
8.579 3.424
-9.332 3.436
4.124 -8.289
2.319 9.480
-8.425 -4.609
9.164 -2.108
-5.250 8.530
-1.031 -9.335
7.213 6.248
-9.163 0.633
6.810 -7.933
0.545 10.083
-6.993 -7.653
10.491 1.183
-8.614 6.955
2.287 -10.567
4.958 9.237
-9.869 -2.732
9.773 -4.835
-4.121 9.963
-3.507 -9.808
9.580 5.001
-10.371 2.017
5.916 -9.552
2.265 11.385
-9.569 -6.048
11.041 -0.634
-7.116 8.486
0.033 -11.874
7.500 7.999
-12.125 -1.191
8.085 -6.694
-1.219 11.707
-6.611 -9.894
11.537 2.686
-10.033 5.095
4.081 -10.062
3.905 10.691
-11.040 -5.035
11.432 -3.904
-5.952 10.274
-2.894 -11.484
10.092 6.821
-11.966 1.011
7.739 -9.498
0.541 12.095
-9.460 -8.789
13.133 -0.019
-9.643 8.695
1.793 -12.476
7.078 9.809
-12.457 -2.981
10.847 -7.103
-3.824 11.745
-5.155 -11.072
11.482 4.571
-11.760 4.616
5.738 -11.456
3.702 12.476
-10.975 -7.220
12.336 -2.168
-7.767 10.440
-1.298 -13.024
8.972 9.117
-13.439 0.070
9.539 -9.454
-0.615 13.416
-8.810 -10.919
13.395 1.770
-10.885 6.627
3.153 -13.582
6.559 11.458
-12.787 -4.711
12.972 -5.096
-6.031 12.819
-4.616 -13.598
12.124 6.351
-13.286 3.699
7.470 -11.809
2.073 13.368
-11.025 -9.694
14.182 -1.536
-9.624 10.539
0.568 -14.647
9.083 11.373
-13.860 -1.670
11.354 -8.966
-2.715 14.434
-6.873 -12.296
13.894 3.701
-13.484 5.982
5.396 -14.065
5.346 13.315
-13.209 -6.578
14.969 -4.282
-7.788 12.564
-2.517 -15.145
10.925 9.016
-15.040 0.870
9.931 -11.785
0.853 14.610
-10.544 -11.484
15.310 1.165
-11.484 8.937
2.364 -15.229
8.805 13.186
-15.699 -4.309
13.090 -7.024
-5.001 14.310
-6.024 -14.641
13.766 7.060
-14.716 4.681
8.087 -13.789
3.117 14.828
-12.475 -8.300
16.373 -2.160
-10.239 12.181
-0.934 -15.950
11.660 10.687
-15.912 -0.781
12.182 -10.833
-1.270 15.522
-9.561 -13.415
15.690 3.655
-14.492 8.418
4.449 -15.636
6.918 14.789
-14.982 -6.700
14.647 -6.043
-7.772 14.430
-4.233 -15.834
14.850 8.448
-16.156 2.396
9.940 -13.580
1.984 16.240
-12.855 -10.928
16.886 -0.371
-12.880 11.774
1.648 -16.888
10.572 12.438
-15.721 -2.498
13.460 -9.031
-3.611 16.699
-8.047 -14.721
15.436 5.594
-15.458 6.909
7.715 -15.562
4.613 16.803
-14.714 -8.925
16.975 -4.531
-10.817 13.858
-1.852 -17.523
13.259 11.495
-17.252 0.509
12.524 -12.595
-0.308 17.099
-11.575 -12.988
17.217 2.791
-13.974 10.312
3.424 -17.079
8.818 15.310
-16.893 -5.746
16.304 -6.547
-7.653 16.962
-5.765 -17.721
16.589 9.043
-16.803 4.082
9.945 -15.395
3.213 18.143
-14.684 -10.735
18.573 -1.041
-12.845 13.743
0.241 -18.280
11.990 13.443
-18.009 -1.133
14.269 -10.686
-3.473 18.794
-10.726 -15.333
17.219 5.122
-16.573 8.869
6.370 -18.171
6.338 16.441
-16.733 -7.553
18.700 -5.190
-9.268 16.090
-4.027 -18.052
15.531 10.926
-19.397 1.879
12.021 -14.732
1.115 19.340
-13.094 -14.296
19.202 1.311
-14.465 12.905
2.435 -19.610
10.451 15.853
-18.450 -4.853
