-0.277 -1.913
1.273 0.821
-1.144 0.547
1.334 -1.104
-0.487 2.183
-1.940 -2.700
3.105 0.280
-2.776 2.362
0.840 -3.298
2.383 3.103
-3.412 -0.560
3.017 -2.118
-1.310 3.789
-1.312 -4.405
4.491 1.816
-4.057 1.065
2.415 -4.249
1.227 5.806
-4.370 -3.113
5.318 -1.151
-3.025 4.239
-0.303 -6.106
4.141 3.535
-6.182 -0.680
4.756 -4.266
-1.334 5.935
-3.006 -4.818
5.984 0.859
-5.098 2.589
2.381 -6.158
2.965 5.174
-6.415 -2.491
6.354 -2.628
-3.126 6.065
-2.466 -7.076
5.897 3.263
-7.372 1.067
4.409 -6.057
0.380 7.944
-6.281 -5.375
8.126 -0.086
-5.900 4.566
1.158 -7.512
4.869 5.841
-8.005 -1.374
7.116 -4.253
-2.225 7.678
-4.077 -6.343
7.966 2.096
-7.888 2.778
3.441 -7.632
2.143 8.369
-7.666 -4.232
8.205 -1.846
-4.809 6.661
-0.987 -8.167
6.627 5.642
-9.056 0.386
6.302 -5.884
-0.319 9.681
-5.615 -7.334
9.775 1.827
-7.787 5.008
2.863 -9.330
4.876 8.273
-8.951 -2.882
8.878 -4.639
-3.894 8.547
-2.996 -9.060
8.195 4.148
-9.912 3.327
4.695 -8.940
2.088 10.154
-8.406 -6.388
10.960 -1.563
-7.375 7.905
0.471 -10.473
7.078 7.400
-10.870 -0.852
8.642 -6.447
-2.010 10.220
-5.668 -9.201
9.941 3.578
-9.973 5.176
3.883 -10.939
5.122 10.095
-9.808 -5.108
10.458 -3.645
-6.108 10.183
-2.347 -10.712
9.805 7.231
-10.372 1.610
7.041 -9.432
0.612 11.883
-8.535 -8.214
11.227 0.760
-8.658 6.554
2.120 -11.183
6.905 9.978
-11.819 -2.500
10.374 -5.777
-3.394 11.346
-5.176 -11.026
10.796 5.259
-11.511 4.196
5.729 -10.666
3.625 12.393
-11.290 -6.708
12.735 -2.531
-7.928 9.798
-1.057 -12.050
9.173 8.939
-12.954 0.547
9.299 -8.131
-1.242 12.150
-7.522 -9.805
12.465 2.056
-10.795 6.902
3.208 -12.612
5.730 11.822
-11.706 -4.455
12.017 -4.991
-5.554 11.852
-3.038 -12.425
11.579 6.821
-13.035 3.237
7.398 -11.209
1.976 13.890
-10.599 -8.379
12.743 -0.119
-9.663 10.052
0.233 -13.201
8.572 10.594
-13.752 -2.265
11.744 -7.923
-2.998 14.044
-7.162 -11.663
13.306 3.626
-12.463 6.319
5.065 -12.544
4.506 13.972
-12.968 -5.942
13.663 -4.124
-7.987 12.290
-1.978 -14.420
11.049 8.532
-14.344 1.888
9.723 -11.008
-0.393 14.081
-10.039 -10.294
14.645 1.766
-11.836 9.318
2.225 -14.174
7.977 12.414
-15.050 -3.987
13.123 -6.804
-5.593 14.297
-4.767 -13.339
13.364 6.954
-14.564 5.038
6.749 -12.986
3.177 15.263
-12.554 -8.840
14.440 -1.796
-9.829 11.870
-0.811 -15.834
11.279 11.740
-14.841 -0.670
11.623 -9.731
-2.322 15.660
-8.210 -13.113
15.038 3.514
-14.007 7.703
4.916 -14.333
6.466 13.517
-15.170 -6.528
15.032 -5.220
-7.365 14.178
-4.544 -15.150
13.268 8.819
-16.011 3.068
9.038 -12.682
1.344 16.419
-11.606 -11.174
16.759 0.190
-11.828 11.153
1.631 -16.245
9.438 13.426
-15.675 -2.309
14.065 -8.415
-4.472 15.768
-8.430 -14.861
15.104 6.215
-15.492 6.575
6.611 -14.965
5.446 15.969
-14.694 -8.328
17.092 -3.519
-10.063 13.662
-2.712 -16.097
12.225 10.195
-16.186 0.865
11.653 -12.495
-0.625 16.765
-10.395 -12.709
16.816 1.980
-14.595 9.416
4.642 -16.795
8.069 15.200
-16.901 -4.800
16.387 -6.365
-7.381 16.000
-5.503 -16.663
15.079 8.396
-17.207 4.405
9.020 -14.530
3.292 17.083
-13.360 -11.214
17.283 -1.702
-11.686 12.917
0.265 -17.665
11.568 13.585
-17.357 -2.724
15.259 -10.651
-4.122 18.173
-9.619 -16.261
16.523 5.098
-16.426 8.132
6.530 -17.229
7.117 16.740
-16.487 -8.616
18.070 -5.228
-9.567 15.578
-3.416 -17.686
14.888 10.195
-17.728 1.873
12.607 -14.365
1.362 18.662
-12.168 -13.216
18.777 0.868
-14.776 12.347
2.974 -17.367
10.506 15.056
-18.720 -5.117
16.200 -9.074
-5.784 17.568
-7.746 -17.338
17.623 8.318
-17.869 6.499
8.945 -17.183
3.927 18.984
-15.822 -10.959
19.032 -3.678
-12.133 15.598
-0.859 -18.969
13.363 13.616
