-3.25845, -15.90732
0.11255, -17.63418
6.04086, -17.66766
8.46968, -17.34701
6.02424, -15.80440
9.08894, -14.92636
9.30320, -13.17357
6.86340, -13.79067
2.26971, -19.32730
-0.07520, -15.86046
1.65837, -15.50050
2.66917, -12.29497
0.66702, -12.08239
0.21742, -13.97858
-2.48608, -12.74008
-1.54610, -14.83271
11.73473, -10.11552
13.47895, -10.58470
12.50404, -6.73872
10.50600, -8.87760
11.86436, -4.92046
10.17154, -6.81900
8.58813, -8.99088
8.68290, -11.50368
6.66856, -11.75512
4.95086, -12.21030
3.95202, -13.73654
4.19376, -16.03531
2.20092, -17.46001
11.26252, -14.11299
11.02541, -12.21618
14.66645, -12.00492
3.06672, -8.24888
1.49699, -9.33555
3.60783, -10.49652
-0.76688, -10.90118
0.15788, -8.19045
1.54191, -6.72746
-0.25356, -6.24086
-1.63488, -3.86505
5.08462, -9.32726
6.82246, -9.70680
8.23927, -7.01780
6.41967, -6.68644
5.69172, -5.04366
4.33079, -3.74644
4.39447, -7.03709
2.40692, -4.81368
18.66918, -3.73980
17.50889, -2.41918
15.53828, -5.16959
15.54198, -3.23242
13.08982, -1.81352
11.76396, -2.89993
14.00356, -4.18317
14.31633, -6.82438
-3.29881, -4.69196
-2.12774, -7.13310
-1.73238, -8.91886
-4.73795, -9.34777
-3.12456, -10.03119
15.66816, -7.97349
16.02240, -10.35711
17.00370, -6.04904
6.02621, -1.23665
4.17450, -2.02375
6.67209, -3.52512
14.39203, 0.01102
16.35438, -0.85823
17.67166, 0.29242
17.32112, 2.00651
18.06070, 3.84330
8.55009, -4.37601
10.27385, -3.96966
7.96773, -2.26539
10.46005, -1.14536
9.71212, 1.41909
7.62145, -0.03967
6.48521, 1.38285
3.38256, 0.29853
10.42729, 5.50788
6.80844, 5.35202
7.73027, 7.55730
5.93752, 8.02489
5.33575, 6.36689
5.00038, 4.04596
2.60565, 2.65025
4.59712, 1.72207
14.94136, 2.65972
13.18854, 3.08869
11.46529, 2.17486
13.00190, 1.22911
11.39207, 0.39354
6.69980, 3.43372
8.09342, 2.20777
9.59951, 3.27505
9.50350, 7.95308
12.22853, 5.58077
11.43359, 4.01450
9.66076, 10.36965
11.41757, 9.99867
10.49052, 12.59203
12.87419, 13.46850
11.47630, 14.58671
13.87970, 4.67779
15.84704, 4.25243
18.40533, 6.22726
15.78427, 6.68951
16.14707, 10.28255
13.95110, 6.96040
14.14577, 9.62767
12.36134, 7.90264
4.02724, 13.96543
7.47194, 14.04630
6.10456, 16.33151
4.35806, 16.80667
6.56116, 18.23170
2.00054, 18.69557
2.42398, 16.55554
0.98431, 11.18164
8.78622, 15.20568
7.94059, 17.02107
8.76403, 11.95052
6.74770, 11.07702
7.33499, 9.33140
2.06898, 12.52849
4.46849, 12.16889
6.18581, 12.84017
-6.00690, 16.14120
-4.79342, 14.24493
-4.92558, 12.43449
-9.15327, 10.05495
-9.87685, 12.91493
-7.43209, 10.39783
-6.74060, 12.20027
-6.67947, 14.43787
-3.53076, 11.42138
-1.53366, 13.69660
0.51129, 14.76448
-1.15387, 15.36001
0.61277, 16.93071
-2.53238, 17.09236
-3.83324, 15.82179
-5.51654, 18.70161
3.58994, 5.86792
3.06888, 7.82056
5.23163, 9.76029
3.24509, 10.54513
-0.10957, 12.64652
-1.97554, 10.31611
-0.27265, 9.91074
0.08428, 6.00865
-8.20226, 13.59049
-7.78967, 16.24545
-11.42253, 15.29936
-11.64129, 13.48770
-13.26509, 12.61858
-11.79992, 11.32495
1.99050, 5.04016
1.31814, 7.99299
-8.80322, 8.29472
-7.43313, 6.05550
-9.17907, 6.52570
-14.57814, 5.41644
-11.65572, 5.41849
-13.12109, 6.54627
-10.76768, 7.43245
-11.05192, 9.79107
-5.00690, 5.69989
-2.82279, 4.61994
-2.29574, 6.31267
-4.54474, 7.40067
-0.83293, 8.19116
-2.82459, 8.71905
-5.66800, 10.75837
-6.18549, 8.09673
1.30586, 1.14113
0.24432, 3.10226
-0.59038, 1.34239
-1.07822, 4.65773
-2.68481, 2.80706
-2.20435, -0.21147
-2.71183, -2.41478
0.07354, -3.51233
-12.35411, 8.42959
-13.75993, 10.27320
-15.44367, 9.54269
-14.96450, 7.76326
-18.13850, 6.74302
-0.64159, -1.10299
2.42304, -2.37664
1.86922, -0.61360
-11.64525, 2.34487
-10.40576, -0.47663
-11.72261, -1.67976
-15.82706, 0.05900
-14.27452, -0.88337
-12.17418, 0.56621
-13.94289, 1.70903
-13.43117, 4.04563
-3.88679, -0.72108
-6.02934, -0.43160
-5.54982, 2.06904
-4.65943, 3.68701
-7.77966, 1.53253
-7.94877, 3.35563
-9.68595, 3.56881
-9.59533, 1.14550
-5.40997, -5.16491
-4.63842, -2.36160
-6.45172, -2.17321
-7.91633, -1.05400
-7.25118, -3.75306
-8.98705, -2.55647
-8.88906, -6.12382
-7.75269, -7.58355
-16.00588, 3.78074
-16.39455, 5.82021
-18.21377, 4.15630
-16.60128, 1.90893
-18.57939, -1.33497
-6.58934, -9.11373
-6.14126, -6.96596
-3.92208, -7.37950
-16.91960, -4.93444
-16.82469, -7.14556
-15.08939, -5.15716
-11.46736, -13.04259
-9.70090, -12.69969
-8.43780, -9.64509
-10.99705, -10.33690
-11.37756, -8.05503
-15.04278, -7.92709
-13.31875, -6.05043
-10.87631, -6.35291
-11.00555, -4.49760
-12.52243, -3.70158
-14.96249, -3.39701
-16.22320, -2.06365
-18.23097, -3.10584
-5.14623, -12.42889
-5.86548, -10.73785
-8.09753, -11.40420
-7.12576, -13.65367
-8.81972, -14.33059
-10.50142, -15.03794
-9.06379, -16.67977
-6.90367, -16.40743
-12.77560, -10.05408
-13.21053, -7.95719
-14.53745, -9.63255
-17.25195, -9.66190
-14.41456, -12.77934
-4.48571, -17.28740
-5.44705, -15.39457
-4.02127, -13.89815
