-7.06107, -14.62196
-4.21668, -17.12298
1.52228, -18.60970
3.95555, -18.89465
1.96323, -16.79929
5.14969, -16.69988
5.78737, -15.05320
3.27074, -15.05294
-2.54077, -19.29354
-3.96359, -15.35740
-2.19469, -15.43370
-0.42844, -12.57407
-2.31726, -11.87684
-3.21827, -13.60480
-5.53535, -11.74095
-5.13744, -14.00023
8.89477, -12.68506
10.47060, -13.56777
10.46892, -9.60015
8.00725, -11.18355
10.29482, -7.68054
8.18800, -9.10580
6.12019, -10.82290
5.59566, -13.28217
3.58119, -13.03179
1.80431, -13.05170
0.46160, -14.28629
0.13204, -16.57412
-2.14940, -17.46642
7.45638, -16.44455
7.69182, -14.54754
11.27343, -15.23590
0.94951, -8.74913
-0.83883, -9.41753
0.92272, -11.06083
-3.41759, -10.37998
-1.85612, -7.97892
-0.15550, -6.90015
-1.77674, -5.98797
-2.53305, -3.34590
2.64122, -10.28956
4.23285, -11.08381
6.26600, -8.82453
4.58329, -8.05693
4.28056, -6.28577
3.27944, -4.69435
2.53395, -7.90007
1.15255, -5.25703
17.18134, -8.20522
16.38047, -6.64032
13.79537, -8.82329
14.27416, -6.94622
12.24499, -4.96914
10.69315, -5.69711
12.54953, -7.49054
12.20483, -10.12776
-4.34899, -3.73938
-3.81253, -6.39320
-3.86731, -8.22139
-6.88626, -7.89990
-5.48982, -8.95821
13.23347, -11.57338
12.99217, -13.97106
15.00028, -10.03534
5.53872, -2.67713
3.55051, -2.98595
5.60349, -5.05412
13.95499, -3.51979
15.64415, -4.84386
17.20344, -4.05150
17.28409, -2.30380
18.45165, -0.70455
7.21538, -6.33970
8.98615, -6.36862
7.16856, -4.15072
9.85948, -3.67629
9.76348, -1.00672
7.37885, -1.90806
6.62628, -0.25027
3.35244, -0.54036
11.45981, 2.78170
7.91330, 3.51833
9.34793, 5.43010
7.72467, 6.32318
6.73457, 4.86345
5.84010, 2.69570
3.17616, 1.93009
4.87910, 0.54174
15.13728, -1.08678
13.54325, -0.24093
11.64848, -0.70411
12.90614, -1.99791
11.14053, -2.41304
7.33741, 1.68529
8.38771, 0.15494
10.10959, 0.82016
11.16408, 5.37880
13.22389, 2.41050
12.06903, 1.08710
11.90933, 7.68295
13.52146, 6.89235
13.25890, 9.63388
15.78475, 9.89884
14.70388, 11.32580
14.60311, 1.13007
16.40599, 0.23510
19.37056, 1.52202
16.94297, 2.61312
18.17609, 6.00737
15.23226, 3.32542
16.07529, 5.86343
13.92222, 4.62885
7.33001, 12.55081
10.68930, 11.78420
9.92428, 14.33501
8.34770, 15.22409
10.83305, 16.06513
6.52557, 17.63359
6.41111, 15.45507
3.69717, 10.59853
12.24783, 12.58575
11.87336, 14.55311
11.42780, 9.43549
9.25880, 9.08331
9.39994, 7.24696
5.07909, 11.63815
7.31707, 10.70092
9.14660, 10.93041
-1.86380, 17.12155
-1.15257, 14.98554
-1.72480, 13.26284
-6.40705, 11.99309
-6.40694, 14.94318
-4.65434, 11.90327
-3.54182, 13.48102
-2.93367, 15.63525
-0.62113, 11.93853
1.87308, 13.65433
4.11750, 14.18793
2.64931, 15.17374
4.74728, 16.26308
1.73788, 17.19132
0.16508, 16.27869
-0.76034, 19.48344
4.91969, 4.80799
4.89355, 6.82879
7.46605, 8.17871
5.73273, 9.42689
2.99606, 12.28699
0.61544, 10.48552
2.16686, 9.67480
1.55567, 5.80438
-4.61779, 15.18731
-3.56653, 17.65994
-7.32048, 17.63392
-7.97696, 15.93129
-9.76434, 15.48705
-8.66128, 13.87353
3.16607, 4.39787
3.23861, 7.42542
-6.49949, 10.20077
-5.72055, 7.69388
-7.29781, 8.57800
-12.80401, 8.82707
-9.97039, 8.11216
-11.11433, 9.56495
-8.61545, 9.84674
-8.31241, 12.20303
-3.45569, 6.75396
-1.60324, 5.17123
-0.67705, 6.68295
-2.59044, 8.28940
1.20188, 8.14520
-0.59944, 9.14553
-2.85571, 11.82006
-4.01031, 9.36668
1.54588, 0.78592
0.99786, 2.94754
-0.24304, 1.44619
0.09730, 4.77991
-1.91418, 3.37989
-2.18887, 0.33573
-3.22133, -1.67576
-0.79031, -3.42305
-9.90879, 11.20258
-10.81941, 13.33472
-12.63091, 13.03956
-12.60287, 11.19696
-15.93017, 10.98650
-0.89256, -0.91190
1.76600, -2.89842
1.66158, -1.05339
-10.71422, 5.12989
-10.20474, 2.09054
-11.77648, 1.24721
-15.32899, 3.93969
-14.05506, 2.64527
-11.66331, 3.53532
-13.09763, 5.07711
-12.02836, 7.21678
-3.94492, 0.25441
-5.95099, 1.06063
-4.87269, 3.36723
-3.61261, 4.71735
-7.16601, 3.39411
-6.88274, 5.20299
-8.51454, 5.83580
-9.02115, 3.46431
-6.51166, -3.67999
-5.07602, -1.15160
-6.78769, -0.52416
-7.93301, 0.92014
-7.95027, -1.85962
-9.33958, -0.27377
-10.11968, -3.75616
-9.37611, -5.45005
-14.58938, 7.59158
-14.46588, 9.66408
-16.63769, 8.49728
-15.62576, 5.92302
-18.33918, 3.26349
-8.62367, -7.21885
-7.66242, -5.24662
-5.61249, -6.19191
-17.61308, -0.63317
-18.06348, -2.80001
-15.89342, -1.29804
-14.31642, -9.83105
-12.51982, -9.93195
-10.54600, -7.28054
-13.19675, -7.32341
-13.00588, -5.01791
-16.52773, -3.99477
-14.39601, -2.59837
-12.10241, -3.49076
-11.77257, -1.66043
-13.04784, -0.51663
-15.33862, 0.37719
-16.23374, 1.97907
-18.43581, 1.46125
-8.03788, -10.78672
-8.32034, -8.97091
-10.64765, -9.06937
-10.25738, -11.48849
-12.06563, -11.72918
-13.86947, -12.00238
-12.87852, -13.94671
-10.71759, -14.21259
-14.85159, -6.61293
-14.75885, -4.47342
-16.45620, -5.77209
-19.09496, -5.13465
-17.10900, -8.85288
-8.58938, -15.65881
-9.05702, -13.58800
-7.30772, -12.48705
