1.790 0.729
-1.352 0.682
0.107 -1.264
0.277 1.710
-1.636 -1.524
3.310 -0.307
-1.813 2.537
-0.632 -3.590
2.419 2.394
-3.882 0.485
2.210 -2.659
0.300 3.674
-2.605 -3.047
4.463 1.097
-3.839 2.955
1.134 -4.038
2.443 4.233
-5.628 -1.880
4.896 -2.194
-1.699 5.169
-2.126 -4.754
5.420 2.828
-5.145 1.782
3.715 -4.988
1.273 6.261
-4.444 -4.154
5.676 -0.154
-3.769 4.727
0.347 -5.707
4.106 5.170
-5.963 -0.060
5.395 -4.273
-0.949 6.810
-3.649 -5.766
7.351 1.454
-5.799 3.435
2.810 -6.898
2.993 6.867
-7.044 -3.692
7.814 -2.697
-4.038 7.052
-0.953 -7.400
5.893 4.801
-7.502 1.243
5.236 -6.209
0.067 8.289
-5.497 -5.804
7.534 -0.307
-5.839 5.811
1.596 -8.209
4.841 6.830
-8.303 -2.387
7.529 -4.471
-2.560 8.011
-3.312 -7.518
7.543 3.281
-8.220 2.861
4.249 -8.006
1.886 8.413
-8.188 -5.174
9.167 -1.132
-6.523 7.507
-0.380 -9.250
6.599 7.191
-9.603 0.020
7.015 -6.262
-0.491 10.005
-5.401 -7.684
9.331 2.000
-7.725 4.970
2.146 -10.233
5.335 8.574
-9.815 -3.337
9.763 -4.018
-4.198 10.244
-3.086 -10.361
8.794 5.706
-9.965 2.360
6.235 -8.945
1.188 10.716
-7.798 -6.905
10.804 -0.233
-8.116 6.764
0.582 -11.221
7.470 8.885
-11.299 -0.690
9.370 -5.875
-2.148 10.865
-5.692 -10.421
10.426 3.397
-11.198 4.798
3.861 -9.761
4.572 10.846
-10.559 -5.485
11.404 -3.205
-6.337 9.299
-1.271 -10.784
8.572 7.487
-12.100 0.906
8.137 -8.929
-0.267 11.871
-8.069 -8.669
12.129 1.116
-9.999 6.651
2.206 -12.052
6.301 10.338
-12.524 -3.144
11.499 -6.343
-4.261 12.264
-4.439 -11.796
10.928 5.186
-12.352 3.389
6.083 -11.449
2.307 12.135
-9.851 -7.219
12.264 -1.526
-8.081 9.711
-0.491 -12.803
9.254 9.149
-13.096 -1.040
9.766 -7.842
-1.777 12.890
-7.412 -10.788
12.254 3.667
-11.743 6.535
3.804 -12.880
5.925 12.053
-12.981 -5.324
12.591 -4.902
-6.346 11.051
-3.780 -13.421
11.268 6.881
-13.475 2.032
8.912 -10.715
0.891 14.139
-10.596 -9.692
13.684 -0.275
-9.861 9.642
0.857 -13.947
8.257 10.716
-14.331 -3.184
11.688 -8.178
-3.357 13.872
-6.558 -13.108
13.438 5.591
-12.950 5.213
5.630 -13.327
4.574 13.956
-11.946 -7.464
13.959 -3.450
-8.934 11.738
-2.048 -14.924
11.099 9.092
-14.744 0.599
11.055 -10.963
-0.772 14.762
-9.502 -12.059
13.917 2.638
-12.760 8.008
3.025 -15.111
7.786 12.392
-14.773 -4.984
13.977 -6.355
-5.758 13.364
-5.265 -14.484
14.068 7.313
-15.833 3.788
8.087 -12.461
2.512 14.949
-12.332 -9.928
15.465 -0.445
-10.640 11.192
0.444 -15.979
9.875 11.493
-14.931 -1.263
13.307 -9.781
-3.104 15.607
-8.502 -13.527
15.366 3.747
-14.321 6.981
5.456 -15.362
6.365 14.213
-14.841 -7.149
15.510 -4.356
-8.644 14.359
-3.634 -15.845
13.187 9.627
-16.356 1.347
9.923 -12.352
0.141 16.390
-11.337 -11.836
17.083 0.249
-13.003 9.883
2.168 -16.689
9.562 13.275
-16.529 -3.384
14.618 -8.459
-5.614 16.523
-6.691 -15.593
15.256 5.807
-14.980 5.385
7.445 -14.398
4.880 16.373
-14.144 -9.023
16.221 -2.535
-10.217 13.502
-0.736 -17.354
12.137 12.503
-17.194 -0.732
12.693 -12.149
-2.803 17.355
-10.065 -14.463
17.156 3.686
-14.873 8.757
4.908 -17.070
7.968 15.133
-16.400 -5.805
16.432 -5.848
-7.277 15.768
-5.228 -16.616
15.102 9.168
-17.572 3.103
11.133 -13.592
1.465 18.551
-13.589 -12.752
18.893 -0.067
-12.758 11.672
1.298 -18.282
11.556 14.351
-18.040 -2.333
15.774 -9.860
-4.635 18.231
-8.595 -16.135
16.983 6.004
-16.327 7.682
7.356 -16.238
6.011 18.143
-16.785 -8.269
17.557 -3.807
-10.251 15.756
-3.172 -18.992
13.474 11.354
-18.302 1.443
13.886 -13.557
-0.371 18.564
-12.226 -13.879
18.874 2.092
-16.092 10.991
3.437 -18.701
10.294 16.410
-18.361 -6.220
17.459 -8.101
-6.459 18.277
-7.313 -18.358
16.795 8.858
-18.506 4.635
