15.98717, -2.84093
17.62519, 0.57412
17.50347, 6.50128
17.11936, 8.92087
15.64129, 6.43589
14.68333, 9.47656
12.92553, 9.64486
13.60628, 7.22205
19.26127, 2.77487
15.85699, 0.34001
15.45178, 2.06356
12.22089, 2.99010
12.06079, 0.98307
13.96810, 0.58326
12.80079, -2.15173
14.86810, -1.15730
9.80487, 11.99550
10.22823, 13.75141
6.40909, 12.67615
8.59954, 10.73479
4.60821, 11.98909
6.55040, 10.34656
8.76299, 8.82054
11.27245, 8.98106
11.57653, 6.97399
12.07652, 5.26879
13.62838, 4.31025
15.92004, 4.61208
17.39641, 2.65722
13.81333, 11.62810
11.92339, 11.34142
11.61688, 14.97568
8.16578, 3.28160
9.29316, 1.74085
10.39849, 3.88136
10.91752, -0.48126
8.18351, 0.37223
6.68480, 1.71749
6.24536, -0.09011
3.90652, -1.53314
9.19096, 5.32704
9.52488, 7.07421
6.79972, 8.42015
6.51610, 6.59250
4.89294, 5.82179
3.63179, 4.42738
6.91965, 4.57718
4.74902, 2.53210
3.24982, 18.76068
1.96002, 17.56622
4.76108, 15.66828
2.82447, 15.62127
1.47025, 13.13280
2.59099, 11.83584
3.81517, 14.10827
6.44728, 14.49006
4.77670, -3.17486
7.18636, -1.94029
8.96116, -1.49831
9.46859, -4.49163
10.10954, -2.86090
7.56062, 15.87152
9.93414, 16.28803
5.60186, 17.15622
1.07847, 6.05651
1.91378, 4.22605
3.34925, 6.76208
-0.38775, 14.38681
0.42983, 16.37125
-0.75491, 17.65795
-2.45924, 17.26266
-4.31476, 17.95390
4.15070, 8.66171
3.69936, 10.37424
2.05604, 8.02430
0.87116, 10.48645
-1.67284, 9.67164
-0.15985, 7.61988
-1.55214, 6.44679
-0.38697, 3.37359
-5.77895, 10.27954
-5.52841, 6.66601
-7.75707, 7.52979
-8.17757, 5.72542
-6.50438, 5.16726
-4.17546, 4.89276
-2.71755, 2.53538
-1.84182, 4.55047
-3.04992, 14.86661
-3.43287, 13.10317
-2.47424, 11.40443
-1.56904, 12.96527
-0.69162, 11.37786
-3.60792, 6.60762
-2.41887, 8.03285
-3.52522, 9.51049
-8.19913, 9.29206
-5.89896, 12.07825
-4.31243, 11.32459
-10.61899, 9.38601
-10.29412, 11.15192
-12.86232, 10.15730
-13.80089, 12.51722
-14.88213, 11.09053
-5.03951, 13.75250
-4.66580, 15.73029
-6.70692, 18.23602
-7.10040, 15.60375
-10.70170, 15.87237
-7.32321, 13.76411
-9.99466, 13.88890
-8.22351, 12.15024
-14.06606, 3.66029
-14.23708, 7.10169
-16.48571, 5.67496
-16.91499, 3.91662
-18.39720, 6.08166
-18.74153, 1.51046
-16.61332, 1.98978
-11.20357, 0.69127
-15.43046, 8.38517
-17.22309, 7.49231
-12.17584, 8.44820
-11.24986, 6.45542
-9.52021, 7.08821
-12.57836, 1.74031
-12.28169, 4.14841
-12.99769, 5.84758
-15.97843, -6.42737
-14.11457, -5.16467
-12.30129, -5.24938
-9.81190, -9.41334
-12.65196, -10.21154
-10.19971, -7.70173
-12.01964, -7.05765
-14.25807, -7.05512
-11.32505, -3.82853
-13.65176, -1.89167
-14.77280, 0.12462
-15.32454, -1.55555
-16.94095, 0.16937
-17.02022, -2.97894
-15.71603, -4.24610
-18.55080, -6.00420
-5.95988, 3.43510
-7.89822, 2.86311
-9.89389, 4.97434
-10.62647, 2.96793
-12.63932, -0.44058
-10.26086, -2.24490
-9.90020, -0.53199
-6.00879, -0.07304
-13.37112, -8.55521
-16.03598, -8.21226
-14.99511, -11.81911
-13.17835, -11.99036
-12.26702, -13.59086
-11.01219, -12.09233
-5.09053, 1.85788
-8.02476, 1.10846
-8.06144, -9.01733
-5.85885, -7.58910
-6.28318, -9.34675
-5.03297, -14.71493
-5.11152, -11.79357
-6.20056, -13.28796
-7.14803, -10.95855
-9.49841, -11.30443
-5.56687, -5.15439
-4.54447, -2.94276
-6.25041, -2.46020
-7.27916, -4.73691
-8.16655, -1.04706
-8.64212, -3.05186
-10.60631, -5.94768
-7.93203, -6.39532
-1.17492, 1.27554
-3.10759, 0.16303
-1.32647, -0.62532
-4.62791, -1.19977
-2.73582, -2.75737
0.26910, -2.19806
2.48494, -2.64769
3.50920, 0.16545
-8.10331, -12.57053
-9.90949, -14.02413
-9.13515, -15.68818
-7.36888, -15.16259
-6.26590, -18.30879
1.11941, -0.61249
2.31240, 2.48442
0.56446, 1.88464
-2.03923, -11.70264
0.74886, -10.38972
1.98604, -11.67462
0.35532, -15.82318
1.25673, -14.24650
-0.24733, -12.18483
-1.34346, -13.98285
-3.69266, -13.53247
0.82258, -3.86659
0.58928, -6.01597
-1.92305, -5.60208
-3.56378, -4.75435
-1.32836, -7.81711
-3.14640, -8.03389
-3.31404, -9.77605
-0.89393, -9.62203
5.30475, -5.27291
2.48221, -4.57502
2.34136, -6.39262
1.26086, -7.88603
3.94159, -7.15045
2.79084, -8.91705
6.35441, -8.72571
7.78390, -7.55152
-3.36046, -16.09936
-5.38906, -16.54129
-3.67809, -18.31633
-1.47370, -16.64556
1.82086, -18.53808
9.28310, -6.34851
7.12433, -5.95681
7.47964, -3.72756
5.37565, -16.78463
7.58353, -16.63188
5.55038, -14.94922
13.33830, -11.12202
12.94928, -9.36514
9.86266, -8.18243
10.62123, -10.72269
8.35010, -11.16281
8.31815, -14.83012
6.39700, -13.15580
6.63544, -10.70628
4.78415, -10.88405
4.02811, -12.42124
3.78752, -14.86843
2.48762, -16.16362
3.58201, -18.14342
12.55934, -4.81911
10.88771, -5.58239
11.61226, -7.79623
13.83553, -6.76591
14.55655, -8.44156
15.30768, -10.10418
16.91132, -8.62406
16.58253, -6.47181
10.38506, -12.50804
8.30028, -12.99771
10.00980, -14.28032
10.11019, -16.99312
13.15230, -14.07510
17.39890, -4.03164
15.53189, -5.04220
13.99865, -3.65608
