-1.905 0.327
0.788 -1.294
0.576 1.130
-1.139 -1.305
2.195 0.430
-2.648 2.010
0.199 -3.112
2.434 2.714
-3.319 -0.754
3.039 -2.463
-0.471 3.425
-2.196 -2.961
3.822 1.210
-4.369 1.427
1.698 -4.537
1.171 4.028
-4.311 -2.302
5.771 -1.379
-2.997 4.450
-1.289 -5.286
4.317 2.913
-6.096 0.463
3.426 -4.232
-0.518 6.197
-4.389 -4.643
5.968 1.178
-4.737 3.131
0.702 -6.005
2.721 5.029
-6.218 -2.219
5.094 -3.100
-2.322 6.478
-2.793 -6.283
6.145 2.966
-7.009 2.650
3.107 -5.981
1.260 7.341
-6.170 -4.249
7.932 -0.588
-5.209 6.419
-0.298 -8.121
4.719 5.779
-7.540 -0.961
5.712 -5.020
-1.164 8.038
-4.438 -7.002
7.734 2.023
-6.234 4.242
1.886 -8.019
2.983 7.813
-7.719 -3.240
8.310 -2.361
-4.030 7.774
-2.060 -8.154
6.784 4.633
-8.138 1.201
5.466 -6.773
0.623 9.042
-6.047 -6.146
9.686 0.066
-7.184 5.805
1.571 -9.820
5.211 7.653
-9.402 -2.617
8.142 -5.091
-2.647 9.023
-4.870 -8.753
8.646 3.669
-8.978 3.233
3.932 -8.301
3.586 9.821
-9.060 -4.460
10.096 -2.353
-6.166 8.570
-1.850 -10.915
8.095 7.166
-10.481 -0.197
7.213 -7.269
-0.567 10.889
-6.671 -8.470
10.269 1.741
-9.049 5.907
3.316 -10.031
5.435 9.834
-11.037 -3.596
9.957 -5.385
-4.850 9.939
-3.918 -10.359
10.339 5.839
-10.647 2.626
6.972 -9.991
1.880 10.327
-9.613 -6.792
11.863 -0.923
-7.988 8.747
0.466 -11.243
6.778 8.483
-11.234 -1.827
9.794 -7.164
-2.190 11.880
-6.047 -10.219
11.431 3.096
-10.887 5.462
4.974 -10.930
4.496 11.397
-10.813 -5.447
12.294 -3.949
-6.410 11.462
-2.863 -12.664
10.002 7.669
-12.018 1.372
8.696 -9.404
0.886 12.935
-8.371 -9.083
12.179 0.923
-9.605 7.776
1.729 -12.515
7.183 10.610
-12.691 -2.877
11.668 -6.037
-4.147 11.819
-5.303 -11.882
11.993 5.242
-12.341 3.363
6.516 -11.753
3.577 12.945
-11.399 -7.102
13.834 -2.339
-8.099 10.815
-0.452 -12.736
10.302 9.397
-13.202 0.112
10.366 -8.846
-1.904 13.806
-8.228 -11.533
14.118 2.629
-11.472 7.465
3.276 -13.397
6.643 12.293
-12.673 -4.735
13.850 -4.870
-5.601 13.119
-4.480 -13.550
12.495 7.663
-14.363 2.355
8.239 -11.269
2.262 14.290
-11.259 -9.431
14.086 0.024
-10.027 10.305
1.382 -14.687
9.625 11.588
-14.228 -1.853
12.201 -8.300
-3.592 15.149
-7.145 -12.940
14.439 5.216
-13.209 5.115
6.602 -13.541
5.417 14.428
-13.158 -6.406
15.175 -3.575
-8.508 12.781
-2.173 -14.388
12.123 9.515
-15.808 1.225
11.440 -11.582
-0.281 14.853
-10.032 -11.364
15.715 1.912
-12.894 8.550
3.119 -15.124
8.067 13.800
-14.457 -4.539
13.343 -6.817
-6.129 15.336
-5.612 -14.890
14.366 6.991
-15.026 4.939
8.469 -13.494
3.486 15.925
-12.915 -8.703
16.378 -1.773
-10.866 11.894
-0.249 -16.758
11.458 11.532
-16.282 -1.205
13.174 -9.786
-1.897 15.730
-8.781 -13.840
15.880 4.057
-14.635 8.816
5.817 -15.262
6.978 15.315
-15.133 -6.217
15.821 -5.862
-7.940 14.907
-3.965 -16.994
13.921 9.702
-16.020 3.132
9.872 -12.488
1.288 16.158
-12.796 -11.322
16.776 0.186
-12.432 10.724
1.540 -16.862
9.795 14.344
-16.911 -4.200
14.984 -8.464
-4.356 17.021
-6.791 -16.215
16.188 6.960
-16.513 5.937
7.999 -15.294
4.854 17.086
-14.761 -8.637
16.991 -3.738
-10.860 13.649
-2.154 -17.232
13.219 11.344
-17.666 0.197
13.278 -11.920
-2.269 17.423
-11.047 -14.975
18.275 3.645
-16.004 10.041
4.663 -16.651
8.559 16.207
-17.394 -6.077
16.548 -7.552
-8.182 16.707
-5.699 -17.927
15.823 9.156
-17.590 3.877
9.802 -15.150
2.336 17.673
-14.690 -12.226
18.620 -1.850
-12.893 12.510
0.376 -18.793
12.730 14.448
-17.439 -2.519
14.776 -10.896
-4.625 18.847
-9.495 -15.957
17.714 5.322
-17.129 8.197
7.854 -17.835
6.964 17.693
-17.411 -8.492
18.875 -4.422
-10.541 16.104
-4.175 -18.930
15.910 11.721
-18.940 1.355
13.262 -13.715
