-12.94682, -9.80002
-11.55403, -13.32221
-7.12240, -17.26006
-5.08609, -18.62219
-5.90514, -15.84929
-3.02323, -17.21236
-1.70542, -16.03696
-3.94563, -14.89029
-11.05090, -16.01792
-10.52442, -11.86576
-8.98448, -12.73950
-6.10945, -10.99842
-7.47329, -9.51730
-9.06254, -10.64510
-10.27617, -7.93035
-10.95114, -10.12285
2.13962, -15.34437
3.14033, -16.84804
4.94627, -13.31524
2.03355, -13.60340
5.66575, -11.52706
3.14096, -11.83610
0.51796, -12.42271
-1.06930, -14.37303
-2.74854, -13.23246
-4.33942, -12.44074
-6.09713, -12.92811
-7.43271, -14.81464
-9.87016, -14.56969
-0.85347, -18.03586
0.22030, -16.45437
3.09511, -18.69875
-3.14036, -8.22113
-5.03684, -8.00148
-4.21729, -10.26684
-7.77093, -7.68352
-5.28710, -6.25739
-3.28176, -6.07176
-4.30947, -4.52118
-3.77916, -1.82465
-2.33611, -10.36309
-1.28103, -11.79520
1.55810, -10.71016
0.40981, -9.26027
0.94716, -7.54566
0.78091, -5.67290
-1.34308, -8.18707
-1.36880, -5.20492
11.55721, -15.13127
11.55714, -13.37334
8.26141, -14.13902
9.54273, -12.68613
8.63698, -10.00174
6.92389, -9.94285
7.75947, -12.38504
6.25124, -14.57571
-5.57498, -1.34768
-6.30636, -3.95453
-7.18794, -5.55705
-9.72899, -3.89559
-8.96797, -5.47386
6.50841, -16.33121
5.20135, -18.35574
8.78189, -15.76689
3.71108, -4.90635
1.80048, -4.27555
2.68592, -7.05188
10.81949, -9.49049
11.72003, -11.43868
13.46908, -11.44364
14.33704, -9.92455
16.10494, -9.03275
3.53520, -8.93061
5.09839, -9.76302
4.49071, -6.96062
7.10232, -7.76412
8.23297, -5.34390
5.69954, -5.05997
5.78479, -3.24137
2.73823, -2.00822
11.46886, -2.74416
8.64728, -0.47281
10.79530, 0.57554
9.75709, 2.11004
8.21072, 1.26161
6.42695, -0.26068
3.70670, 0.27130
4.59022, -1.74038
12.98032, -7.86317
11.94662, -6.38403
10.04887, -5.93321
10.57908, -7.65789
8.81819, -7.22313
7.29958, -1.84225
7.53743, -3.68305
9.37331, -3.87526
12.38869, -0.29746
12.87017, -3.87822
11.23923, -4.53024
14.10177, 1.41423
15.17675, -0.02397
16.19191, 2.53618
18.56115, 1.62141
18.24899, 3.38410
13.51467, -5.64637
14.71193, -7.26437
17.93727, -7.46924
16.27324, -5.39205
18.91721, -2.93218
15.07483, -3.97865
16.98149, -2.10331
14.50239, -2.22154
12.24273, 7.83374
14.88398, 5.62099
15.36496, 8.24026
14.36648, 9.74992
16.96211, 9.36644
13.84204, 12.72496
12.74773, 10.83775
8.11938, 7.75072
16.63655, 5.62456
17.19941, 7.54651
14.47147, 3.19372
12.38016, 3.86828
11.66926, 2.16924
9.82317, 8.04668
11.38850, 6.19284
13.12171, 5.56371
6.14045, 16.09087
5.80055, 13.86537
4.50638, 12.59247
-0.24024, 13.59510
1.10375, 16.22126
1.27912, 12.71670
2.98823, 13.61443
4.51097, 15.25512
4.88560, 10.91079
7.88760, 11.30199
10.12869, 10.75457
9.27077, 12.30098
11.63465, 12.31500
9.37850, 14.51225
7.56263, 14.41629
8.19872, 17.69078
6.56983, 2.03899
7.46712, 3.84984
10.37214, 3.87967
9.39772, 5.78042
8.26441, 9.57319
5.32450, 9.05398
6.33627, 7.62553
4.02903, 4.45846
2.80768, 15.62355
4.86993, 17.34582
1.51626, 19.03275
0.15623, 17.81610
-1.63730, 18.23487
-1.39037, 16.29600
4.82190, 2.47276
6.26566, 5.13487
-1.13902, 12.04167
-1.58760, 9.45516
-2.58894, 10.96073
-7.37717, 13.69077
-5.18032, 11.76351
-5.53686, 13.57792
-3.18395, 12.69042
-1.84079, 14.64997
0.00044, 7.58668
0.92850, 5.33385
2.44166, 6.25767
1.47015, 8.55939
4.78043, 6.70346
3.63257, 8.41454
2.84238, 11.82327
0.69691, 10.16522
1.73419, -0.00458
2.23105, 2.16936
0.44245, 1.39814
2.26408, 4.21081
-0.16434, 3.88082
-1.79562, 1.29600
-3.63106, -0.02432
-2.26290, -2.68722
-3.71765, 14.48658
-3.55701, 16.79946
-5.30409, 17.36193
-6.11852, 15.70885
-9.17640, 17.03723
-1.20998, -0.40519
0.25175, -3.38470
0.99930, -1.69467
-7.20104, 9.44750
-8.13205, 6.50975
-9.91542, 6.47500
-11.85136, 10.49021
-11.30696, 8.75757
-8.77232, 8.46035
-9.34683, 10.48627
-7.42023, 11.90393
-3.39592, 2.02357
-4.81448, 3.65513
-2.80381, 5.21728
-1.06703, 5.84515
-4.83310, 6.28592
-3.75691, 7.76716
-4.92128, 9.07386
-6.45259, 7.19351
-7.47316, -0.30962
-5.04334, 1.28718
-6.28127, 2.62549
-6.64290, 4.43296
-7.92458, 1.96624
-8.43892, 4.01089
-10.71976, 1.26619
-10.82948, -0.58046
-9.52935, 13.40424
-8.47529, 15.19294
-10.94019, 15.14360
-11.21205, 12.39098
-14.83911, 11.25952
-10.96541, -2.49784
-9.21126, -1.18003
-7.81700, -2.95537
-15.96782, 7.45989
-17.35587, 5.73612
-14.73985, 6.08463
-17.22315, -2.22995
-15.66975, -3.13821
-12.70479, -1.67705
-15.08406, -0.50768
-13.86389, 1.45775
-16.53300, 3.97293
-13.99919, 4.24493
-12.36392, 2.40567
-11.23650, 3.88480
-11.85070, 5.48396
-13.48281, 7.32321
-13.54992, 9.15699
-15.74613, 9.69916
-12.06926, -5.94086
-11.49352, -4.19573
-13.61018, -3.22318
-14.36478, -5.55450
-16.08415, -4.94503
-17.81441, -4.36651
-17.81798, -6.54880
-16.01541, -7.76988
-16.23356, 0.87865
-15.17636, 2.74102
-17.27896, 2.35815
-19.33764, 4.12768
-19.26353, -0.08703
-14.77967, -10.02683
-14.25262, -7.97033
-12.19384, -7.78714
