-1.668 -0.977
1.436 -0.482
-0.287 1.235
-0.030 -1.732
1.402 1.742
-3.320 -0.168
2.156 -2.252
0.113 3.643
-2.053 -2.714
3.912 0.073
-2.566 2.317
0.227 -3.679
2.144 3.387
-4.261 -1.723
4.221 -2.377
-1.699 3.835
-1.815 -4.538
5.303 2.663
-5.159 1.473
2.419 -4.874
1.426 5.009
-4.961 -3.572
5.346 -1.030
-4.388 4.407
-0.367 -6.379
3.806 4.745
-5.640 -0.657
4.405 -4.141
-1.158 5.600
-3.327 -5.702
5.893 0.910
-5.949 3.460
1.911 -6.605
2.789 6.227
-7.069 -2.488
6.229 -2.573
-3.765 6.427
-1.983 -7.224
6.446 4.659
-8.119 1.555
5.003 -6.404
-0.112 7.460
-5.148 -5.592
7.603 -0.161
-6.068 5.399
1.116 -8.214
4.613 6.529
-7.501 -0.771
6.608 -4.919
-2.751 7.898
-3.818 -7.451
7.878 3.547
-8.090 3.351
3.676 -7.564
2.206 7.914
-6.998 -4.323
8.544 -1.660
-5.348 7.318
-0.667 -8.596
7.367 6.289
-9.235 -0.187
7.527 -6.500
-0.944 9.210
-5.506 -8.058
9.508 1.350
-7.836 5.197
1.913 -9.832
4.250 8.375
-8.950 -3.311
8.355 -3.817
-3.583 9.822
-4.058 -9.247
9.238 4.703
-10.236 2.584
5.616 -9.541
1.577 10.696
-7.891 -6.902
10.199 -0.915
-7.447 7.964
0.352 -10.776
6.733 7.947
-10.727 -1.310
8.998 -5.537
-2.177 11.023
-6.126 -9.859
11.085 2.295
-10.112 4.478
3.675 -10.447
4.147 11.126
-9.835 -4.849
11.768 -3.152
-5.213 9.110
-2.978 -11.387
9.669 6.935
-11.744 1.545
7.599 -8.300
-0.280 10.855
-7.417 -8.634
12.106 0.829
-9.328 7.677
1.957 -11.711
6.750 9.731
-11.846 -2.834
10.845 -5.157
-3.902 11.614
-4.762 -11.132
11.947 4.898
-12.286 4.638
5.967 -11.531
2.711 12.309
-10.077 -6.691
12.709 -1.592
-7.654 10.465
-0.553 -12.340
8.721 8.551
-12.356 -0.239
9.384 -8.459
-1.340 12.742
-7.855 -10.375
12.814 2.897
-10.784 6.369
3.597 -12.505
5.797 11.735
-11.606 -5.377
12.555 -4.793
-5.603 12.206
-4.145 -12.775
12.089 7.121
-13.161 3.056
7.858 -10.033
1.827 13.823
-10.171 -8.418
13.627 -0.090
-10.350 9.334
1.135 -14.121
9.106 11.105
-13.584 -1.679
11.135 -8.137
-2.837 13.682
-6.644 -11.784
13.731 5.195
-12.735 6.427
5.301 -13.251
4.622 13.910
-12.504 -7.451
13.561 -3.313
-7.474 12.388
-2.537 -14.466
10.760 9.092
-14.308 1.424
10.517 -10.344
-0.102 15.064
-9.689 -10.582
14.679 1.510
-12.505 9.274
2.869 -14.501
7.685 13.291
-13.399 -4.596
13.772 -6.106
-5.149 14.525
-5.938 -13.376
13.911 7.040
-14.741 4.296
7.605 -12.406
3.145 15.087
-12.881 -9.245
16.211 -1.491
-9.782 11.180
-0.354 -15.155
10.790 11.585
-15.370 -1.765
12.128 -9.560
-2.719 15.752
-8.135 -12.784
14.598 3.380
-14.566 7.783
5.298 -15.005
6.486 14.601
-14.675 -5.901
15.170 -4.867
-7.591 14.426
-4.273 -14.976
13.670 9.193
-15.973 2.099
10.604 -12.979
1.337 16.202
-11.679 -11.410
16.381 1.000
-11.584 10.810
2.198 -16.242
9.533 13.332
-16.873 -2.683
14.280 -7.927
-4.527 16.209
-7.571 -14.503
15.878 5.707
-15.675 6.288
7.914 -15.553
4.399 16.388
-14.272 -7.923
15.595 -3.193
-9.422 13.189
-2.495 -16.902
12.712 10.948
-16.417 0.195
12.039 -11.906
-1.746 17.281
-10.230 -14.106
16.913 3.177
-14.296 10.214
5.250 -16.778
7.899 15.751
-16.455 -6.095
15.970 -6.546
-7.292 16.196
-5.728 -16.114
15.404 8.085
-17.099 3.445
9.452 -14.569
2.805 17.192
-13.640 -11.228
17.835 -0.565
-12.958 11.865
1.196 -18.571
11.631 14.559
-18.710 -2.628
14.292 -9.733
-3.893 17.910
-9.391 -15.853
17.522 4.882
-17.019 7.509
7.188 -17.384
6.206 17.196
-15.953 -8.365
17.256 -5.275
-9.597 15.023
-3.362 -18.815
15.434 10.579
-17.920 1.264
12.393 -14.133
0.431 19.251
-11.717 -13.159
18.321 1.183
-15.678 11.438
3.015 -18.322
10.121 15.481
-18.382 -4.763
17.495 -8.583
-6.069 18.019
-7.848 -17.711
17.287 8.775
-18.436 5.529
8.999 -17.169
4.620 19.213
-15.360 -11.163
18.978 -1.948
