10.79674, 12.12809
8.74636, 15.31268
3.63426, 18.31476
1.37215, 19.25543
2.71420, 16.69442
-0.37758, 17.47177
-1.44199, 16.06279
0.97828, 15.37308
7.72920, 17.85933
8.01925, 13.68399
6.33893, 14.24197
3.85683, 11.97563
5.48237, 10.78761
6.82230, 12.20262
8.54012, 9.77530
8.77638, 12.05715
-5.07928, 14.63655
-6.35299, 15.91721
-7.43834, 12.10092
-4.63707, 12.94934
-7.79680, 10.20705
-5.38012, 11.00060
-2.92101, 12.08551
-1.74281, 14.30699
0.12600, 13.51431
1.84035, 13.04667
3.46992, 13.86617
4.41365, 15.97619
6.85225, 16.20933
-2.66597, 17.85815
-3.41210, 16.09821
-6.66811, 17.74146
1.48373, 8.67453
3.38675, 8.82742
2.14280, 10.89045
6.13053, 9.04657
3.97101, 7.16516
2.03991, 6.59356
3.34923, 5.27213
3.35278, 2.52394
0.27875, 10.61948
-1.03440, 11.81938
-3.60871, 10.20355
-2.20067, 9.00432
-2.39475, 7.21799
-1.86791, 5.41318
-0.27271, 8.29203
0.33176, 5.37166
-14.27611, 12.59829
-13.93460, 10.87385
-10.85036, 12.26509
-11.82507, 10.59100
-10.41517, 8.13366
-8.72327, 8.40863
-10.01730, 10.64202
-8.96329, 13.08391
5.20704, 2.40487
5.41815, 5.10413
5.97167, 6.84736
8.78705, 5.71111
7.73397, 7.11150
-9.55654, 14.75603
-8.66761, 16.99587
-11.67711, 13.76087
-4.59339, 4.09209
-2.59664, 3.84440
-4.00449, 6.39588
-12.45681, 7.20823
-13.71861, 8.94440
-15.43531, 8.60954
-15.99168, 6.95079
-17.55270, 5.73259
-5.20251, 8.07387
-6.89761, 8.58680
-5.75717, 5.95581
-8.47512, 6.23674
-9.11414, 3.64300
-6.57382, 3.85656
-6.30421, 2.05603
-3.07614, 1.43812
-11.78345, 0.46425
-8.57443, -1.21580
-10.47792, -2.66140
-9.16142, -3.96502
-7.80930, -2.83239
-6.35518, -0.99262
-3.58341, -0.98611
-4.84084, 0.81566
-14.26041, 5.19219
-12.95910, 3.94201
-11.00993, 3.86838
-11.86503, 5.45723
-10.05323, 5.37277
-7.51839, 0.38933
-8.10925, 2.14888
-9.94750, 1.98084
-12.21052, -2.11451
-13.37834, 1.30453
-11.90510, 2.26091
-13.55851, -4.12634
-14.89237, -2.92433
-15.39093, -5.63290
-17.89272, -5.19575
-17.24413, -6.86423
-14.35401, 2.91383
-15.84273, 4.26846
-19.04644, 3.84295
-17.01064, 2.12854
-19.12647, -0.79803
-15.56053, 0.97482
-17.06661, -1.23513
-14.65769, -0.63763
-10.48799, -10.06250
-13.50873, -8.40492
-13.47179, -11.06772
-12.19911, -12.35470
-14.81979, -12.48269
-11.10680, -15.17121
-10.39989, -13.10740
-6.45929, -9.18017
-15.22722, -8.74883
-15.40606, -10.74351
-13.57553, -5.94375
-11.39303, -6.19926
-11.02568, -4.39450
-8.07315, -9.80143
-9.96875, -8.28694
-11.79115, -8.00644
-2.89811, -16.97711
-2.99695, -14.72797
-1.97466, -13.22795
2.87630, -13.28952
2.06799, -16.12671
1.21526, -12.72297
-0.28693, -13.93556
-1.46199, -15.84077
-2.67330, -11.65194
-5.54214, -12.61878
-7.84688, -12.51709
-6.70494, -13.86741
-9.02108, -14.34031
-6.38111, -16.05750
-4.61846, -15.61066
-4.60642, -18.94633
-6.04866, -3.27625
-6.57714, -5.22690
-9.42104, -5.82041
-8.09599, -7.49569
-6.24757, -10.99610
-3.46450, -9.91575
-4.73446, -8.71102
-3.08632, -5.15612
0.28042, -15.87135
-1.40802, -17.96138
2.20943, -18.96479
3.30725, -17.50714
5.14795, -17.56957
4.52913, -15.71558
-4.24978, -3.36224
-5.14896, -6.25408
3.45623, -11.59110
3.39388, -8.96672
4.66858, -10.24912
9.89589, -11.99713
7.36654, -10.53328
8.06871, -12.24388
5.58822, -11.83030
4.65126, -14.01342
1.47317, -7.44228
0.12519, -5.41261
-1.17970, -6.61275
0.22037, -8.68193
-3.38735, -7.50431
-1.92900, -8.95986
-0.49176, -12.15018
1.29079, -10.10698
-1.70205, -0.33234
-1.76719, -2.56139
-0.16245, -1.45745
-1.40308, -4.57038
0.91500, -3.77499
2.01315, -0.92255
3.55718, 0.72914
1.69785, 3.07557
6.46064, -13.48859
6.75230, -15.78863
8.57536, -16.00104
9.05319, -14.22125
12.31085, -14.93039
1.10823, 0.63249
-0.90438, 3.27134
-1.30943, 1.46829
8.89893, -7.86889
9.24159, -4.80625
10.98425, -4.42577
13.66321, -7.98849
12.79264, -6.39458
10.24855, -6.59534
11.20561, -8.47108
9.59107, -10.23596
3.72429, -1.32543
5.43274, -2.65038
3.76379, -4.57332
2.18203, -5.52658
5.96200, -5.22746
5.19401, -6.88952
6.59001, -7.94516
7.72693, -5.80319
7.27070, 1.75527
5.19731, -0.28308
6.67160, -1.35545
7.37742, -3.05826
8.15557, -0.38957
9.05726, -2.29537
10.76154, 0.84007
10.51049, 2.67287
11.95142, -11.29803
11.26487, -13.25740
13.67324, -12.73023
13.40527, -9.97723
16.74349, -8.16282
10.27141, 4.58013
8.80663, 2.94670
7.09409, 4.41742
17.11269, -4.21632
18.13948, -2.25577
15.64097, -3.10577
16.46200, 5.53281
14.76178, 6.12205
12.13709, 4.11282
14.69818, 3.42785
13.88300, 1.26285
16.98981, -0.68599
14.55709, -1.44496
12.59571, 0.04164
11.77706, -1.62830
12.69018, -3.07771
14.64845, -4.56492
15.07047, -6.35074
17.33016, -6.45600
10.68549, 8.17198
10.45968, 6.34826
12.72492, 5.80536
13.01233, 8.23885
14.81734, 7.97495
16.62701, 7.74352
16.20664, 9.88494
14.20122, 10.73265
16.09506, 2.29120
15.41973, 0.25895
17.40792, 1.04293
19.77110, -0.29303
18.87976, 3.82701
12.55064, 12.70659
12.43307, 10.58688
10.44908, 10.00729
