1.782 -0.747
-0.476 1.438
-0.816 -0.971
1.403 1.015
-2.235 0.075
2.128 -2.554
0.506 3.077
-2.982 -2.097
3.403 -0.012
-2.407 3.084
-0.312 -3.443
2.806 2.391
-3.996 -0.319
3.936 -2.373
-0.634 4.803
-2.047 -3.661
4.719 1.274
-5.313 2.642
1.920 -5.010
2.446 4.861
-4.862 -1.867
5.835 -1.822
-2.386 4.894
-0.889 -6.155
5.321 3.537
-6.080 0.195
3.912 -4.116
0.666 6.009
-3.783 -4.288
6.558 0.763
-4.266 4.166
0.805 -6.834
4.135 5.494
-6.655 -1.508
6.234 -4.159
-1.682 6.526
-2.879 -6.870
6.968 2.752
-7.596 2.357
3.631 -7.426
2.118 7.846
-5.898 -4.569
7.563 -0.759
-4.436 6.176
-0.674 -8.094
5.899 5.824
-7.991 -0.232
5.120 -5.536
-0.034 8.237
-4.664 -6.942
8.251 1.421
-7.566 4.170
2.177 -8.482
3.841 7.481
-7.653 -2.988
7.659 -3.001
-3.803 7.829
-2.641 -8.670
7.275 4.628
-9.452 2.115
5.694 -7.273
0.679 9.921
-6.799 -6.285
9.750 0.435
-6.788 6.792
0.549 -9.387
6.714 7.434
-9.249 -1.630
8.021 -5.169
-1.964 8.973
-5.703 -8.763
9.831 2.307
-9.308 4.564
4.080 -9.737
4.258 10.219
-9.500 -5.161
10.257 -2.166
-5.392 8.706
-1.897 -10.737
8.406 6.752
-10.398 0.613
7.489 -7.792
-0.975 10.520
-7.508 -8.359
11.563 1.021
-8.491 7.487
2.490 -10.775
6.148 9.212
-11.388 -3.364
9.783 -4.954
-4.546 11.303
-4.155 -9.639
10.894 4.456
-11.352 3.568
5.816 -10.320
2.075 11.060
-8.512 -6.741
11.357 -0.747
-7.931 9.183
-0.539 -12.069
8.190 8.597
-11.835 -0.445
9.379 -7.771
-2.388 11.769
-6.944 -10.093
11.761 2.875
-11.090 6.613
3.668 -12.610
5.639 11.695
-11.471 -5.223
11.401 -4.041
-6.357 11.119
-3.773 -12.404
10.200 6.967
-12.074 1.840
7.610 -9.738
1.130 12.583
-9.385 -8.722
13.013 -0.052
-10.010 8.507
1.382 -12.448
7.840 10.385
-12.865 -2.410
11.268 -6.052
-3.705 12.918
-6.397 -11.809
12.705 4.356
-12.953 5.391
5.459 -12.360
3.305 12.308
-12.151 -6.838
12.839 -3.079
-8.110 10.951
-1.250 -13.881
10.611 9.386
-14.347 0.614
9.499 -9.854
-0.179 13.790
-9.238 -10.484
13.413 1.762
-12.399 7.861
2.506 -14.043
7.414 12.195
-13.898 -4.656
13.465 -5.526
-5.493 12.834
-5.419 -13.414
13.092 6.657
-13.731 3.145
7.452 -12.297
1.957 14.621
-11.985 -9.126
14.280 -1.395
-10.021 10.832
0.092 -15.569
9.873 11.001
-15.242 -1.835
11.720 -7.955
-3.386 14.679
-8.524 -12.839
14.262 3.282
-13.982 6.897
5.415 -14.368
5.354 13.531
-13.953 -6.544
15.127 -4.750
-8.542 13.859
-3.067 -14.535
12.331 8.816
-15.743 1.672
10.640 -11.232
0.363 15.438
-10.965 -11.632
15.107 1.170
-11.468 9.644
2.522 -16.321
8.818 13.246
-15.571 -3.580
13.530 -8.192
-5.216 15.053
-6.979 -14.733
14.541 5.575
-15.559 5.412
7.912 -14.034
4.012 16.272
-13.759 -8.659
16.136 -2.489
-10.635 12.499
-1.690 -15.754
11.669 11.510
-16.386 -0.381
12.277 -11.882
-2.235 16.179
-10.245 -13.352
16.144 2.653
-14.097 9.271
4.383 -16.311
7.686 15.667
-15.746 -6.322
14.905 -6.656
-6.810 14.389
-4.890 -15.454
15.015 8.153
-16.388 3.592
9.701 -13.245
2.293 16.776
-12.771 -11.773
17.423 0.289
-12.696 11.618
0.415 -17.565
10.265 14.272
-17.338 -3.140
14.754 -9.499
-4.353 16.701
-8.573 -15.556
16.326 5.095
-15.715 7.464
7.512 -15.742
5.975 16.306
-15.432 -8.080
17.169 -4.166
-10.256 14.601
-1.708 -17.486
14.133 12.106
-18.627 0.560
13.335 -13.384
-0.798 17.273
-11.985 -13.867
18.316 2.009
-14.425 11.081
4.214 -18.119
9.586 16.186
-17.478 -5.362
16.267 -7.735
-6.142 16.967
-6.252 -16.695
17.064 8.608
-17.727 5.991
9.749 -15.089
3.861 18.396
-15.653 -11.214
17.559 -1.469
-11.946 13.941
0.267 -19.405
12.841 13.412
-18.457 -1.201
14.846 -11.840
-3.641 19.144
-10.766 -15.673
18.875 4.358
-17.396 8.555
6.648 -18.062
8.326 17.505
-18.139 -7.841
18.149 -5.581
-9.837 16.347
