-0.059 -1.932
1.172 0.960
-1.199 0.414
1.451 -0.946
-0.731 2.113
-1.622 -2.902
3.054 0.630
-3.026 2.032
1.208 -3.182
2.016 3.353
-3.326 -0.943
3.238 -1.763
-1.730 3.616
-0.805 -4.525
4.257 2.313
-4.151 0.599
2.880 -3.949
0.562 5.907
-3.989 -3.588
5.414 -0.541
-3.486 3.870
0.390 -6.101
3.714 3.981
-6.065 -1.375
5.209 -3.700
-1.997 5.746
-2.441 -5.127
5.849 1.531
-5.359 1.995
3.063 -5.848
2.361 5.476
-6.092 -3.201
6.611 -1.892
-3.793 5.672
-1.649 -7.310
5.490 3.910
-7.445 0.226
5.066 -5.519
-0.522 7.936
-5.632 -6.051
8.083 0.835
-6.379 3.869
2.001 -7.333
4.176 6.355
-7.798 -2.272
7.551 -3.420
-3.080 7.377
-3.333 -6.764
7.678 2.984
-8.152 1.867
4.283 -7.193
1.181 8.558
-7.138 -5.072
8.361 -0.905
-5.532 6.074
-0.057 -8.226
5.946 6.356
-9.041 -0.642
6.928 -5.133
-1.413 9.583
-4.749 -7.922
9.506 2.922
-8.303 4.095
3.900 -8.946
3.909 8.772
-8.567 -3.877
9.346 -3.604
-4.836 8.051
-1.952 -9.341
7.673 5.049
-10.225 2.184
5.677 -8.351
0.925 10.325
-7.629 -7.298
11.066 -0.312
-8.223 7.019
1.654 -10.352
6.195 8.154
-10.704 -2.077
9.316 -5.428
-3.154 9.927
-4.590 -9.783
9.472 4.680
-10.494 4.014
5.097 -10.429
3.947 10.610
-9.167 -6.186
10.803 -2.438
-7.222 9.426
-1.119 -10.908
8.923 8.294
-10.488 0.425
8.064 -8.574
-0.737 11.876
-7.550 -9.128
11.069 2.027
-9.344 5.531
3.372 -10.871
5.731 10.696
-11.460 -3.822
10.961 -4.566
-4.657 10.889
-3.894 -11.541
10.132 6.447
-11.912 2.866
6.899 -9.949
2.199 12.724
-10.458 -7.943
12.939 -1.073
-8.987 8.837
0.314 -12.092
8.102 9.920
-12.932 -0.923
10.159 -7.026
-2.609 11.932
-6.364 -10.594
12.152 3.454
-11.507 5.636
4.615 -12.168
4.355 12.394
-11.126 -5.751
12.505 -3.598
-6.860 11.147
-1.612 -12.689
10.732 8.088
-13.317 1.740
8.619 -10.300
0.391 14.025
-9.583 -9.525
12.675 1.325
-10.739 8.894
1.726 -13.089
7.317 11.496
-13.407 -3.807
12.565 -6.543
-4.568 13.615
-5.796 -12.399
12.810 5.109
-13.098 4.867
6.452 -11.890
2.895 14.393
-12.212 -7.372
14.042 -2.551
-9.327 11.307
-0.333 -14.551
10.013 9.727
-14.465 0.252
10.906 -9.836
-1.984 13.946
-8.809 -11.364
14.351 3.413
-12.815 7.918
3.816 -13.831
6.521 13.237
-14.502 -5.665
13.809 -5.275
-7.175 13.572
-3.226 -13.793
12.491 8.422
-15.041 3.357
8.175 -12.139
1.429 15.525
-11.473 -10.204
14.551 -0.150
-11.109 10.681
0.987 -15.824
9.877 12.941
-14.669 -2.345
12.650 -8.353
-4.080 15.296
-6.673 -13.958
14.543 5.194
-14.789 6.068
6.507 -13.684
4.894 14.162
-14.334 -8.204
15.526 -3.485
-8.923 13.253
-2.800 -15.567
12.184 10.264
-16.255 1.235
10.416 -11.578
-0.524 16.465
-10.266 -12.416
16.630 2.086
-13.014 9.742
3.459 -15.956
7.858 14.408
-15.313 -4.068
14.927 -6.769
-6.228 15.161
-6.693 -15.719
14.304 7.884
-16.137 4.779
8.263 -14.121
3.603 16.483
-13.657 -9.938
17.381 -1.561
-11.545 12.435
-0.872 -16.300
10.992 11.514
-16.180 -0.973
12.992 -11.096
-2.519 16.587
-8.889 -13.804
16.483 3.871
-15.567 7.704
6.513 -16.162
6.296 16.016
-16.249 -6.682
17.002 -4.469
-9.145 15.062
-3.581 -17.179
14.032 10.049
-17.595 2.429
10.607 -13.416
1.337 17.346
-12.004 -12.654
17.365 0.265
-13.073 11.512
2.263 -17.522
9.956 14.808
-16.937 -4.672
16.367 -8.856
-6.153 17.590
-7.716 -17.246
15.840 6.935
-17.241 6.220
8.439 -16.379
5.176 17.438
-15.405 -10.427
18.546 -3.149
-11.269 14.395
-1.392 -17.959
13.639 11.815
-17.826 -0.146
14.152 -12.846
-0.759 18.696
-10.593 -14.509
18.558 2.988
-16.079 10.595
4.921 -16.919
8.734 16.149
-18.020 -7.203
17.123 -7.182
-7.736 16.801
-5.733 -18.103
16.568 10.260
-18.490 4.434
10.832 -16.060
1.753 19.307
-14.480 -12.680
19.326 -1.500
-13.821 14.124
1.294 -18.944
11.736 15.041
