13.62978, 8.82550
12.49870, 12.44024
8.36737, 16.69208
6.43628, 18.19969
7.05005, 15.37424
4.27571, 16.94472
2.87535, 15.86899
5.02558, 14.56133
12.19434, 15.16556
11.36519, 11.06311
9.89337, 12.04728
6.89855, 10.52144
8.15025, 8.94441
9.81783, 9.95279
10.82938, 7.15644
11.66311, 9.29362
-1.01008, 15.45986
-1.89798, 17.03278
-3.95780, 13.64174
-1.03180, 13.71580
-4.80631, 11.91106
-2.26567, 12.03436
0.39325, 12.42728
2.11908, 14.25612
3.71029, 12.99562
5.23890, 12.08951
7.02758, 12.44685
8.49775, 14.23050
10.91071, 13.80769
2.17209, 17.92492
0.98538, 16.42632
-1.71734, 18.87521
3.73403, 7.96906
5.60933, 7.61110
4.95789, 9.93040
8.31279, 7.09376
5.73118, 5.85337
3.71763, 5.81511
4.62902, 4.19342
3.90265, 1.54297
3.08882, 10.16417
2.14145, 11.66970
-0.76953, 10.79551
0.26950, 9.26542
-0.39198, 7.59477
-0.36334, 5.71486
1.93908, 8.06672
1.74632, 5.09069
-10.41798, 15.93706
-10.54667, 14.18385
-7.20371, 14.70610
-8.58799, 13.35096
-7.88128, 10.60743
-6.17710, 10.42324
-6.83158, 12.92007
-5.16695, 14.99440
5.65871, 0.93576
6.57904, 3.48205
7.57562, 5.01570
9.98817, 3.17260
9.34478, 4.80236
-5.29486, 16.76402
-3.84304, 18.68738
-7.60357, 16.36772
-3.34178, 5.16497
-1.48251, 4.39593
-2.16224, 7.22966
-10.09536, 10.25740
-10.85081, 12.26631
-12.59480, 12.39936
-13.57168, 10.94791
-15.40015, 10.18799
-2.87165, 9.16554
-4.36968, 10.11020
-3.96886, 7.27082
-6.51462, 8.26343
-7.81948, 5.93252
-5.31365, 5.46381
-5.53187, 3.65633
-2.58379, 2.20337
-11.23708, 3.57675
-8.58943, 1.10485
-10.80847, 0.21663
-9.88542, -1.38978
-8.28107, -0.65688
-6.39060, 0.73068
-3.71662, 0.00090
-4.45043, 2.07189
-12.36958, 8.79271
-11.44698, 7.24184
-9.58735, 6.65324
-9.98982, 8.41212
-8.26550, 7.84956
-7.14506, 2.37191
-7.24745, 4.22519
-9.06432, 4.55134
-12.33363, 1.20399
-12.55157, 4.81039
-10.87726, 5.34121
-14.16748, -0.37764
-15.13424, 1.13542
-16.33417, -1.34350
-18.63006, -0.25767
-18.44783, -2.03848
-13.06485, 6.62100
-14.14039, 8.32234
-17.34206, 8.76287
-15.83464, 6.56939
-18.65166, 4.30977
-14.74296, 5.07202
-16.78184, 3.34136
-14.30074, 3.27770
-12.78358, -6.91606
-15.25568, -4.51582
-15.92720, -7.09282
-15.04197, -8.67156
-17.60254, -8.09902
-14.73682, -11.67702
-13.50724, -9.87503
-8.66522, -7.13525
-17.00380, -4.39102
-17.70592, -6.26659
-14.66651, -2.12528
-12.63021, -2.95119
-11.79679, -1.30878
-10.38612, -7.30564
-11.81147, -5.34214
-13.49395, -4.58776
-7.30243, -15.59794
-6.80045, -13.40331
-5.41652, -12.22862
-0.75608, -13.57618
-2.28881, -16.09686
-2.20703, -12.58887
-3.97730, -13.35902
-5.61611, -14.88377
-5.67156, -10.52367
-8.69415, -10.69396
-10.88913, -9.98388
-10.14678, -11.58897
-12.50534, -11.42983
-10.41617, -13.78641
-8.59815, -13.82370
-9.47234, -17.04281
-6.70152, -1.55235
-7.72903, -3.29263
-10.62843, -3.10962
-9.79583, -5.07662
-8.94334, -8.94221
-5.97330, -8.63971
-6.87774, -7.14099
-4.34474, -4.15140
-3.94438, -15.37596
-6.12722, -16.94258
-2.90612, -18.87059
-1.46063, -17.75681
0.29741, -18.30581
0.19314, -16.35406
-4.99005, -2.11297
-6.62490, -4.66220
0.25405, -12.09275
0.89086, -9.54604
1.77924, -11.12090
6.35467, -14.19430
4.30487, -12.11132
4.52756, -13.94697
2.24597, -12.88952
0.76291, -14.74544
-0.55607, -7.56628
-1.31665, -5.25152
-2.89340, -6.06205
-2.09308, -8.42873
-5.25854, -6.33534
-4.23909, -8.12590
-3.70066, -11.58335
-1.43952, -10.08688
-1.72920, 0.13158
-2.38394, -2.00014
-0.54366, -1.36198
-2.56640, -4.03369
-0.12033, -3.88243
1.69588, -1.42403
3.62309, -0.24167
2.45363, 2.51427
2.64670, -14.71995
2.31709, -17.01486
4.01829, -17.70377
4.95160, -16.11478
7.90398, -17.66354
1.23640, 0.31548
-0.00319, 3.39405
-0.87250, 1.76330
6.48978, -9.94952
7.63345, -7.08784
9.41457, -7.18380
11.05125, -11.33001
10.63520, -9.56215
8.12915, -9.08010
8.55373, -11.14265
6.52848, -12.41541
3.23860, -2.26685
4.53386, -3.99792
2.41417, -5.40862
0.63607, -5.90760
4.35975, -6.62301
3.17796, -8.02145
4.24352, -9.40992
5.90843, -7.64676
7.47577, -0.23853
4.93553, -1.65309
6.07212, -3.07847
6.30040, -4.90757
7.75929, -2.54135
8.12251, -4.61817
10.59824, -2.04788
10.84291, -0.21423
8.52205, -14.06615
7.33982, -15.77286
9.80172, -15.90417
10.27445, -13.17885
13.97463, -12.31607
11.11890, 1.68805
9.27294, 0.50225
8.01246, 2.37493
15.37859, -8.60932
16.88916, -6.99183
14.25464, -7.14781
17.34021, 0.96257
15.85751, 1.98216
12.79350, 0.74207
15.08073, -0.59842
13.71989, -2.46920
16.19763, -5.17310
13.65070, -5.25880
12.15453, -3.30472
10.92181, -4.69731
11.41724, -6.33716
12.91027, -8.29100
12.84289, -10.12477
14.99350, -10.82633
12.47195, 5.04098
11.76995, 3.34270
13.80969, 2.21774
14.73300, 4.48753
16.40312, 3.75378
18.08636, 3.05009
18.24975, 5.22626
16.54145, 6.57608
16.12562, -2.06521
14.93485, -3.84515
17.05985, -3.61730
18.98341, -5.53285
19.21817, -1.32403
15.47432, 8.91746
14.79807, 6.90509
12.73141, 6.87317
