0.936 -1.691
0.517 1.424
-1.242 -0.256
1.731 -0.073
-1.707 1.444
0.087 -3.323
2.304 2.101
-3.639 0.202
2.663 -2.119
0.022 3.912
-2.379 -2.509
3.684 0.138
-3.334 2.226
1.618 -4.302
2.479 4.162
-3.875 -1.604
4.492 -1.925
-2.533 5.366
-1.598 -5.121
4.932 2.299
-4.973 1.548
3.450 -5.047
1.161 5.320
-4.513 -4.279
6.368 -0.522
-4.651 3.921
0.519 -5.655
4.247 4.303
-5.626 -1.021
5.619 -3.465
-0.766 5.914
-3.604 -5.863
6.650 1.749
-6.157 2.941
2.314 -7.127
2.725 6.165
-6.517 -3.607
7.174 -2.159
-4.500 6.558
-1.753 -8.079
6.524 4.845
-7.461 0.070
5.465 -5.283
0.346 7.596
-5.545 -5.935
8.239 0.915
-6.414 4.771
0.587 -7.518
5.078 6.486
-7.963 -2.557
7.355 -3.998
-3.354 7.962
-3.548 -8.006
7.651 3.490
-7.857 2.398
4.151 -7.102
1.868 8.501
-7.446 -5.167
8.577 -0.876
-6.107 7.518
-0.039 -9.237
6.682 7.366
-9.230 -0.718
7.921 -5.701
-1.117 9.538
-5.387 -7.707
9.876 1.673
-8.269 4.453
3.091 -9.028
4.020 8.259
-9.907 -3.342
9.145 -4.282
-4.476 9.351
-2.833 -10.170
9.675 5.381
-10.654 1.838
6.707 -8.057
1.164 10.174
-8.144 -7.251
10.781 0.089
-7.780 6.926
1.048 -10.756
5.755 8.860
-11.073 -1.907
9.707 -6.365
-2.023 11.138
-4.724 -9.999
10.534 3.419
-11.022 4.418
4.607 -9.951
3.438 11.688
-9.235 -4.989
11.311 -3.255
-6.697 9.836
-1.832 -11.703
8.483 7.394
-10.858 -0.014
8.450 -7.626
-0.533 12.122
-7.903 -9.137
11.756 1.670
-9.563 6.986
2.544 -11.912
5.420 10.716
-11.706 -3.617
11.012 -5.033
-4.605 12.063
-4.937 -12.169
11.674 5.683
-12.239 3.011
6.443 -10.237
1.902 12.666
-10.649 -7.396
12.322 -0.854
-8.335 8.927
-0.063 -12.358
8.686 9.174
-12.771 -1.028
10.180 -8.106
-2.583 12.880
-6.631 -10.626
12.589 3.290
-11.589 6.082
5.092 -11.734
5.099 12.434
-12.339 -5.303
12.670 -4.456
-6.824 12.259
-3.376 -13.083
10.222 7.610
-13.774 2.165
8.167 -10.374
0.423 13.621
-9.584 -10.118
14.145 0.790
-10.879 9.374
1.347 -13.621
8.407 10.933
-13.747 -2.502
11.618 -6.930
-4.858 13.854
-6.737 -12.574
13.377 4.976
-13.793 4.960
7.143 -12.682
3.643 13.476
-12.567 -7.169
14.400 -2.890
-8.826 10.978
-1.773 -14.269
10.598 10.261
-15.062 0.266
10.342 -9.945
-1.151 14.711
-9.577 -12.275
14.566 2.514
-13.099 8.007
4.267 -13.507
6.441 13.619
-14.647 -4.793
13.227 -6.263
-6.698 14.079
-4.655 -14.631
12.588 7.300
-15.006 3.513
8.927 -13.103
1.886 16.170
-11.416 -9.506
15.141 -0.724
-11.318 11.070
1.389 -15.409
9.853 11.891
-15.814 -2.333
12.581 -8.444
-3.022 14.676
-8.136 -14.372
15.130 4.930
-14.439 6.840
5.540 -14.815
5.236 15.046
-14.608 -7.237
14.867 -4.637
-8.856 13.890
-2.489 -15.917
13.234 10.283
-16.164 1.732
11.121 -11.954
-0.600 16.401
-11.090 -11.316
16.291 1.801
-13.095 9.856
2.270 -16.934
8.274 14.082
-16.315 -4.129
14.314 -7.923
-5.317 16.012
-6.669 -15.517
15.742 7.531
-16.276 4.798
7.572 -14.461
3.574 15.512
-13.416 -9.097
16.836 -2.907
-10.634 12.976
-0.596 -16.407
12.197 11.744
-17.319 -1.324
13.852 -10.572
-2.763 16.986
-10.560 -14.042
16.901 4.838
-15.553 8.282
5.691 -16.599
6.935 15.805
-16.369 -6.894
15.970 -6.120
-7.706 15.597
-3.862 -17.009
14.796 9.093
-17.118 3.224
10.892 -13.911
1.001 17.815
-12.178 -12.664
18.594 0.742
-14.271 11.984
2.170 -18.768
10.079 14.050
-18.000 -3.454
15.619 -9.775
-4.452 17.636
-7.923 -16.831
17.554 6.761
-17.039 6.624
7.972 -16.152
5.695 17.122
-15.253 -9.227
18.727 -3.820
-10.198 15.688
-1.701 -17.884
14.431 12.044
-19.234 0.901
12.869 -12.035
-0.735 18.344
-11.817 -15.394
18.390 2.566
-15.229 10.496
4.312 -18.493
9.008 17.280
-18.162 -5.627
17.514 -8.279
-8.350 17.496
-5.977 -18.295
17.384 8.577
-19.095 5.088
10.784 -15.629
2.412 18.925
