1.246 1.477
-1.515 -0.025
0.683 -1.069
-0.549 1.643
-0.740 -2.110
3.074 1.267
-2.784 1.403
1.109 -3.472
1.029 3.244
-3.663 -1.375
3.193 -1.327
-1.443 3.392
-0.891 -3.909
3.441 3.046
-4.773 0.832
2.881 -3.048
0.196 4.884
-4.110 -4.280
5.355 0.334
-3.907 3.787
0.328 -5.198
3.484 5.023
-5.384 -0.813
5.607 -2.689
-1.784 6.135
-2.004 -5.743
5.098 2.502
-5.535 2.433
2.961 -4.892
1.232 6.486
-5.251 -2.825
6.762 -1.275
-4.006 5.589
-0.551 -6.801
5.833 4.705
-6.731 0.346
5.695 -4.802
-0.542 7.472
-4.521 -6.544
8.172 1.244
-6.853 4.367
2.596 -6.995
2.986 6.990
-7.220 -2.386
7.522 -3.064
-3.794 7.371
-2.169 -7.694
6.814 3.231
-7.871 2.431
5.229 -6.527
1.111 8.298
-6.242 -5.973
8.745 -0.459
-5.990 5.903
0.563 -8.196
5.154 6.411
-8.608 -1.288
7.484 -5.113
-2.241 8.326
-4.845 -8.387
8.643 3.259
-9.264 3.614
3.964 -8.367
2.500 9.434
-8.512 -4.446
9.122 -2.283
-5.086 8.630
-1.211 -9.314
7.331 6.108
-9.150 0.809
6.656 -8.063
0.738 10.071
-7.139 -7.517
10.512 0.981
-8.479 7.119
2.084 -10.608
5.134 9.140
-9.920 -2.542
9.679 -5.021
-3.929 10.040
-3.695 -9.739
9.674 4.816
-10.330 2.216
5.731 -9.664
2.484 11.339
-9.683 -5.863
11.027 -0.846
-6.952 8.621
-0.195 -11.873
7.653 7.854
-12.145 -0.958
7.955 -6.848
-0.994 11.728
-6.799 -9.765
11.587 2.464
-9.933 5.287
3.887 -10.139
4.110 10.614
-11.135 -4.822
11.355 -4.123
-5.754 10.386
-3.114 -11.426
10.221 6.626
-11.945 1.241
7.555 -9.645
0.773 12.083
-9.627 -8.605
13.130 -0.271
-9.474 8.878
1.553 -12.508
7.265 9.671
-12.512 -2.741
10.708 -7.310
-3.598 11.817
-5.367 -10.971
11.568 4.350
-11.669 4.841
5.517 -11.564
3.941 12.402
-11.111 -7.008
12.292 -2.404
-7.565 10.587
-1.548 -12.997
9.145 8.943
-13.435 0.328
9.356 -9.636
-0.357 13.426
-9.018 -10.748
13.426 1.513
-10.756 6.835
2.892 -13.640
6.777 11.330
-12.875 -4.464
12.872 -5.344
-5.784 12.932
-4.877 -13.507
12.244 6.117
-13.213 3.953
7.242 -11.950
2.329 13.326
-11.209 -9.481
14.150 -1.808
-9.420 10.721
0.287 -14.655
9.299 11.197
-13.889 -1.404
11.180 -9.182
-2.437 14.483
-7.108 -12.162
13.963 3.434
-13.367 6.240
5.125 -14.166
5.601 13.209
-13.333 -6.324
14.884 -4.568
-7.545 12.711
-2.807 -15.094
11.096 8.805
-15.020 1.158
9.703 -11.973
1.133 14.591
-10.763 -11.279
15.329 0.871
-11.310 9.155
2.072 -15.271
9.056 13.014
-15.779 -4.006
12.953 -7.274
-4.725 14.403
-6.304 -14.522
13.899 6.794
-14.623 4.963
7.821 -13.941
3.401 14.766
-12.632 -8.059
16.329 -2.474
-10.003 12.375
-1.240 -15.929
11.863 10.461
-15.924 -0.476
11.972 -11.065
-0.971 15.543
-9.817 -13.229
15.758 3.353
-14.328 8.695
4.148 -15.719
7.200 14.654
-15.108 -6.411
14.528 -6.324
-7.494 14.577
-4.536 -15.750
15.009 8.162
-16.107 2.706
9.678 -13.769
2.296 16.199
-13.062 -10.679
16.875 -0.695
-12.651 12.019
1.324 -16.916
10.808 12.233
-15.767 -2.195
13.284 -9.288
-3.290 16.766
-8.329 -14.563
15.540 5.296
-15.323 7.205
7.415 -15.707
4.935 16.712
-14.883 -8.641
16.885 -4.856
-10.549 14.063
-2.188 -17.484
13.477 11.238
-17.239 0.840
12.280 -12.833
0.021 17.102
-11.822 -12.763
17.268 2.460
-13.773 10.578
3.095 -17.142
9.110 15.138
-17.000 -5.420
16.175 -6.859
-7.326 17.106
-6.104 -17.607
16.759 8.723
-16.722 4.404
9.648 -15.583
3.561 18.078
-14.888 -10.451
18.550 -1.397
-12.579 13.987
-0.110 -18.281
12.246 13.210
-18.027 -0.788
14.061 -10.958
-3.112 18.857
-11.018 -15.124
17.314 4.790
-16.400 9.185
6.020 -18.290
6.652 16.316
-16.875 -7.230
18.597 -5.548
-8.958 16.264
-4.373 -17.972
15.738 10.626
-19.357 2.251
11.736 -14.960
1.486 19.315
-13.366 -14.042
19.224 0.943
-14.214 13.180
2.058 -19.654
10.753 15.650
-18.540 -4.498
