1.496 1.223
-1.493 0.254
0.474 -1.176
-0.238 1.716
-1.116 -1.938
3.254 0.680
-2.479 1.892
0.452 -3.617
1.609 2.999
-3.853 -0.678
2.894 -1.892
-0.794 3.600
-1.594 -3.678
3.943 2.361
-4.538 1.695
2.271 -3.526
1.091 4.764
-4.827 -3.451
5.325 -0.657
-3.144 4.441
-0.634 -5.169
4.348 4.297
-5.441 0.191
5.017 -3.675
-0.625 6.359
-3.026 -5.277
5.471 1.521
-4.993 3.409
2.010 -5.353
2.405 6.148
-5.682 -1.811
6.412 -2.498
-2.910 6.230
-1.792 -6.584
6.599 3.551
-6.552 1.579
4.714 -5.767
0.841 7.444
-5.647 -5.600
8.262 -0.281
-5.933 5.553
1.265 -7.353
4.221 6.321
-7.536 -1.017
6.831 -4.395
-2.373 7.943
-3.547 -7.164
7.292 1.922
-7.289 3.837
3.939 -7.377
2.619 7.952
-7.234 -4.723
8.511 -2.059
-4.802 6.904
-0.955 -8.160
6.245 5.354
-8.698 0.318
6.416 -6.403
-0.671 8.596
-6.305 -7.353
9.095 1.614
-8.441 5.257
2.357 -8.953
4.193 8.813
-9.184 -2.805
8.546 -3.922
-3.412 9.418
-2.903 -8.932
8.330 4.655
-8.845 2.478
5.060 -9.150
2.578 9.763
-8.400 -6.076
10.513 -0.969
-7.024 8.557
0.097 -10.811
6.728 8.040
-10.218 -0.674
8.590 -6.716
-2.015 10.592
-5.423 -8.893
10.395 2.954
-9.746 4.078
3.856 -10.553
4.527 10.689
-10.597 -3.982
10.683 -2.860
-5.247 9.753
-2.376 -11.634
8.967 6.312
-12.114 1.293
6.560 -8.194
1.180 11.711
-8.480 -8.348
11.842 0.290
-8.791 7.024
1.956 -10.681
5.992 9.677
-11.832 -2.692
10.403 -6.141
-3.745 11.268
-5.163 -10.658
11.265 4.633
-11.513 3.417
5.652 -10.870
2.983 11.734
-11.046 -6.688
12.856 -2.682
-7.679 10.469
-0.774 -12.580
8.920 8.170
-12.802 -0.393
9.181 -9.155
-1.363 12.277
-7.293 -9.797
12.170 2.147
-10.580 6.905
3.295 -12.382
6.155 11.466
-12.211 -4.845
11.640 -4.624
-5.488 11.798
-3.912 -12.490
10.634 7.108
-13.145 2.793
7.423 -11.192
2.119 13.262
-10.841 -8.906
13.476 -0.983
-9.315 8.697
0.333 -13.939
8.746 9.890
-13.477 -2.020
11.669 -7.621
-3.306 13.776
-7.278 -12.380
13.160 3.760
-12.260 6.316
4.920 -13.078
4.741 12.670
-12.762 -7.257
13.576 -4.380
-7.287 12.271
-2.414 -14.457
11.200 9.295
-13.910 1.175
9.300 -11.082
0.269 14.684
-9.223 -10.647
14.356 0.807
-11.991 8.592
2.431 -14.867
7.935 11.954
-14.268 -3.763
13.790 -7.228
-5.078 13.882
-5.536 -14.320
12.526 6.614
-14.551 3.902
7.335 -13.554
3.798 14.134
-12.654 -9.107
15.228 -1.964
-9.433 11.080
-0.773 -15.392
11.296 11.126
-16.247 -1.035
11.394 -9.532
-1.995 15.027
-8.867 -13.115
14.912 4.122
-13.461 7.568
5.123 -15.142
6.059 13.888
-13.899 -5.598
15.595 -5.436
-7.556 14.004
-4.149 -15.429
13.585 8.100
-15.740 2.462
9.732 -13.078
1.904 15.456
-12.083 -11.197
16.105 0.397
-12.484 11.182
1.186 -16.213
9.773 13.079
-16.029 -3.522
13.117 -8.888
-4.685 15.707
-7.356 -14.647
16.255 5.261
-15.335 5.623
6.980 -15.314
5.236 15.500
-14.804 -8.094
16.460 -3.787
-10.225 14.142
-1.811 -16.871
12.874 10.036
-15.901 0.742
11.349 -11.573
-0.150 17.085
-10.865 -12.783
16.250 2.347
-13.736 9.900
4.399 -16.803
7.925 15.519
-16.218 -5.755
15.704 -7.879
-7.782 15.764
-5.367 -16.783
15.314 8.568
-16.790 3.997
9.710 -14.873
3.166 16.807
-13.968 -10.371
17.426 -0.758
-11.592 12.931
-0.111 -17.419
11.739 13.204
-17.707 -2.201
14.638 -9.718
-4.054 18.162
-9.239 -16.184
18.078 5.491
-15.626 7.405
6.617 -17.092
6.825 17.115
-16.556 -7.534
17.976 -4.786
-9.791 16.063
-3.471 -17.949
14.467 10.732
-17.864 2.542
11.805 -13.358
0.410 19.108
-13.612 -12.839
17.900 1.524
-14.430 12.045
2.552 -19.086
9.540 14.814
-17.917 -4.003
17.259 -8.874
-5.813 17.635
-7.604 -16.861
17.424 7.550
-18.613 5.773
8.784 -16.863
5.014 18.712
-15.721 -11.344
19.069 -2.610
-11.547 15.570
-1.592 -19.697
13.448 13.405
-19.051 -1.011
