1.135 -1.564
0.340 1.476
-1.201 -0.406
1.726 0.139
-1.871 1.225
0.492 -3.288
2.031 2.366
-3.637 -0.243
2.902 -1.779
-0.455 3.886
-2.055 -2.780
3.640 0.585
-3.580 1.803
2.130 -4.072
1.954 4.433
-3.651 -2.065
4.694 -1.363
-3.168 5.017
-0.962 -5.278
4.615 2.883
-5.124 0.930
4.039 -4.589
0.504 5.421
-3.958 -4.797
6.384 0.257
-5.094 3.325
1.204 -5.549
3.691 4.788
-5.460 -1.699
6.000 -2.754
-1.481 5.776
-2.863 -6.258
6.387 2.546
-6.470 2.168
3.166 -6.792
1.953 6.451
-6.029 -4.374
7.383 -1.268
-5.266 5.960
-0.756 -8.232
5.885 5.604
-7.414 -0.840
6.068 -4.578
-0.582 7.582
-4.781 -6.566
8.066 1.912
-6.948 3.953
1.499 -7.390
4.250 7.056
-7.592 -3.508
7.788 -3.072
-4.299 7.494
-2.546 -8.378
7.169 4.397
-8.091 1.423
4.986 -6.543
0.818 8.665
-6.761 -6.036
8.620 0.176
-6.978 6.718
1.087 -9.173
5.734 8.125
-9.074 -1.838
8.557 -4.693
-2.271 9.330
-4.408 -8.306
9.599 2.864
-8.750 3.412
4.168 -8.584
2.983 8.687
-9.426 -4.525
9.599 -3.136
-5.582 8.735
-1.573 -10.440
8.947 6.520
-10.798 0.525
7.639 -7.179
-0.085 10.240
-7.200 -8.189
10.690 1.402
-8.566 5.926
2.351 -10.548
4.633 9.496
-10.758 -3.242
10.410 -5.135
-3.365 10.808
-3.470 -10.500
10.039 4.677
-11.478 3.042
5.786 -9.315
1.988 12.020
-8.558 -6.077
11.624 -1.853
-7.846 8.946
-0.392 -11.839
7.519 8.372
-10.776 -1.338
9.316 -6.539
-2.006 11.967
-6.730 -10.032
11.465 3.091
-10.343 5.768
3.977 -11.513
4.074 11.297
-11.178 -5.017
11.543 -3.653
-6.041 11.412
-3.417 -12.680
10.894 7.064
-12.515 1.497
7.643 -9.376
0.345 12.804
-9.668 -8.639
12.335 0.654
-9.361 7.845
1.443 -12.274
7.503 10.165
-12.551 -2.577
11.092 -6.805
-4.134 12.470
-5.287 -11.354
12.094 4.800
-12.244 4.624
6.484 -11.026
3.545 12.963
-11.601 -6.767
13.118 -2.879
-8.267 11.336
-1.757 -13.397
9.218 8.799
-13.935 0.470
9.370 -9.301
-1.241 13.571
-8.280 -11.211
13.943 2.508
-11.940 7.979
2.997 -13.355
7.011 11.876
-13.340 -4.159
12.376 -5.462
-6.511 13.158
-5.154 -13.301
12.670 6.569
-14.294 3.242
8.635 -11.717
1.974 13.820
-11.599 -8.647
14.645 -1.113
-10.098 9.821
-0.021 -14.379
9.268 11.477
-14.982 -1.572
11.477 -8.610
-2.936 14.461
-8.010 -13.351
14.151 4.271
-13.977 6.351
5.882 -12.886
4.733 14.302
-13.954 -6.542
13.892 -4.605
-8.364 13.157
-2.837 -15.090
11.604 8.780
-15.322 1.658
10.458 -11.917
-0.099 16.280
-10.172 -10.826
15.117 1.127
-12.583 9.608
3.256 -15.125
8.331 13.003
-15.412 -4.243
13.516 -6.848
-4.788 14.198
-6.324 -15.256
14.416 6.737
-15.165 5.030
7.305 -14.029
3.364 15.572
-13.617 -8.963
15.321 -2.791
-10.483 12.707
-0.531 -16.102
11.882 11.820
-16.255 -0.251
12.495 -10.510
-2.594 16.205
-9.628 -12.583
15.950 3.773
-14.199 8.187
4.317 -16.531
6.496 14.986
-15.690 -6.087
15.173 -6.120
-7.229 15.245
-4.728 -16.214
14.707 9.394
-16.739 2.779
9.278 -13.430
1.656 15.832
-12.207 -10.664
17.065 -0.834
-12.136 11.583
1.408 -16.358
10.675 13.143
-17.028 -3.424
15.037 -8.805
-4.812 16.523
-8.770 -15.224
16.185 6.862
-16.446 6.325
7.672 -15.782
4.957 16.532
-15.407 -8.838
16.596 -4.128
-9.550 14.542
-1.760 -17.353
13.577 10.829
-17.384 1.114
12.506 -12.480
-1.178 17.805
-10.544 -14.054
18.365 3.002
-15.625 10.155
4.441 -18.364
8.292 15.174
-17.445 -5.622
16.693 -7.799
-6.569 16.962
-5.813 -17.671
16.600 8.850
-17.720 4.498
9.881 -15.060
3.566 17.688
-14.015 -11.017
19.053 -1.510
-12.034 14.328
0.491 -17.958
12.856 13.713
-19.201 -1.449
14.240 -10.377
-2.965 18.118
-9.853 -16.719
17.940 4.788
-16.395 8.562
6.534 -17.830
6.835 18.249
-17.341 -7.799
18.392 -6.083
-10.420 16.348
-3.703 -18.887
16.209 10.632
-19.573 2.723
12.608 -14.198
0.087 19.078
