1.634 -1.031
-0.233 1.497
-0.965 -0.823
1.552 0.770
-2.192 0.443
1.678 -2.870
1.007 2.951
-3.287 -1.576
3.355 -0.574
-1.865 3.439
-0.876 -3.345
3.162 1.895
-3.994 0.345
3.490 -2.990
0.168 4.842
-2.623 -3.273
4.864 0.477
-4.805 3.482
1.067 -5.258
3.214 4.390
-5.103 -1.039
5.454 -2.760
-1.546 5.221
-1.893 -5.924
5.832 2.610
-5.964 1.195
3.179 -4.705
1.649 5.816
-4.439 -3.605
6.594 -0.329
-3.520 4.813
-0.334 -6.874
4.985 4.736
-6.812 -0.389
5.462 -5.131
-0.582 6.715
-3.973 -6.301
7.326 1.564
-7.103 3.578
2.355 -7.924
3.383 7.388
-6.572 -3.533
7.334 -1.997
-3.356 6.824
-2.001 -7.872
6.779 4.771
-7.919 1.090
4.136 -6.305
1.326 8.130
-5.746 -6.076
8.372 0.040
-6.774 5.361
0.748 -8.725
5.023 6.745
-8.041 -1.684
7.059 -4.224
-2.459 8.349
-4.036 -8.116
7.939 3.364
-8.974 3.646
4.416 -8.113
2.307 9.673
-7.743 -5.076
9.688 -1.180
-5.574 7.820
-1.008 -9.349
7.849 6.224
-9.392 -0.081
7.058 -6.422
-0.456 9.174
-7.071 -7.701
10.077 0.653
-8.427 6.038
2.417 -10.277
5.886 9.376
-10.221 -3.522
9.759 -3.829
-3.882 9.476
-3.644 -10.277
9.405 5.272
-10.154 2.321
6.100 -8.921
0.775 10.537
-8.785 -7.005
11.573 -0.902
-7.139 8.786
0.677 -11.038
7.584 8.071
-11.787 -1.438
8.831 -6.501
-2.618 11.898
-5.689 -8.821
11.480 2.596
-10.607 5.393
4.033 -11.138
3.872 10.566
-9.508 -5.244
11.078 -2.612
-6.307 10.366
-2.523 -11.814
9.497 7.127
-11.746 1.514
7.968 -9.213
-0.413 12.002
-8.515 -8.809
12.074 0.895
-9.847 8.353
1.536 -13.042
7.492 10.604
-12.176 -3.258
10.578 -5.867
-4.435 12.016
-5.768 -11.611
11.210 5.188
-11.605 3.808
5.898 -10.860
3.191 12.224
-10.696 -7.054
12.826 -2.199
-8.469 10.043
-0.692 -12.506
9.447 8.948
-13.086 -0.253
10.115 -7.829
-1.522 13.352
-8.259 -10.591
13.249 2.199
-11.886 7.455
3.344 -13.091
5.291 11.593
-13.113 -4.739
12.154 -5.156
-6.192 12.140
-3.524 -13.484
12.015 7.506
-14.049 2.974
7.742 -11.287
2.100 13.631
-10.841 -8.815
13.520 -0.475
-10.932 9.799
0.154 -14.264
9.325 10.804
-14.476 -2.298
12.369 -7.672
-3.300 13.564
-7.559 -12.336
14.011 4.405
-13.023 5.369
5.320 -13.358
4.343 14.098
-13.327 -7.023
13.854 -3.732
-8.096 12.337
-2.479 -15.371
11.553 9.221
-15.336 0.706
10.247 -9.780
-0.917 15.037
-10.526 -11.256
14.608 0.883
-12.652 9.111
2.970 -15.064
7.514 12.461
-14.842 -4.151
14.136 -7.181
-6.137 15.079
-5.424 -13.830
13.617 6.660
-15.251 4.248
8.640 -12.834
2.906 15.167
-12.734 -9.663
15.093 -1.339
-9.719 11.405
-0.206 -16.514
10.883 11.609
-15.948 -0.961
11.992 -10.313
-2.660 15.708
-9.314 -13.379
15.262 3.098
-14.453 7.905
5.487 -15.147
6.643 15.387
-14.999 -6.269
15.504 -5.118
-8.426 14.083
-4.267 -15.259
13.409 9.426
-16.224 2.328
10.147 -13.745
0.466 16.326
-12.308 -11.478
16.360 -0.048
-12.373 11.470
1.631 -16.811
10.166 14.183
-16.574 -3.636
13.602 -9.024
-4.342 15.315
-7.374 -14.435
16.154 5.563
-15.570 6.248
7.382 -14.665
5.030 16.167
-14.539 -9.503
17.231 -2.591
-10.604 13.554
-2.489 -17.392
12.480 12.382
-17.619 -0.235
12.984 -11.804
-1.537 17.191
-11.023 -13.927
16.943 2.330
-14.267 9.955
4.810 -16.766
8.585 15.096
-16.554 -5.422
16.246 -6.943
-7.706 16.094
-4.571 -16.965
15.937 9.608
-18.279 3.626
10.943 -15.401
2.064 17.168
-14.110 -11.698
18.396 -1.042
-12.398 13.310
1.165 -18.566
12.126 14.382
-18.123 -2.404
14.768 -10.314
-3.258 17.748
-8.921 -15.434
18.251 5.674
-16.495 8.835
7.125 -16.491
6.844 17.507
-17.289 -8.476
17.075 -4.347
-9.481 15.721
-2.939 -19.183
14.879 11.108
-18.402 1.861
12.688 -14.128
-0.431 19.483
-13.205 -13.681
19.336 1.182
-15.746 11.309
3.576 -18.912
11.101 15.891
-19.184 -4.740
16.979 -8.500
-7.004 17.746
