0.039 1.932
-1.162 -0.972
1.203 -0.401
-1.461 0.931
0.753 -2.106
1.591 2.919
-3.047 -0.662
3.047 -2.000
-1.241 3.169
-1.981 -3.374
3.316 0.978
-3.256 1.729
1.768 -3.598
0.757 4.533
-4.232 -2.357
4.157 -0.556
-2.921 3.918
-0.500 -5.913
3.951 3.629
-5.420 0.485
3.526 -3.833
-0.454 6.096
-3.672 -4.020
6.050 1.439
-5.247 3.646
2.057 -5.724
2.387 5.152
-5.832 -1.592
5.379 -1.939
-3.124 5.816
-2.303 -5.500
6.058 3.265
-6.630 1.822
3.852 -5.632
1.572 7.327
-5.449 -3.967
7.447 -0.148
-5.124 5.465
0.605 -7.930
5.568 6.110
-8.074 -0.919
6.419 -3.802
-2.078 7.312
-4.109 -6.398
7.774 2.353
-7.587 3.341
3.157 -7.344
3.262 6.799
-7.646 -3.064
8.171 -1.781
-4.358 7.148
-1.092 -8.570
7.084 5.147
-8.370 0.818
5.595 -6.015
-0.030 8.226
-5.879 -6.418
9.034 0.736
-6.981 5.060
1.513 -9.567
4.666 7.972
-9.474 -3.021
8.346 -4.008
-3.994 8.905
-3.816 -8.812
8.526 3.966
-9.383 3.506
4.921 -8.000
1.854 9.361
-7.620 -5.129
10.247 -2.077
-5.764 8.291
-0.817 -10.334
7.552 7.378
-11.069 0.197
8.296 -6.933
-1.762 10.334
-6.109 -8.219
10.682 2.189
-9.372 5.330
3.257 -9.893
4.488 9.831
-9.423 -4.779
10.536 -3.903
-5.206 10.375
-3.835 -10.651
9.102 6.282
-10.828 2.325
7.320 -9.350
1.005 10.920
-8.836 -8.387
10.492 -0.315
-8.153 8.489
0.861 -11.868
7.454 9.206
-11.047 -2.142
9.401 -5.433
-3.486 10.835
-5.619 -10.755
11.419 3.942
-11.008 4.451
4.770 -10.840
3.773 11.581
-10.064 -6.553
11.941 -2.741
-7.003 9.877
-2.066 -12.746
10.374 8.052
-12.950 0.937
9.079 -8.743
-0.440 12.088
-7.998 -10.004
12.922 1.058
-10.232 6.919
2.734 -11.904
6.252 10.660
-12.115 -3.581
11.565 -5.515
-4.742 12.119
-4.225 -12.439
11.066 5.867
-12.542 3.467
6.976 -11.074
1.479 12.705
-10.647 -8.200
13.335 -1.601
-8.727 10.209
-0.244 -14.028
9.482 9.625
-12.660 -1.457
10.831 -8.781
-1.863 13.071
-7.197 -11.572
13.366 3.947
-12.633 6.411
4.711 -13.566
5.666 12.459
-12.756 -5.243
13.148 -4.730
-6.576 11.822
-2.744 -14.422
12.134 7.500
-14.068 2.404
9.445 -11.209
0.181 14.554
-9.910 -9.832
14.467 -0.100
-11.009 9.722
2.130 -13.924
8.690 11.456
-14.315 -3.563
12.897 -7.784
-3.960 13.791
-6.382 -13.305
14.442 5.817
-13.863 5.130
7.317 -13.497
3.082 13.826
-12.402 -8.552
15.075 -3.199
-8.302 12.052
-1.266 -15.539
11.365 10.324
-14.552 -0.003
11.221 -10.564
-1.152 15.813
-9.741 -13.044
14.644 2.499
-12.737 8.220
4.240 -15.253
6.526 14.027
-14.488 -5.346
14.852 -5.913
-6.649 13.615
-4.745 -14.213
14.247 8.353
-15.562 3.322
9.061 -13.159
2.636 15.595
-12.076 -10.391
16.267 -1.065
-10.536 11.468
0.696 -16.459
10.136 12.522
-16.607 -2.260
13.116 -9.605
-3.626 15.919
-7.706 -14.490
15.270 4.228
-14.997 6.612
6.386 -15.095
6.528 15.789
-14.221 -8.034
16.186 -4.610
-8.410 14.033
-3.430 -16.520
13.552 10.080
-17.396 1.379
11.675 -12.313
0.701 16.308
-10.871 -11.628
16.169 1.142
-13.108 10.959
2.693 -16.559
8.744 13.896
-16.442 -4.044
15.647 -7.540
-6.682 16.093
-6.128 -16.081
16.178 6.852
-17.048 4.290
9.302 -14.965
3.401 17.215
-13.926 -10.196
17.619 -2.245
-10.747 13.304
-1.155 -17.359
11.871 12.779
-17.361 -0.447
13.193 -11.374
-2.447 17.497
-9.801 -14.911
16.887 4.849
-16.459 8.684
6.337 -17.525
7.535 17.326
-15.767 -7.101
17.305 -6.039
-8.610 16.290
-4.993 -17.491
15.295 10.588
-18.578 2.954
11.419 -14.276
1.203 17.972
-13.514 -11.957
17.824 0.333
-14.286 12.697
0.955 -18.687
10.441 14.619
-18.525 -3.182
16.189 -10.426
-5.098 16.866
-8.564 -16.239
17.944 7.392
-17.197 7.003
7.911 -16.719
5.544 18.162
-16.460 -10.433
18.535 -4.240
-11.000 15.946
-1.550 -19.324
14.347 12.830
-19.341 1.298
13.968 -13.978
-1.492 18.929
-11.577 -15.164
