-1.023 -1.640
1.496 0.240
-0.828 0.961
0.778 -1.547
0.431 2.194
-2.861 -1.693
2.956 -0.992
-1.593 3.279
-0.556 -3.358
3.429 1.883
-3.349 0.858
1.912 -3.152
0.324 3.996
-2.972 -3.506
4.843 -0.142
-3.287 2.606
0.503 -4.862
3.457 4.823
-5.252 -1.094
4.407 -3.191
-1.066 5.098
-2.732 -5.469
5.213 1.573
-5.934 1.862
2.640 -5.818
1.164 5.970
-4.689 -3.203
5.825 -1.619
-3.628 4.420
-0.295 -6.595
4.795 3.545
-6.875 0.298
4.762 -4.960
-0.425 6.810
-5.102 -5.488
6.711 0.617
-6.321 3.940
1.603 -7.318
3.541 7.121
-7.911 -2.397
7.406 -3.345
-3.567 6.553
-1.959 -7.344
6.806 3.392
-7.882 1.959
4.806 -6.754
1.049 7.925
-6.283 -4.169
8.137 -1.283
-6.106 5.714
0.083 -8.372
5.326 6.802
-8.721 -0.793
6.771 -4.988
-1.726 8.032
-4.187 -7.081
8.336 2.502
-8.137 3.993
3.406 -7.921
3.599 8.993
-8.089 -4.458
9.685 -2.256
-5.117 7.716
-1.129 -9.694
7.790 5.615
-9.354 0.959
6.265 -7.816
-0.130 9.391
-6.385 -7.091
9.171 0.504
-7.738 7.031
0.706 -10.073
5.993 8.459
-10.264 -2.470
9.407 -5.837
-3.576 10.203
-3.778 -9.779
9.456 3.931
-10.296 3.590
5.321 -9.377
2.268 10.166
-8.889 -6.147
10.541 -0.720
-7.051 8.748
-0.841 -11.577
8.748 7.184
-11.035 -0.735
8.111 -7.542
-1.500 11.779
-6.454 -8.865
11.884 2.680
-8.851 5.643
2.657 -11.467
5.337 10.635
-11.117 -4.091
10.586 -3.816
-5.293 9.481
-2.554 -11.092
10.333 6.361
-11.827 2.461
7.177 -9.460
1.453 11.753
-9.171 -8.016
11.999 0.475
-8.853 8.469
0.958 -12.069
8.301 9.891
-13.034 -1.604
10.643 -7.436
-3.322 12.158
-5.811 -10.609
11.993 4.498
-11.641 5.708
5.246 -11.183
3.747 11.625
-10.829 -5.955
12.240 -3.127
-7.110 10.659
-2.132 -12.838
9.998 8.521
-12.509 0.626
8.998 -9.400
-0.322 13.084
-7.776 -10.156
13.344 1.592
-10.634 8.203
2.268 -13.238
7.393 11.924
-13.073 -3.412
11.621 -5.231
-4.808 13.088
-5.092 -12.181
12.107 6.255
-13.502 3.454
7.569 -11.975
2.900 14.065
-11.246 -7.801
13.641 -2.028
-8.872 10.795
-0.405 -13.522
9.742 10.983
-14.263 -0.229
10.853 -9.268
-2.374 14.464
-7.607 -12.409
13.547 3.371
-12.376 7.494
4.478 -13.988
5.300 13.051
-13.330 -5.390
14.120 -4.269
-7.093 13.290
-3.660 -13.873
12.294 8.161
-15.383 2.398
9.281 -11.505
0.626 15.340
-9.726 -10.298
15.032 0.996
-11.311 10.467
0.960 -14.603
9.044 12.699
-15.048 -3.048
12.501 -7.449
-4.229 14.820
-7.107 -14.173
15.046 6.216
-13.858 5.352
6.731 -13.582
4.168 15.273
-12.788 -8.707
15.182 -2.827
-9.729 12.683
-1.260 -15.100
11.354 9.778
-16.515 0.120
11.666 -10.822
-1.045 15.943
-10.250 -12.046
15.694 2.742
-13.427 9.244
3.178 -15.246
7.830 14.494
-15.118 -5.566
15.422 -6.562
-6.348 14.966
-5.037 -15.531
14.039 8.500
-15.281 4.187
9.496 -13.359
2.243 16.236
-13.692 -10.219
16.329 -0.381
-11.543 12.248
0.038 -16.360
11.405 12.433
-16.802 -1.719
14.236 -10.092
-3.723 16.555
-8.953 -13.649
15.292 4.422
-14.473 7.298
5.648 -16.125
6.166 15.602
-14.626 -7.459
16.194 -4.946
-9.579 14.489
-2.501 -17.245
13.498 10.675
-17.405 2.398
12.447 -12.415
-0.328 17.618
-11.736 -13.046
17.182 1.627
-13.985 10.950
2.419 -16.930
9.881 14.319
-16.740 -4.898
15.141 -8.506
-5.508 16.525
-6.858 -16.282
16.053 7.790
-16.988 4.482
9.691 -15.886
3.530 18.298
-15.344 -11.024
17.179 -1.974
-11.772 14.048
-0.946 -18.401
13.245 12.468
-18.559 -1.263
14.445 -12.050
-2.499 18.110
-10.236 -14.821
17.730 3.351
-15.480 8.840
5.770 -18.221
8.748 16.541
-16.454 -7.211
17.542 -6.752
-8.567 17.245
-4.257 -17.098
15.672 9.563
-19.198 2.839
11.186 -14.821
1.765 18.412
-14.061 -12.762
19.480 0.533
-13.750 13.133
1.284 -19.329
11.226 15.805
-18.893 -3.675
15.949 -11.018
-4.841 19.159
-8.411 -17.023
17.709 7.097
