7.21380, 14.54721
4.39576, 17.07789
-1.32732, 18.62462
-3.75747, 18.93504
-1.78721, 16.81893
-4.97453, 16.75289
-5.62942, 15.11298
-3.11293, 15.08637
2.74266, 19.26588
4.12419, 15.31505
2.35619, 15.40987
0.56009, 12.56889
2.44150, 11.85192
3.36056, 13.57035
5.65800, 11.68234
5.28376, 13.94566
-8.76145, 12.77751
-10.32795, 13.67668
-10.36782, 9.70925
-7.88970, 11.26678
-10.21383, 7.78792
-8.09220, 9.19104
-6.00652, 10.88640
-5.45627, 13.34004
-3.44453, 13.06858
-1.66754, 13.06988
-0.31197, 14.29034
0.04153, 16.57459
2.33218, 17.44296
-7.28377, 16.52173
-7.53906, 14.62729
-11.11326, 15.35312
-0.85783, 8.75859
0.93740, 9.40823
-0.80684, 11.06989
3.52610, 10.34362
1.93957, 7.95905
0.22775, 6.89814
1.83935, 5.96904
2.56795, 3.31919
-2.53332, 10.31666
-4.11655, 11.12753
-6.17325, 8.88966
-4.49867, 8.10448
-4.21450, 6.33025
-3.23010, 4.72843
-2.45108, 7.92617
-1.09743, 5.26881
-17.09448, 8.38469
-16.31004, 6.81149
-13.70222, 8.96727
-14.20064, 7.09531
-12.19228, 5.09709
-10.63290, 5.80877
-12.47040, 7.62154
-12.09810, 10.25502
4.38791, 3.69363
3.87927, 6.35293
3.95319, 8.18044
6.96860, 7.82735
5.58332, 8.90023
-13.11155, 11.71133
-12.84516, 14.10635
-14.89437, 10.19187
-5.51038, 2.73499
-3.51905, 3.02296
-5.55026, 5.11252
-13.91736, 3.66573
-15.59257, 5.00742
-17.16007, 4.23143
-17.25902, 2.48467
-18.44326, 0.89773
-7.14859, 6.41491
-8.91896, 6.46237
-7.12470, 4.22556
-9.82044, 3.77934
-9.75240, 1.10891
-7.35847, 1.98522
-6.62330, 0.31965
-3.34660, 0.57544
-11.48831, -2.66154
-7.94971, -3.43527
-9.40428, -5.33192
-7.79046, -6.24194
-6.78513, -4.79266
-5.86801, -2.63440
-3.19620, -1.89672
-4.88450, -0.49062
-15.12507, 1.24523
-13.53998, 0.38273
-11.64047, 0.82605
-12.88451, 2.13295
-11.11465, 2.52957
-7.35465, -1.60837
-8.38887, -0.06709
-10.11763, -0.71425
-11.21979, -5.26160
-13.24841, -2.27189
-12.07975, -0.96065
-11.98913, -7.55782
-13.59289, -6.75038
-13.35906, -9.49451
-15.88754, -9.73300
-14.82167, -11.17120
-14.61414, -0.97708
-16.40755, -0.06329
-19.38543, -1.31909
-16.96941, -2.43555
-18.23800, -5.81671
-15.26625, -3.16573
-16.13581, -5.69478
-13.96993, -4.48280
-7.46104, -12.47336
-10.81211, -11.67162
-10.07384, -14.23030
-8.50667, -15.13584
-11.00069, -15.95081
-6.70987, -17.56429
-6.57260, -15.38709
-3.80796, -10.55923
-12.37895, -12.45680
-12.02511, -14.42797
-11.52598, -9.31531
-9.35341, -8.98585
-9.47531, -7.14813
-5.20069, -11.58433
-7.42873, -10.62371
-9.26056, -10.83403
1.68441, -17.14013
0.99559, -14.99679
1.58582, -13.28017
6.28110, -12.05953
6.25010, -15.00945
4.52944, -11.95136
3.40046, -13.51737
2.76978, -15.66511
0.49608, -11.94438
-2.01596, -13.63396
-4.26585, -14.14404
-2.80806, -15.14517
-4.91732, -16.21248
-1.91781, -17.17218
-0.33554, -16.27606
0.55627, -19.49034
-4.96977, -4.75621
-4.96479, -6.77717
-7.55128, -8.10008
-5.83113, -9.36634
-3.12457, -12.25494
-0.72521, -10.47850
-2.26805, -9.65158
-1.61637, -5.78777
4.45850, -15.23483
3.38140, -17.69632
7.13542, -17.70962
7.80969, -16.01395
9.60163, -15.58845
8.51552, -13.96347
-3.21195, -4.36448
-3.31618, -7.39110
6.39231, -10.26827
5.63967, -7.75336
7.20758, -8.65395
12.71088, -8.96067
9.88490, -8.21612
11.01356, -9.68082
8.51186, -9.93642
8.18417, -12.28940
3.38477, -6.78978
1.54900, -5.18774
0.60703, -6.68967
2.50349, -8.31607
-1.28711, -8.13217
0.50363, -9.15131
2.73177, -11.84931
3.91201, -9.40816
-1.55403, -0.76969
-1.02868, -2.93693
0.22788, -1.44866
-0.14735, -4.77863
1.87869, -3.39975
2.18523, -0.35864
3.23871, 1.64194
0.82611, 3.41458
9.79094, -11.30573
10.67917, -13.44729
12.49367, -13.17111
12.48493, -11.32832
15.81425, -11.15271
0.90206, 0.90251
-1.73555, 2.91675
-1.65046, 1.07073
10.65991, -5.24181
10.18229, -2.19729
11.76278, -1.37046
15.28690, -4.10000
14.02659, -2.79231
11.62564, -3.65727
13.04375, -5.21398
11.95213, -7.34235
3.94204, -0.29571
5.93956, -1.12289
4.83716, -3.41807
3.56301, -4.75492
7.13008, -3.46897
6.82788, -5.27478
8.45296, -5.92464
8.98437, -3.55858
6.54984, 3.61160
5.08780, 1.09838
6.79281, 0.45305
7.92294, -1.00316
7.96931, 1.77627
9.34193, 0.17595
10.15845, 3.64998
9.43267, 5.35157
14.50908, -7.74394
14.36388, -9.81503
16.54779, -8.67104
15.56288, -6.08632
18.30400, -3.45535
8.69879, 7.12815
7.71694, 5.16609
5.67702, 6.13279
17.61874, 0.44869
18.09181, 2.61070
15.90615, 1.13154
14.41859, 9.68059
12.62314, 9.80030
10.62166, 7.16970
13.27272, 7.18481
13.05772, 4.88144
16.56866, 3.82148
14.42243, 2.44748
12.13830, 3.36384
11.78932, 1.53706
13.05253, 0.37997
15.33383, -0.53779
16.21212, -2.14896
18.41950, -1.65422
8.15040, 10.70196
8.41382, 8.88329
10.74204, 8.95737
10.37712, 11.38045
12.18780, 11.60219
13.99440, 11.85649
13.02386, 13.81109
10.86584, 14.09958
14.92003, 6.45705
14.80488, 4.31862
16.51574, 5.59945
19.14768, 4.93441
17.20077, 8.67323
8.75288, 15.56801
9.19881, 13.49241
7.43808, 12.40984
