-1.289 -1.440
1.515 -0.020
-0.651 1.089
0.500 -1.658
0.802 2.087
-3.110 -1.175
2.742 -1.485
-1.006 3.504
-1.125 -3.212
3.702 1.266
-3.152 1.421
1.341 -3.434
1.006 3.881
-3.530 -2.943
4.746 -0.973
-2.790 3.132
-0.340 -4.876
4.235 4.157
-5.362 -0.175
3.793 -3.901
-0.174 5.205
-3.631 -4.918
5.405 0.653
-5.525 2.854
1.601 -6.185
2.173 5.681
-5.170 -2.350
5.460 -2.596
-2.814 4.978
-1.424 -6.446
5.333 2.668
-6.722 1.475
3.838 -5.705
0.752 6.782
-5.970 -4.529
6.718 -0.546
-5.550 4.968
0.321 -7.484
4.713 6.407
-8.206 -1.001
6.721 -4.568
-2.387 7.069
-3.192 -6.898
7.288 2.171
-7.428 3.285
3.573 -7.480
2.396 7.627
-6.907 -3.027
7.795 -2.663
-5.033 6.679
-1.357 -8.261
6.416 5.785
-8.727 0.718
5.812 -6.078
-0.319 8.209
-5.342 -6.256
8.642 1.032
-7.329 5.333
1.993 -8.389
5.092 8.240
-8.736 -3.001
9.153 -3.888
-3.714 8.481
-2.779 -9.356
8.640 4.192
-9.050 2.553
4.828 -8.777
1.486 9.274
-7.509 -5.888
9.122 -1.080
-6.414 8.257
-1.037 -10.045
7.358 7.302
-10.536 -0.669
8.264 -7.367
-1.768 10.666
-5.403 -8.984
9.991 2.247
-9.525 5.306
3.630 -10.152
3.982 9.625
-9.813 -4.527
10.260 -2.521
-5.442 9.830
-2.819 -11.260
9.853 5.573
-10.997 1.173
6.693 -8.824
0.548 11.862
-7.882 -7.623
12.168 0.597
-7.749 7.081
0.646 -11.753
7.086 9.559
-11.655 -2.119
9.772 -5.579
-3.585 10.250
-4.423 -10.488
11.273 4.490
-11.228 4.458
5.443 -10.553
3.452 11.329
-10.413 -6.320
11.903 -1.595
-7.265 9.865
-1.131 -12.054
9.878 8.316
-13.116 0.660
9.206 -9.155
-1.182 12.548
-7.549 -9.451
12.587 2.369
-10.487 7.624
3.246 -11.918
5.690 10.807
-11.692 -4.004
11.521 -5.185
-5.171 11.723
-4.307 -12.280
11.314 6.676
-12.215 2.768
7.248 -10.807
1.932 12.945
-9.406 -8.667
13.419 -0.726
-9.066 9.909
-0.041 -13.430
9.333 10.476
-13.465 -1.114
10.549 -7.151
-2.486 13.720
-7.111 -11.124
13.002 4.080
-12.708 5.724
5.397 -13.098
5.275 13.357
-12.420 -5.751
13.090 -4.343
-6.884 12.160
-2.723 -13.251
11.485 9.144
-14.090 2.227
9.098 -10.996
0.148 14.657
-9.627 -10.916
13.925 0.991
-10.903 9.510
2.007 -14.549
7.465 11.946
-14.058 -3.018
13.176 -6.634
-4.702 14.311
-5.990 -13.038
13.514 5.925
-14.742 5.008
7.165 -12.929
3.254 15.004
-11.352 -8.472
14.979 -1.604
-9.343 12.256
-1.565 -14.551
11.093 10.955
-15.349 -0.416
11.034 -9.487
-1.618 15.326
-9.438 -12.740
15.891 3.537
-12.732 7.655
4.296 -14.537
6.732 14.329
-14.095 -6.379
14.470 -5.395
-7.404 14.167
-3.837 -14.658
12.866 7.681
-16.248 2.957
9.632 -12.667
1.712 15.885
-12.168 -10.104
15.932 0.003
-11.638 11.415
0.510 -15.565
10.205 12.932
-15.850 -2.884
14.064 -9.116
-3.680 15.835
-7.632 -14.434
15.291 5.960
-14.334 6.752
7.058 -14.793
5.001 15.608
-15.245 -7.713
16.020 -3.182
-9.265 14.050
-2.775 -16.123
13.373 10.287
-16.847 1.195
12.289 -12.389
-0.821 16.948
-11.166 -11.907
15.825 1.727
-13.003 9.678
2.791 -16.856
8.757 14.310
-15.691 -4.833
15.102 -7.656
-6.946 15.920
-5.428 -16.558
15.133 8.195
-16.734 5.355
10.127 -14.370
2.706 17.412
-13.804 -10.834
17.206 -1.351
-11.894 13.191
-0.528 -17.094
12.195 12.407
-17.333 -1.947
13.453 -10.982
-2.585 17.226
-9.555 -14.861
17.154 4.914
-15.965 7.336
6.815 -17.316
6.624 17.418
-17.011 -8.222
16.584 -4.898
-9.181 15.863
-4.095 -17.965
15.191 10.005
-18.500 1.947
12.158 -14.354
0.652 18.270
-12.632 -12.841
18.043 0.252
-13.730 11.370
2.551 -18.942
11.462 14.790
-17.449 -4.275
16.120 -9.668
-5.474 18.461
-7.134 -16.111
17.082 6.727
-18.424 6.097
8.471 -16.523
4.904 17.834
-16.046 -10.154
19.282 -2.824
-11.287 15.301
-2.059 -19.262
13.777 13.639
-19.243 -0.372
13.817 -13.596
-1.474 19.706
-11.213 -15.324
18.665 3.946
