1.548 1.156
-1.481 0.319
0.423 -1.196
-0.163 1.724
-1.199 -1.888
3.281 0.538
-2.394 1.998
0.293 -3.633
1.738 2.926
-3.879 -0.509
2.809 -2.016
-0.636 3.631
-1.753 -3.605
4.042 2.187
-4.460 1.892
2.115 -3.622
1.297 4.712
-4.973 -3.238
5.291 -0.889
-2.947 4.574
-0.859 -5.137
4.532 4.103
-5.428 0.428
4.852 -3.890
-0.347 6.380
-3.253 -5.140
5.532 1.281
-4.839 3.624
1.775 -5.436
2.670 6.038
-5.755 -1.561
6.297 -2.775
-2.635 6.351
-2.078 -6.499
6.747 3.260
-6.477 1.863
4.458 -5.967
1.165 7.400
-5.886 -5.349
8.242 -0.641
-5.685 5.806
0.943 -7.401
4.493 6.131
-7.573 -0.688
6.632 -4.689
-2.024 8.039
-3.856 -7.002
7.369 1.602
-7.115 4.151
3.614 -7.542
2.963 7.830
-7.433 -4.403
8.413 -2.429
-4.496 7.107
-1.310 -8.110
6.473 5.076
-8.676 0.697
6.130 -6.676
-0.296 8.617
-6.620 -7.071
9.156 1.215
-8.204 5.620
1.964 -9.047
4.573 8.622
-9.298 -2.402
8.367 -4.291
-2.997 9.558
-3.290 -8.797
8.525 4.288
-8.728 2.862
4.656 -9.362
3.002 9.642
-8.657 -5.704
10.461 -1.427
-6.644 8.855
-0.375 -10.805
7.072 7.738
-10.238 -0.228
8.289 -7.084
-1.551 10.670
-5.806 -8.648
10.514 2.498
-9.559 4.500
3.392 -10.712
4.989 10.481
-10.760 -3.516
10.548 -3.323
-4.817 9.973
-2.881 -11.519
9.234 5.915
-12.046 1.820
6.196 -8.472
1.690 11.648
-8.836 -7.970
11.843 -0.227
-8.476 7.401
1.488 -10.756
6.408 9.407
-11.938 -2.173
10.125 -6.589
-3.250 11.420
-5.623 -10.423
11.456 4.137
-11.353 3.916
5.172 -11.106
3.492 11.593
-11.327 -6.200
12.727 -3.240
-7.215 10.794
-1.322 -12.534
9.268 7.773
-12.807 0.166
8.773 -9.546
-0.826 12.324
-7.714 -9.470
12.252 1.615
-10.268 7.360
2.752 -12.514
6.649 11.186
-12.411 -4.308
11.427 -5.128
-4.969 12.026
-4.453 -12.308
10.934 6.637
-13.011 3.364
6.928 -11.506
2.695 13.157
-11.220 -8.424
13.420 -1.570
-8.927 9.095
-0.275 -13.941
9.169 9.499
-13.552 -1.430
11.326 -8.123
-2.702 13.907
-7.811 -12.050
13.312 3.183
-11.973 6.845
4.345 -13.280
5.289 12.451
-13.066 -6.694
13.372 -4.968
-6.745 12.577
-3.042 -14.338
11.595 8.798
-13.846 1.780
8.808 -11.478
0.909 14.659
-9.679 -10.234
14.378 0.180
-11.605 9.107
1.781 -14.959
8.449 11.596
-14.419 -3.137
13.461 -7.823
-4.468 14.090
-6.155 -14.064
12.803 6.061
-14.367 4.533
6.736 -13.861
4.410 13.954
-13.039 -8.546
15.128 -2.626
-8.941 11.481
-1.444 -15.343
11.770 10.623
-16.277 -0.326
10.967 -10.020
-1.338 15.099
-9.431 -12.716
15.078 3.467
-13.118 8.148
4.458 -15.351
6.659 13.611
-14.130 -4.986
15.343 -6.111
-6.938 14.321
-4.818 -15.233
13.926 7.500
-15.618 3.146
9.152 -13.490
2.577 15.359
-12.560 -10.660
16.107 -0.306
-11.984 11.716
0.477 -16.250
10.334 12.640
-16.167 -2.820
12.717 -9.452
-3.995 15.896
-7.988 -14.312
16.469 4.547
-15.075 6.286
6.305 -15.604
5.907 15.257
-15.143 -7.441
16.279 -4.501
-9.598 14.574
-2.545 -16.776
13.300 9.465
-15.854 1.435
10.834 -12.057
0.596 17.075
-11.413 -12.297
16.336 1.636
-13.291 10.490
3.662 -16.979
8.594 15.158
-16.454 -5.043
15.345 -8.557
-7.087 16.088
-6.094 -16.533
15.673 7.891
-16.600 4.725
9.052 -15.282
3.896 16.652
-14.407 -9.752
17.376 -1.518
-11.017 13.425
-0.871 -17.397
12.304 12.679
-17.786 -1.426
14.200 -10.347
-3.258 18.322
-9.936 -15.765
18.300 4.697
-15.288 8.079
5.865 -17.365
7.565 16.801
-16.869 -6.805
17.750 -5.565
-9.081 16.474
-4.250 -17.781
14.921 10.091
-17.736 3.319
11.212 -13.860
1.243 19.072
-14.159 -12.233
17.949 0.742
-13.891 12.663
1.717 -19.179
10.177 14.383
-18.075 -3.217
16.855 -9.619
-5.038 17.872
-8.333 -16.513
17.737 6.782
-18.343 6.579
8.040 -17.231
5.825 18.475
-16.201 -10.647
18.937 -3.439
-10.857 16.059
-2.450 -19.609
14.020 12.805
-19.077 -0.179
