1.170 1.538
-1.511 -0.101
0.736 -1.033
-0.632 1.613
-0.632 -2.145
3.005 1.421
-2.852 1.261
1.283 -3.412
0.864 3.292
-3.588 -1.559
3.256 -1.164
-1.612 3.315
-0.692 -3.949
3.283 3.216
-4.809 0.589
3.032 -2.898
-0.052 4.887
-3.888 -4.483
5.331 0.604
-4.093 3.585
0.590 -5.175
3.225 5.193
-5.336 -1.085
5.736 -2.402
-2.092 6.037
-1.711 -5.837
4.964 2.757
-5.651 2.150
3.204 -4.736
0.903 6.540
-5.102 -3.087
6.818 -0.932
-4.284 5.379
-0.206 -6.820
5.587 4.994
-6.740 0.005
5.930 -4.507
-0.920 7.435
-4.184 -6.764
8.099 1.656
-7.065 4.014
2.947 -6.854
2.629 7.132
-7.090 -2.749
7.668 -2.679
-4.162 7.169
-1.777 -7.794
6.642 3.571
-7.984 2.029
5.553 -6.254
0.690 8.343
-5.931 -6.281
8.757 -0.016
-6.281 5.592
0.977 -8.157
4.823 6.664
-8.532 -1.722
7.733 -4.728
-2.660 8.202
-4.414 -8.622
8.467 3.692
-9.435 3.141
4.382 -8.156
2.020 9.548
-8.276 -4.871
9.226 -1.819
-5.516 8.361
-0.738 -9.363
7.013 6.471
-9.179 0.345
7.056 -7.716
0.228 10.095
-6.749 -7.869
10.449 1.512
-8.828 6.681
2.618 -10.489
4.665 9.388
-9.778 -3.041
9.920 -4.525
-4.432 9.829
-3.197 -9.913
9.418 5.299
-10.429 1.691
6.213 -9.362
1.907 11.450
-9.374 -6.346
11.055 -0.287
-7.379 8.258
0.406 -11.867
7.246 8.231
-12.081 -1.571
8.292 -6.436
-1.586 11.663
-6.297 -10.097
11.447 3.047
-10.188 4.778
4.395 -9.929
3.567 10.809
-10.877 -5.380
11.549 -3.543
-6.272 10.082
-2.532 -11.569
9.872 7.135
-11.992 0.635
8.033 -9.250
0.161 12.106
-9.179 -9.081
13.127 0.394
-9.911 8.387
2.184 -12.413
6.767 10.026
-12.357 -3.371
11.064 -6.758
-4.191 11.619
-4.805 -11.229
11.333 4.929
-11.899 4.245
6.095 -11.270
3.309 12.586
-10.743 -7.562
12.398 -1.779
-8.091 10.191
-0.888 -13.058
8.681 9.394
-13.434 -0.353
9.831 -9.150
-1.036 13.391
-8.463 -11.191
13.333 2.190
-11.088 6.282
3.578 -13.476
6.196 11.659
-12.633 -5.110
13.126 -4.686
-6.430 12.623
-4.187 -13.737
11.919 6.729
-13.396 3.280
7.837 -11.568
1.652 13.427
-10.715 -10.036
14.223 -1.090
-9.951 10.231
1.028 -14.621
8.721 11.653
-13.800 -2.105
11.630 -8.605
-3.167 14.341
-6.483 -12.506
13.771 4.136
-13.665 5.555
5.835 -13.888
4.926 13.476
-12.996 -6.990
15.096 -3.809
-8.179 12.313
-2.040 -15.216
10.636 9.355
-15.060 0.397
10.296 -11.467
0.393 14.630
-10.179 -11.809
15.266 1.645
-11.759 8.571
2.842 -15.147
8.386 13.456
-15.556 -4.800
13.304 -6.609
-5.448 14.146
-5.561 -14.823
13.538 7.489
-14.856 4.217
8.516 -13.528
2.649 14.919
-12.208 -8.688
16.433 -1.645
-10.616 11.853
-0.432 -15.971
11.319 11.048
-15.880 -1.281
12.516 -10.445
-1.756 15.474
-9.135 -13.709
15.568 4.146
-14.750 7.959
4.938 -15.489
6.450 14.999
-14.764 -7.167
14.829 -5.580
-8.222 14.179
-3.733 -15.959
14.577 8.911
-16.224 1.887
10.362 -13.261
1.473 16.294
-12.505 -11.326
16.889 0.160
-13.243 11.364
2.178 -16.828
10.176 12.764
-15.635 -2.990
13.737 -8.604
-4.134 16.578
-7.581 -14.966
15.253 6.076
-15.668 6.420
8.200 -15.312
4.083 16.940
-14.427 -9.382
17.109 -3.996
-11.247 13.511
-1.301 -17.572
12.891 11.906
-17.259 -0.033
12.914 -12.195
-0.845 17.081
-11.161 -13.345
17.121 3.331
-14.291 9.868
3.958 -16.963
8.332 15.579
-16.704 -6.274
16.502 -6.032
-8.182 16.714
-5.206 -17.893
16.296 9.559
-16.923 3.552
10.424 -15.075
2.641 18.235
-14.340 -11.191
18.597 -0.457
-13.270 13.333
0.815 -18.263
11.562 13.813
-17.964 -1.699
14.598 -10.233
-4.062 18.676
-10.239 -15.662
17.050 5.660
-16.843 8.344
6.937 -17.962
5.818 16.632
-16.488 -8.075
18.854 -4.600
-9.769 15.790
-3.458 -18.170
15.180 11.409
-19.446 1.268
12.478 -14.347
0.507 19.365
-12.638 -14.700
19.152 1.914
-14.863 12.444
3.050 -19.524
9.948 16.174
-18.289 -5.431
