-2.04177, 16.10874
-5.78944, 16.65711
-11.41226, 14.77831
-13.60817, 13.69205
-10.79606, 13.01982
-13.41430, 11.20097
-13.05226, 9.47265
-10.94149, 10.84308
-8.37715, 17.56473
-5.04010, 15.03853
-6.56518, 14.13910
-6.48901, 10.77884
-4.52517, 11.22283
-4.71064, 13.16274
-1.75225, 12.86156
-3.31645, 14.53963
-14.36856, 5.79415
-16.17093, 5.67619
-14.00859, 2.34958
-12.80644, 5.01825
-12.81708, 0.83448
-11.82641, 3.17726
-11.02740, 5.74355
-11.92690, 8.09175
-10.10106, 8.97892
-8.62169, 9.96338
-8.16800, 11.73008
-9.13765, 13.82831
-7.71026, 15.81922
-15.20979, 9.73053
-14.37406, 8.01133
-17.75276, 6.63795
-5.56144, 6.82050
-4.42565, 8.35506
-6.79802, 8.77385
-2.78711, 10.56674
-2.78896, 7.70260
-3.62768, 5.87164
-1.77118, 5.98962
0.30208, 4.18571
-7.81921, 7.19105
-9.58664, 6.99029
-10.06130, 3.98817
-8.23199, 4.26087
-7.01346, 2.94033
-5.30709, 2.15090
-6.42784, 5.24547
-3.82979, 3.78120
-18.87837, -2.47615
-17.35440, -3.35240
-16.37528, -0.11366
-15.75450, -1.94868
-12.97590, -2.50163
-12.07090, -1.04591
-14.60456, -0.55287
-15.75180, 1.84663
1.61076, 5.50473
-0.28453, 7.43824
-1.23429, 9.00132
1.47271, 10.37594
-0.27484, 10.50296
-17.40184, 2.49879
-18.50534, 4.64108
-18.04593, 0.24661
-6.10323, -0.77137
-4.60397, 0.57048
-7.45215, 1.18686
-13.62065, -4.64849
-15.75844, -4.45801
-16.63462, -5.97179
-15.75039, -7.48146
-15.85858, -9.45860
-9.50417, 1.38715
-11.00501, 0.44696
-8.27270, -0.42319
-10.27111, -2.28666
-8.73664, -4.47326
-7.22763, -2.41858
-5.69358, -3.39904
-3.10589, -1.37268
-8.09599, -8.57439
-4.72044, -7.26061
-4.88239, -9.64532
-3.03460, -9.51022
-2.99926, -7.74674
-3.42974, -5.44155
-1.61255, -3.34857
-3.79690, -3.11169
-13.28709, -7.33290
-11.48954, -7.17413
-10.15272, -5.75370
-11.91214, -5.35360
-10.65747, -4.04382
-5.23579, -5.40965
-6.95014, -4.69822
-8.03193, -6.19392
-6.43348, -10.59143
-9.77763, -9.22387
-9.52986, -7.48498
-5.80357, -12.92975
-7.58620, -13.14472
-5.87286, -15.30097
-7.84691, -16.89886
-6.16324, -17.50692
-11.63172, -8.90118
-13.63118, -9.13252
-15.41656, -11.82644
-12.78636, -11.41935
-11.97190, -14.93761
-10.96370, -11.08502
-10.28842, -13.67272
-9.15511, -11.46466
0.68819, -14.51820
-2.54666, -15.70487
-0.51579, -17.42750
1.29066, -17.31448
-0.33567, -19.37346
4.13114, -18.34285
3.04062, -16.45346
2.67166, -10.90230
-3.41720, -17.22594
-2.03165, -18.67196
-4.44522, -14.13730
-2.81796, -12.66061
-3.93648, -11.19738
2.07891, -12.52685
-0.30847, -12.95971
-1.71785, -14.14861
10.88818, -13.34424
9.12834, -11.94020
8.67000, -10.18376
11.90530, -6.56872
13.51195, -9.04294
10.38644, -7.44799
10.31271, -9.37712
10.97595, -11.51503
7.02312, -9.67420
5.86579, -12.47163
4.27408, -14.14155
6.04231, -14.16869
4.87610, -16.22492
7.90556, -15.36437
8.72756, -13.74237
11.24912, -15.92608
-1.50738, -6.71177
-0.38485, -8.39233
-1.80711, -10.92554
0.32638, -11.02832
4.17926, -11.93651
5.19467, -9.12909
3.45199, -9.29413
1.85660, -5.71524
12.14441, -10.22212
12.60944, -12.86840
15.74359, -10.80204
15.36684, -9.01654
16.62392, -7.67049
14.82003, -6.91805
-0.26004, -5.41273
1.32805, -7.99135
11.00667, -5.01521
8.98805, -3.33699
10.79237, -3.21945
15.54592, -0.42944
12.78007, -1.37317
14.53071, -1.96854
12.58844, -3.56586
13.61762, -5.70706
6.57665, -3.78225
4.16105, -3.46377
4.20762, -5.23604
6.68725, -5.54122
3.42822, -7.48573
5.48375, -7.34361
8.83266, -8.35780
8.46479, -5.67139
-0.86844, -1.50108
0.76846, -3.01549
0.99149, -1.08051
2.52172, -4.06176
3.44619, -1.79208
2.01859, 0.91057
1.78895, 3.15988
-1.20151, 3.30124
14.41157, -3.99856
16.33653, -5.29077
17.69502, -4.05661
16.66796, -2.52655
19.34384, -0.53786
0.25190, 1.25091
-3.05968, 1.46899
-1.96724, -0.02152
11.77964, 1.53309
9.69701, 3.80462
10.55587, 5.36793
15.00169, 5.04466
13.22828, 5.43643
11.70715, 3.38732
13.74979, 2.87546
14.01837, 0.49861
3.44705, 1.93519
5.56858, 2.35162
5.92051, -0.17014
5.59904, -1.98873
7.85849, 1.05635
8.60610, -0.61499
10.31930, -0.25696
9.45257, 2.00786
3.45687, 6.63280
3.62990, 3.73041
5.40716, 4.13644
7.15432, 3.54893
5.65484, 5.88964
7.68372, 5.31630
6.44133, 8.66175
4.89516, 9.67739
16.37035, 1.57911
17.39554, -0.22630
18.58149, 1.93512
16.33077, 3.54294
17.15795, 7.25125
3.30075, 10.75103
3.56873, 8.57344
1.33468, 8.24975
14.42672, 10.12379
13.62431, 12.18636
12.62238, 9.74481
6.65239, 16.04229
5.09068, 15.14842
4.87935, 11.84973
7.07912, 13.32939
8.17470, 11.29189
11.68561, 12.35195
10.65834, 10.01981
8.24873, 9.51904
8.96897, 7.80436
10.66146, 7.53964
13.06949, 8.03767
14.69264, 7.18174
16.25743, 8.81536
0.86627, 13.42425
2.09211, 12.05522
3.99034, 13.40533
2.34549, 15.22163
3.73092, 16.40834
5.09495, 17.61990
3.20491, 18.71084
1.24780, 17.75690
8.85393, 13.63483
9.94141, 11.78997
10.65762, 13.80357
13.21785, 14.70614
9.52719, 16.74288
-1.32474, 17.81070
0.19530, 16.32866
-0.67216, 14.45259
