0.846 1.738
-1.462 -0.395
0.924 -0.869
-0.936 1.458
-0.200 -2.227
2.669 1.982
-3.044 0.677
1.927 -3.094
0.202 3.397
-3.213 -2.231
3.420 -0.503
-2.231 2.935
0.096 -4.008
2.589 3.797
-4.831 -0.365
3.541 -2.248
-1.008 4.782
-2.934 -5.158
5.109 1.637
-4.716 2.713
1.593 -4.959
2.145 5.724
-5.020 -2.109
6.096 -1.232
-3.234 5.510
-0.534 -6.059
4.328 3.676
-5.962 1.001
4.070 -4.016
-0.396 6.590
-4.398 -4.027
6.869 0.422
-5.254 4.435
1.134 -6.728
4.501 5.992
-6.610 -1.315
6.698 -3.258
-2.359 7.110
-2.777 -7.453
7.618 3.211
-7.715 2.552
4.233 -6.144
1.180 7.509
-6.414 -4.085
8.044 -1.125
-5.486 6.215
-0.215 -7.991
5.813 4.803
-8.226 0.426
6.670 -5.044
-0.958 8.317
-4.586 -7.322
8.590 1.701
-7.255 4.253
2.556 -7.807
3.424 7.480
-8.029 -3.360
8.510 -3.121
-4.215 7.522
-2.639 -9.320
7.579 5.280
-9.868 1.231
5.895 -7.139
0.110 9.759
-7.161 -6.398
9.403 0.024
-7.047 7.118
1.111 -9.326
5.609 7.720
-9.068 -1.460
8.431 -6.183
-1.755 9.944
-5.076 -9.039
9.950 3.530
-9.966 4.821
4.623 -9.773
2.735 10.120
-8.993 -4.898
10.615 -2.494
-6.272 8.770
-1.193 -10.347
8.197 7.042
-10.558 -0.386
7.927 -7.963
-0.374 11.602
-7.949 -8.060
10.897 1.885
-8.854 6.652
2.723 -11.558
5.492 9.491
-11.539 -3.908
9.392 -4.687
-3.841 11.126
-4.196 -11.135
10.628 5.231
-10.927 2.689
6.255 -8.875
1.380 11.298
-9.612 -7.406
12.020 -1.212
-8.126 8.658
-0.216 -11.841
8.283 8.931
-11.884 -1.727
9.690 -7.497
-2.214 11.903
-7.222 -10.704
12.795 2.958
-11.362 6.283
4.574 -11.745
4.671 11.158
-11.457 -5.727
12.174 -4.459
-6.386 10.573
-2.511 -11.953
10.147 7.054
-12.500 1.831
8.185 -9.857
0.778 12.990
-9.053 -9.520
12.506 0.685
-9.931 8.408
1.688 -12.979
6.672 10.913
-13.105 -2.978
11.434 -7.046
-3.640 12.928
-6.106 -12.632
12.645 4.760
-12.104 3.987
6.149 -12.514
3.791 12.647
-11.387 -7.486
13.789 -2.023
-8.779 11.118
-1.414 -14.291
10.369 8.934
-13.779 0.591
9.952 -9.809
-1.011 13.490
-8.541 -11.941
14.161 1.718
-11.762 8.083
3.873 -14.137
6.269 13.136
-13.120 -4.768
13.091 -6.159
-5.916 13.443
-3.907 -13.534
12.694 6.754
-14.489 2.770
8.443 -12.476
2.190 14.180
-11.374 -9.401
15.550 -0.777
-10.433 10.472
0.981 -15.321
8.597 11.258
-14.846 -2.562
12.343 -9.227
-2.481 14.423
-7.667 -13.575
14.647 4.605
-13.211 6.101
5.755 -14.297
5.587 14.838
-14.314 -7.755
14.342 -3.874
-8.114 12.804
-2.549 -15.625
11.808 9.996
-15.394 1.224
11.002 -11.597
-0.325 15.149
-10.269 -10.912
16.437 1.607
-12.733 9.543
2.706 -15.746
8.935 13.051
-15.321 -4.368
14.320 -7.790
-4.754 14.830
-6.272 -15.233
14.454 7.116
-16.023 4.914
7.877 -14.221
3.386 15.972
-13.073 -9.921
15.635 -2.567
-10.841 12.293
-0.534 -16.381
12.549 11.594
-16.279 -1.328
12.760 -10.974
-1.748 16.267
-10.043 -13.557
16.530 3.466
-15.213 8.549
5.433 -16.075
7.477 14.510
-14.746 -5.996
15.157 -5.745
-7.302 15.446
-4.502 -16.161
13.766 8.947
-16.622 3.226
11.041 -13.408
0.684 17.411
-12.308 -12.027
17.561 -0.566
-13.676 11.046
2.167 -17.487
10.308 14.201
-16.918 -3.414
15.053 -9.428
-4.175 16.585
-8.330 -15.273
16.137 6.621
-15.947 6.876
7.206 -15.859
5.118 16.910
-15.151 -9.425
17.364 -2.682
-11.298 14.786
-1.598 -18.566
14.107 12.567
-17.291 0.167
13.176 -12.741
-0.983 18.399
-11.869 -13.784
18.326 3.196
-15.625 10.474
4.378 -17.750
8.631 15.810
-17.283 -5.186
16.320 -7.174
-7.643 17.518
-6.971 -17.365
15.610 8.891
-18.152 4.882
10.322 -16.255
2.447 17.449
-14.586 -11.149
19.389 -0.817
-12.674 13.570
0.169 -18.495
12.650 14.162
-19.318 -2.567
15.047 -11.624
-3.297 19.089
-9.513 -16.892
18.405 5.630
-17.013 9.290
6.817 -18.548
6.586 17.809
-16.870 -8.909
