0.433 -1.883
0.890 1.226
-1.265 0.096
1.643 -0.547
-1.243 1.859
-0.832 -3.219
2.794 1.384
-3.443 1.198
1.976 -2.771
1.100 3.755
-2.978 -1.756
3.579 -0.883
-2.591 3.059
0.370 -4.581
3.531 3.317
-4.167 -0.474
3.788 -3.089
-0.955 5.856
-2.948 -4.482
5.374 0.850
-4.353 2.859
1.925 -5.802
2.582 4.794
-5.517 -2.869
5.977 -2.257
-3.390 5.051
-1.060 -5.579
5.269 2.965
-5.690 0.570
4.447 -4.880
0.894 5.896
-5.080 -4.642
6.874 -0.152
-5.108 4.524
0.260 -7.489
4.318 5.175
-7.259 -1.671
6.301 -4.052
-2.518 7.544
-3.912 -7.282
7.607 2.859
-7.152 2.124
3.797 -6.585
2.427 7.207
-6.966 -4.176
8.172 -1.392
-4.851 6.354
-1.508 -7.388
6.669 4.835
-8.359 -0.263
5.968 -5.871
-1.029 8.578
-5.617 -6.718
8.317 1.246
-6.892 4.471
2.033 -7.971
4.139 7.657
-8.582 -2.915
8.004 -3.207
-3.798 8.910
-2.583 -8.868
8.453 5.238
-9.071 1.854
6.043 -7.664
1.555 9.476
-7.303 -5.924
9.955 -1.114
-6.721 6.560
0.483 -9.530
6.141 6.831
-10.444 -0.482
7.610 -6.637
-1.725 10.222
-5.527 -8.995
10.783 2.506
-9.735 4.703
4.226 -9.594
3.923 9.459
-9.827 -4.725
10.388 -2.886
-5.569 8.802
-1.958 -10.628
7.975 6.931
-11.169 1.219
7.576 -8.794
1.125 11.264
-7.297 -8.310
11.068 0.383
-9.377 7.285
1.686 -10.835
6.526 10.287
-10.252 -2.250
9.976 -6.247
-3.726 11.301
-4.987 -10.745
10.192 4.769
-10.442 2.979
6.021 -9.659
2.829 11.800
-10.115 -6.605
11.761 -1.635
-7.267 9.351
-0.838 -12.152
8.164 8.807
-12.249 -0.250
9.198 -7.873
-1.102 12.865
-8.100 -10.337
12.788 2.246
-10.935 6.268
3.372 -11.617
5.320 11.651
-12.275 -4.174
11.610 -4.218
-5.551 10.879
-3.467 -11.862
10.878 6.425
-12.560 2.532
7.552 -10.598
1.067 13.094
-9.303 -8.386
13.009 -0.307
-9.464 9.041
1.660 -12.683
8.328 10.547
-13.323 -1.696
10.951 -7.776
-3.180 13.665
-6.852 -11.645
11.924 4.498
-12.644 5.877
4.991 -12.223
4.161 12.977
-12.002 -7.085
13.814 -3.140
-7.874 12.010
-2.460 -13.464
11.094 8.192
-13.904 1.384
9.258 -9.864
-0.852 14.656
-9.941 -10.230
14.230 1.096
-11.891 8.570
3.370 -14.159
7.216 11.950
-14.056 -3.427
13.045 -6.747
-5.458 12.986
-5.637 -13.227
13.016 6.943
-14.405 4.407
7.200 -12.410
2.948 14.459
-12.590 -9.160
14.695 -1.598
-10.384 11.307
0.379 -14.160
9.945 11.316
-15.401 -0.570
10.988 -9.667
-2.558 15.379
-8.508 -12.782
14.112 3.548
-13.456 7.513
4.970 -15.056
6.270 15.024
-13.594 -5.991
14.355 -4.869
-7.828 13.760
-2.912 -15.195
12.749 8.714
-15.844 2.116
9.766 -11.585
1.140 14.940
-11.783 -11.572
15.902 0.569
-11.994 10.555
1.242 -15.768
9.181 13.020
-16.036 -2.930
13.013 -8.556
-4.685 15.793
-6.780 -14.614
15.556 6.237
-15.060 6.121
7.395 -14.556
3.944 15.931
-13.780 -7.821
16.156 -2.759
-9.871 13.084
-2.485 -16.903
11.835 11.256
-16.821 0.528
11.575 -11.562
-0.697 16.858
-10.688 -13.078
17.208 2.900
-14.323 9.098
3.293 -15.988
7.711 13.926
-15.403 -5.047
15.383 -7.435
-6.645 15.404
-5.095 -15.607
14.962 7.927
-17.013 3.501
10.401 -13.980
2.026 17.090
-14.022 -10.587
17.580 -0.008
-12.668 12.248
0.895 -17.525
11.022 13.281
-17.636 -2.115
13.664 -10.285
-3.109 17.117
-8.401 -15.286
16.729 4.663
-15.567 7.817
6.636 -16.374
5.873 16.849
-15.197 -8.817
18.078 -4.412
-10.415 15.453
-3.087 -18.639
13.562 10.728
-18.255 1.641
12.319 -13.702
0.581 18.180
-12.255 -13.995
18.738 1.661
-14.553 11.064
3.211 -17.724
10.194 14.889
-17.205 -4.665
16.948 -8.834
-5.479 17.892
-6.565 -16.722
17.192 7.600
-18.241 6.168
9.053 -15.116
4.350 17.836
-15.603 -11.540
18.385 -2.602
-11.746 14.288
-0.952 -18.965
13.422 14.128
-19.010 -0.403
14.553 -12.786
-3.204 19.120
-10.789 -15.939
19.074 3.453
-16.953 10.154
6.058 -17.996
7.535 17.527
