-1.319 1.412
-0.155 -1.507
1.142 0.551
-1.696 -0.351
2.008 -0.985
-0.894 3.202
-1.723 -2.599
3.579 0.690
-3.099 1.406
0.932 -3.800
1.696 3.013
-3.539 -1.031
3.776 -1.347
-2.617 3.778
-1.391 -4.641
3.368 2.500
-4.826 0.773
3.764 -4.587
0.303 5.356
-4.223 -3.431
5.200 -0.290
-4.575 4.054
0.170 -5.442
3.334 5.249
-6.303 -1.045
5.466 -2.670
-1.881 5.358
-3.071 -5.208
5.208 2.360
-6.294 1.992
2.183 -5.549
2.067 6.564
-6.024 -3.316
6.688 -1.352
-3.981 6.349
-1.141 -6.643
5.442 5.086
-7.483 0.346
5.962 -5.264
-0.268 8.262
-5.148 -6.288
7.253 1.750
-6.587 3.793
1.515 -7.452
3.933 7.107
-7.768 -2.894
7.383 -3.064
-2.401 7.148
-3.345 -7.527
7.100 4.420
-8.108 2.086
5.192 -6.905
1.491 8.629
-6.571 -5.249
8.205 -0.412
-5.756 5.877
0.259 -8.700
5.963 6.826
-8.533 -1.240
7.755 -5.804
-2.213 8.968
-4.686 -8.771
8.777 2.945
-9.072 3.600
3.407 -8.978
3.347 8.787
-9.171 -4.028
9.105 -2.305
-5.197 8.003
-1.887 -8.989
8.794 5.655
-9.913 1.925
6.619 -7.978
0.270 10.554
-8.073 -7.576
10.781 0.813
-8.468 6.180
1.350 -10.151
6.132 9.016
-10.435 -2.713
9.233 -4.822
-3.637 10.177
-3.424 -9.995
10.275 4.547
-10.965 3.809
4.675 -10.309
2.146 10.849
-9.384 -5.882
11.766 -1.600
-6.893 8.529
-0.487 -12.173
7.741 7.089
-11.763 0.402
8.891 -7.908
-1.074 11.797
-6.426 -9.237
10.528 2.659
-10.053 5.337
3.470 -11.627
5.439 10.787
-10.995 -4.484
10.977 -4.445
-5.369 10.933
-2.646 -11.714
10.472 6.360
-11.906 2.198
7.405 -10.578
1.824 13.005
-9.937 -8.356
12.604 0.062
-8.743 8.359
1.241 -12.748
8.526 9.767
-12.159 -2.173
10.259 -6.628
-2.949 12.001
-6.189 -11.014
12.136 4.109
-11.848 5.382
5.643 -11.863
3.843 11.921
-11.408 -6.258
12.722 -3.075
-7.797 10.140
-1.916 -13.301
10.676 8.149
-13.374 1.235
9.605 -10.227
0.088 13.511
-8.060 -9.871
13.887 1.256
-10.448 8.071
2.908 -13.313
6.831 12.148
-13.526 -4.212
12.835 -6.442
-4.624 12.882
-5.490 -12.652
12.723 5.776
-12.957 3.891
8.087 -12.253
3.470 13.836
-11.761 -8.085
14.586 -1.451
-10.017 10.560
-0.250 -13.958
10.442 10.014
-14.670 -0.705
11.235 -8.498
-1.756 14.271
-7.779 -12.534
14.673 3.411
-12.453 7.126
4.700 -13.988
6.298 14.238
-13.515 -5.987
14.655 -4.575
-7.429 12.060
-2.929 -14.778
13.038 8.217
-14.354 2.853
9.926 -12.023
0.950 15.325
-10.430 -10.147
15.409 0.249
-11.850 10.533
2.110 -16.143
8.756 12.001
-14.862 -2.987
13.674 -7.979
-5.101 14.606
-6.660 -13.933
14.769 6.115
-14.259 5.125
6.507 -13.497
4.390 15.921
-13.473 -8.468
15.670 -3.117
-8.983 13.019
-1.413 -15.869
12.405 10.577
-15.549 0.876
11.973 -11.314
-1.464 16.044
-10.330 -13.198
16.099 2.258
-13.698 8.885
4.577 -15.760
7.999 13.677
-15.362 -5.715
15.102 -6.369
-6.327 15.870
-4.594 -15.674
14.818 7.980
-15.813 4.198
9.058 -14.235
2.688 16.674
-13.433 -11.139
16.954 -0.689
-10.867 12.181
0.313 -15.916
10.795 12.091
-17.037 -1.282
13.475 -9.994
-3.419 16.058
-8.968 -14.362
16.474 5.503
-16.010 6.879
6.818 -15.801
6.821 16.191
-15.213 -8.810
17.102 -4.243
-9.564 14.713
-2.875 -17.018
14.197 10.674
-16.979 2.045
11.274 -13.250
-0.398 17.438
-12.135 -12.424
17.388 1.044
-13.952 10.838
3.369 -17.523
8.726 15.249
-17.853 -5.249
16.760 -8.146
-6.677 17.674
-6.353 -16.083
16.616 7.735
-17.529 5.676
8.615 -16.020
3.584 18.254
-15.378 -10.834
18.140 -2.274
-11.667 13.724
-1.352 -17.994
12.546 12.665
-19.093 -0.857
13.713 -12.731
-2.707 17.760
-11.062 -15.197
18.874 3.812
-15.413 8.538
5.181 -17.613
7.711 17.809
-17.211 -6.969
17.327 -6.470
-8.688 16.885
-4.527 -18.954
16.244 9.882
-19.003 3.763
12.361 -14.934
1.340 19.200
-14.770 -12.554
19.759 -0.283
-14.266 12.531
2.272 -18.942
