0.197 1.922
-1.237 -0.874
1.166 -0.498
-1.380 1.047
0.578 -2.160
1.825 2.779
-3.091 -0.410
2.873 -2.243
-0.978 3.260
-2.251 -3.200
3.385 0.703
-3.104 1.990
1.467 -3.731
1.126 4.456
-4.411 -2.003
4.098 -0.894
-2.590 4.145
-0.983 -5.852
4.235 3.293
-5.362 0.927
3.200 -4.109
0.047 6.113
-3.989 -3.706
6.148 0.938
-4.931 4.063
1.581 -5.874
2.801 4.939
-5.943 -1.109
5.202 -2.373
-2.637 6.052
-2.746 -5.293
6.305 2.757
-6.459 2.359
3.378 -5.929
2.167 7.173
-5.756 -3.507
7.410 -0.758
-4.659 5.867
-0.047 -7.953
6.050 5.633
-8.122 -0.255
6.086 -4.315
-1.472 7.457
-4.620 -6.040
7.941 1.708
-7.288 3.951
2.544 -7.578
3.808 6.508
-7.872 -2.427
7.998 -2.445
-3.758 7.481
-1.790 -8.452
7.482 4.549
-8.275 1.501
5.083 -6.454
0.645 8.201
-6.385 -5.914
9.064 -0.007
-6.543 5.615
0.724 -9.659
5.303 7.563
-9.690 -2.235
7.989 -4.678
-3.251 9.202
-4.526 -8.470
8.822 3.254
-9.064 4.263
4.248 -8.376
2.614 9.177
-8.014 -4.488
10.042 -2.909
-5.066 8.736
-1.661 -10.233
8.131 6.734
-11.016 1.103
7.700 -7.589
-0.909 10.444
-6.762 -7.690
10.825 1.306
-8.904 6.080
2.436 -10.127
5.278 9.430
-9.783 -3.991
10.181 -4.754
-4.338 10.767
-4.695 -10.300
9.586 5.515
-10.601 3.204
6.529 -9.918
1.896 10.801
-9.494 -7.635
10.431 -1.174
-7.430 9.129
-0.114 -11.899
8.183 8.565
-11.185 -1.230
8.925 -6.185
-2.586 11.084
-6.481 -10.259
11.704 2.993
-10.607 5.338
3.866 -11.194
4.709 11.233
-10.567 -5.706
11.676 -3.710
-6.170 10.417
-3.103 -12.534
10.999 7.175
-12.829 1.995
8.332 -9.457
0.552 12.083
-8.791 -9.315
12.965 -0.004
-9.631 7.734
1.749 -12.088
7.105 10.112
-12.368 -2.577
11.074 -6.444
-3.733 12.466
-5.230 -12.051
11.509 4.941
-12.216 4.483
6.046 -11.609
2.515 12.541
-11.283 -7.300
13.159 -2.688
-7.861 10.890
-1.393 -13.961
10.239 8.816
-12.737 -0.415
10.075 -9.639
-0.786 13.179
-8.121 -10.944
13.645 2.839
-12.066 7.424
3.583 -13.906
6.668 11.953
-13.143 -4.180
12.716 -5.791
-5.586 12.321
-3.917 -14.149
12.708 6.480
-13.824 3.548
8.495 -11.945
1.372 14.490
-10.683 -8.987
14.410 -1.285
-10.175 10.591
0.982 -14.052
9.599 10.705
-14.559 -2.378
12.216 -8.814
-2.817 14.069
-7.451 -12.737
14.870 4.614
-13.396 6.249
6.186 -14.051
4.204 13.527
-13.061 -7.507
14.763 -4.424
-7.287 12.692
-2.535 -15.383
12.173 9.358
-14.503 1.190
10.317 -11.448
0.147 15.854
-10.777 -12.202
14.799 1.290
-12.020 9.236
2.976 -15.549
7.653 13.445
-14.877 -4.141
14.317 -7.110
-5.511 14.114
-5.894 -13.776
14.883 7.158
-15.237 4.586
7.952 -13.857
3.905 15.327
-12.887 -9.367
16.125 -2.394
-9.561 12.293
-0.655 -16.460
11.128 11.650
-16.736 -0.891
12.285 -10.648
-2.310 16.163
-8.868 -13.810
15.565 2.963
-14.405 7.819
5.128 -15.567
7.800 15.201
-14.831 -6.842
15.754 -5.921
-7.232 14.675
-4.772 -16.183
14.332 8.936
-17.225 2.800
10.626 -13.229
2.035 16.196
-11.788 -10.698
16.208 -0.186
-12.166 11.996
1.327 -16.724
9.853 13.133
-16.718 -2.683
14.977 -8.797
-5.341 16.586
-7.425 -15.525
16.685 5.504
-16.639 5.673
8.045 -15.677
4.800 16.879
-14.714 -9.020
17.376 -3.681
-9.621 14.140
-2.573 -17.206
12.878 11.763
-17.339 0.977
12.217 -12.417
-1.005 17.639
-10.989 -14.058
17.228 3.449
-15.692 10.003
4.879 -17.985
8.929 16.650
-16.295 -5.785
16.752 -7.437
-7.246 16.941
-6.409 -17.023
16.111 9.299
-18.273 4.467
10.211 -15.164
2.672 17.813
-14.448 -10.809
17.791 -1.129
-13.197 13.825
-0.579 -18.703
11.604 13.714
-18.724 -1.654
15.280 -11.717
-3.699 17.227
-9.866 -15.483
18.489 5.896
-16.565 8.388
6.515 -17.311
7.013 17.647
-17.259 -9.049
18.126 -5.745
-9.656 16.793
-3.128 -19.132
15.350 11.612
-19.170 2.878
12.776 -15.076
0.064 18.988
-12.781 -14.164
