-0.809 1.755
-0.620 -1.382
1.257 0.165
-1.721 0.199
1.597 -1.565
0.156 3.321
-2.452 -1.926
3.615 -0.468
-2.501 2.308
-0.309 -3.900
2.556 2.328
-3.684 0.133
3.162 -2.465
-1.299 4.409
-2.778 -3.969
3.982 1.316
-4.339 2.249
2.133 -5.537
1.969 4.991
-5.087 -1.931
4.846 -1.908
-3.071 5.286
-1.547 -5.220
4.814 3.937
-6.312 0.987
4.351 -4.251
-0.103 5.677
-4.551 -3.980
5.686 0.606
-5.350 3.867
0.331 -5.954
4.024 5.583
-6.760 -1.257
5.925 -3.384
-1.786 7.278
-3.169 -5.948
6.764 3.120
-6.996 2.678
4.008 -6.870
2.340 7.928
-6.862 -4.354
7.435 -0.616
-5.063 5.669
-0.902 -7.551
5.965 5.513
-8.284 -0.309
6.048 -5.228
-0.035 7.541
-5.540 -6.096
8.128 1.967
-7.043 4.526
2.761 -8.186
4.125 7.724
-7.886 -2.921
7.661 -2.967
-3.620 7.387
-2.485 -8.341
7.805 4.608
-8.490 1.502
5.540 -7.945
0.715 9.209
-7.203 -6.856
9.258 0.040
-7.482 6.266
0.416 -9.594
5.937 7.292
-9.972 -0.945
7.921 -5.047
-2.421 9.230
-4.614 -7.942
10.125 2.608
-8.807 4.941
3.779 -9.653
3.571 9.935
-10.043 -4.658
10.491 -2.613
-6.099 8.526
-1.906 -10.062
8.653 6.635
-10.759 0.701
7.252 -7.477
-0.257 10.804
-6.389 -8.415
11.183 1.091
-9.215 7.059
1.202 -11.256
5.444 9.626
-10.756 -2.638
10.669 -5.213
-3.866 10.262
-4.285 -11.405
9.576 4.299
-11.042 4.075
5.959 -10.300
2.684 11.538
-9.002 -6.752
10.830 -0.781
-7.869 8.224
-0.356 -12.129
8.551 8.534
-11.847 -0.805
9.026 -7.667
-1.665 12.066
-6.191 -10.290
11.939 2.750
-10.614 5.826
3.709 -12.368
5.815 11.775
-12.058 -4.813
11.986 -3.899
-5.676 10.682
-2.825 -12.493
11.162 6.596
-12.227 1.755
7.659 -9.514
0.968 12.320
-9.334 -8.514
12.812 0.090
-9.559 8.830
1.633 -13.035
7.391 10.111
-12.797 -2.360
11.113 -6.915
-4.219 12.075
-5.996 -12.027
12.695 4.385
-12.309 5.372
5.908 -12.726
4.326 12.800
-10.752 -6.841
13.579 -3.168
-7.385 10.944
-1.419 -13.553
10.300 9.389
-14.165 0.248
10.163 -10.146
-0.346 13.683
-9.185 -10.288
13.893 1.489
-11.080 7.762
3.831 -14.172
7.639 12.047
-13.705 -3.983
13.392 -5.957
-6.195 13.171
-4.620 -13.173
13.058 6.229
-14.149 3.937
7.998 -11.595
2.813 14.101
-11.321 -9.458
15.002 -1.368
-9.586 10.676
0.071 -14.756
10.450 11.541
-14.711 -1.441
12.477 -8.945
-3.267 13.783
-7.421 -13.111
14.959 3.707
-12.733 7.215
5.649 -14.531
5.714 14.251
-13.089 -6.359
14.708 -4.602
-7.944 13.722
-3.065 -15.989
12.082 8.644
-15.048 1.831
10.477 -11.869
-0.257 15.469
-10.698 -11.137
15.942 1.168
-11.929 9.343
1.939 -14.858
9.167 13.737
-15.450 -3.809
13.899 -7.880
-4.441 15.181
-6.324 -14.623
15.098 6.147
-14.487 5.714
7.815 -14.502
3.648 15.692
-13.952 -9.287
15.994 -2.911
-10.215 12.736
-0.603 -16.400
11.889 10.474
-16.379 -0.603
12.338 -10.789
-1.024 17.054
-9.283 -13.438
16.574 2.923
-13.695 8.950
4.130 -16.359
7.788 14.987
-16.251 -6.358
15.880 -5.977
-6.493 14.977
-4.700 -15.209
14.046 8.090
-16.578 4.133
9.655 -13.720
1.796 16.320
-13.024 -10.819
17.369 0.052
-13.040 11.558
1.511 -17.143
11.560 13.231
-17.210 -3.587
14.905 -9.399
-4.460 16.972
-8.074 -15.254
16.830 5.677
-15.478 7.273
6.543 -16.120
5.097 16.681
-15.422 -7.985
16.836 -4.469
-9.844 14.671
-2.303 -17.694
13.073 11.738
-18.599 0.622
13.355 -12.997
-0.790 18.877
-11.081 -13.274
18.205 2.126
-14.861 10.893
3.149 -17.915
9.134 16.205
-18.002 -5.457
16.508 -7.854
-6.768 16.693
-6.934 -16.659
15.888 8.085
-18.397 5.181
9.022 -16.393
3.007 17.711
-15.275 -10.955
19.117 -2.308
-11.953 12.945
-0.611 -18.349
12.913 14.487
-18.529 -1.213
14.420 -11.584
-2.947 18.759
-10.249 -16.574
18.526 4.282
-16.860 9.539
7.046 -18.060
7.301 17.808
-17.965 -7.281
18.671 -6.473
-9.610 16.376
-3.791 -18.698
