1.901 -0.347
-0.774 1.302
-0.588 -1.123
1.152 1.293
-2.199 -0.407
2.627 -2.037
-0.166 3.114
-2.462 -2.688
3.327 0.719
-3.013 2.495
0.435 -3.430
2.227 2.938
-3.834 -1.170
4.354 -1.472
-1.650 4.555
-1.213 -4.015
4.335 2.257
-5.757 1.439
2.951 -4.481
1.345 5.272
-4.347 -2.868
6.090 -0.527
-3.381 4.268
0.453 -6.202
4.438 4.597
-5.980 -1.115
4.704 -3.180
-0.639 6.012
-2.774 -5.000
6.241 2.154
-5.061 3.153
2.254 -6.502
2.859 6.254
-6.175 -2.902
6.981 -2.724
-3.045 6.013
-1.337 -7.328
6.214 4.184
-7.925 0.671
5.141 -6.474
0.383 8.117
-4.780 -5.729
7.550 0.882
-5.659 5.079
1.080 -8.050
4.511 6.955
-7.755 -1.942
6.190 -4.307
-1.802 8.038
-3.065 -7.781
7.753 3.159
-8.285 2.448
3.948 -7.816
2.145 8.132
-6.833 -4.561
8.125 -1.286
-5.395 6.830
-0.718 -9.035
6.111 6.083
-9.686 0.036
7.123 -5.880
-1.468 9.836
-5.290 -7.598
9.429 2.519
-8.088 5.176
2.552 -9.050
4.961 8.702
-8.684 -3.578
8.944 -3.326
-3.845 8.342
-3.688 -9.783
9.106 4.365
-10.071 2.459
6.075 -8.634
1.964 10.895
-8.170 -7.081
10.483 0.087
-7.136 7.345
0.453 -10.894
6.760 8.400
-10.287 -1.634
8.987 -6.002
-3.211 10.066
-5.538 -9.776
11.074 3.480
-9.900 5.489
4.746 -9.989
4.026 10.317
-10.400 -5.731
10.619 -2.738
-6.867 10.063
-1.989 -10.306
9.683 6.691
-11.853 1.047
7.896 -8.830
-0.349 11.247
-6.866 -8.412
11.253 1.709
-9.718 7.266
2.065 -11.903
6.153 10.155
-11.463 -2.976
10.829 -5.576
-4.859 10.982
-4.615 -11.349
10.869 5.334
-12.252 4.077
6.290 -11.528
2.996 12.633
-10.082 -7.564
12.003 -1.498
-8.597 9.495
-1.021 -12.925
8.466 8.994
-12.188 -0.796
9.523 -7.876
-1.598 12.532
-7.293 -10.534
12.721 2.744
-11.604 6.159
4.023 -11.861
5.428 11.826
-12.047 -5.116
12.305 -3.492
-6.392 11.821
-3.712 -12.907
11.473 6.982
-13.809 2.484
7.985 -10.899
0.585 12.730
-10.399 -9.288
13.200 -0.250
-10.273 8.954
1.759 -13.826
8.348 11.446
-14.145 -2.481
11.393 -7.585
-3.136 13.430
-6.771 -12.223
12.721 4.602
-13.798 5.015
5.463 -13.177
4.622 13.503
-12.574 -7.532
14.338 -2.505
-8.121 11.355
-2.412 -14.265
11.357 9.313
-14.086 0.124
9.919 -10.410
-1.228 14.700
-9.746 -11.487
14.246 1.704
-12.113 8.427
3.433 -15.186
7.280 12.865
-14.493 -5.065
13.155 -5.253
-6.459 13.610
-5.568 -14.370
13.225 6.268
-15.137 3.734
8.374 -12.870
2.324 14.365
-12.222 -9.387
15.794 -1.391
-11.319 11.702
0.125 -14.855
10.150 11.259
-15.735 -1.747
12.804 -8.685
-2.961 15.156
-8.211 -13.715
14.503 4.387
-13.271 6.957
5.968 -15.399
5.768 14.831
-14.439 -6.841
14.973 -5.096
-8.327 13.582
-3.652 -15.888
13.005 8.567
-16.358 1.944
10.741 -12.007
0.424 16.754
-11.579 -11.411
16.294 1.034
-13.071 9.924
1.733 -15.749
8.925 13.747
-15.921 -3.891
14.542 -8.969
-5.657 15.322
-7.138 -15.241
15.198 6.058
-15.759 6.027
7.784 -14.989
4.143 16.952
-14.022 -9.556
15.987 -3.300
-9.741 12.591
-1.457 -16.143
12.914 11.187
-16.777 -0.010
12.319 -10.853
-1.363 16.877
-9.945 -14.240
16.954 4.023
-14.894 8.621
4.177 -17.066
6.961 16.143
-16.260 -6.790
16.450 -6.110
-7.838 15.377
-5.033 -17.034
14.851 8.481
-16.951 3.915
10.717 -13.762
2.335 17.209
-13.337 -11.205
17.663 -0.382
-13.152 12.058
2.086 -17.445
11.203 14.859
-18.312 -3.453
15.898 -10.208
-4.489 16.699
-8.728 -16.117
17.457 5.895
-16.468 7.725
8.006 -16.791
5.887 17.867
-15.918 -8.990
17.549 -4.061
-9.642 15.252
-2.521 -17.648
14.817 12.072
-18.600 2.045
12.762 -12.644
-0.180 18.796
-12.880 -14.313
17.464 2.336
-14.661 11.050
4.428 -18.895
9.662 15.856
-17.768 -5.137
17.042 -8.376
-7.667 17.916
-7.149 -17.619
17.499 8.309
-18.828 4.620
10.372 -16.213
4.373 18.885
-16.032 -11.554
18.924 -1.554
-13.117 13.853
