1.274 1.453
-1.515 0.004
0.662 -1.082
-0.518 1.653
-0.780 -2.096
3.097 1.208
-2.757 1.456
1.042 -3.493
1.092 3.224
-3.688 -1.304
3.166 -1.388
-1.377 3.420
-0.965 -3.891
3.499 2.980
-4.756 0.923
2.822 -3.103
0.289 4.879
-4.191 -4.201
5.360 0.231
-3.833 3.861
0.228 -5.203
3.580 4.955
-5.398 -0.710
5.555 -2.796
-1.665 6.168
-2.114 -5.704
5.145 2.404
-5.487 2.539
2.866 -4.948
1.357 6.461
-5.305 -2.724
6.737 -1.405
-3.898 5.665
-0.681 -6.789
5.922 4.592
-6.723 0.475
5.601 -4.910
-0.399 7.481
-4.645 -6.456
8.195 1.087
-6.768 4.498
2.461 -7.043
3.120 6.931
-7.265 -2.247
7.462 -3.207
-3.651 7.442
-2.316 -7.651
6.874 3.099
-7.823 2.581
5.103 -6.626
1.271 8.275
-6.355 -5.852
8.734 -0.626
-5.876 6.017
0.405 -8.205
5.276 6.311
-8.631 -1.122
7.384 -5.256
-2.081 8.367
-5.005 -8.293
8.704 3.093
-9.193 3.792
3.803 -8.441
2.681 9.384
-8.595 -4.282
9.076 -2.458
-4.919 8.726
-1.389 -9.289
7.447 5.966
-9.132 0.985
6.500 -8.189
0.931 10.055
-7.282 -7.379
10.529 0.779
-8.340 7.280
1.880 -10.647
5.309 9.040
-9.967 -2.351
9.581 -5.206
-3.736 10.114
-3.881 -9.666
9.765 4.629
-10.286 2.414
5.545 -9.772
2.701 11.289
-9.794 -5.676
11.008 -1.058
-6.785 8.753
-0.423 -11.867
7.802 7.706
-12.161 -0.724
7.822 -6.999
-0.769 11.745
-6.986 -9.633
11.632 2.241
-9.830 5.477
3.692 -10.212
4.313 10.533
-11.225 -4.608
11.274 -4.340
-5.554 10.495
-3.333 -11.364
10.346 6.429
-11.919 1.470
7.368 -9.788
1.005 12.066
-9.790 -8.419
13.122 -0.523
-9.302 9.058
1.313 -12.535
7.449 9.530
-12.562 -2.501
10.566 -7.514
-3.370 11.883
-5.576 -10.866
11.649 4.127
-11.574 5.064
5.294 -11.668
4.178 12.324
-11.244 -6.794
12.243 -2.640
-7.360 10.730
-1.797 -12.964
9.315 8.766
-13.426 0.585
9.169 -9.814
-0.099 13.430
-9.223 -10.573
13.453 1.255
-10.623 7.040
2.629 -13.693
6.994 11.198
-12.959 -4.216
12.767 -5.590
-5.534 13.041
-5.135 -13.411
12.359 5.881
-13.134 4.206
7.011 -12.087
2.585 13.279
-11.389 -9.264
14.112 -2.079
-9.213 10.900
0.005 -14.658
9.513 11.016
-13.913 -1.137
11.002 -9.395
-2.159 14.527
-7.340 -12.023
14.026 3.165
-13.245 6.495
4.852 -14.261
5.854 13.100
-13.452 -6.066
14.794 -4.853
-7.300 12.854
-3.097 -15.037
11.263 8.590
-14.995 1.447
9.471 -12.157
1.413 14.567
-10.978 -11.071
15.343 0.576
-11.133 9.371
1.778 -15.308
9.304 12.838
-15.853 -3.703
12.811 -7.521
-4.448 14.491
-6.581 -14.399
14.027 6.526
-14.525 5.243
7.552 -14.089
3.684 14.698
-12.785 -7.815
16.278 -2.787
-9.764 12.565
-1.545 -15.902
12.062 10.231
-15.931 -0.170
11.757 -11.293
-0.673 15.559
-10.069 -13.038
15.819 3.050
-14.158 8.968
3.846 -15.795
7.480 14.513
-15.228 -6.120
14.404 -6.601
-7.213 14.718
-4.838 -15.660
15.163 7.872
-16.052 3.015
9.412 -13.952
2.606 16.152
-13.265 -10.427
16.859 -1.019
-12.418 12.260
0.999 -16.939
11.041 12.023
-15.806 -1.892
13.104 -9.541
-2.968 16.826
-8.607 -14.401
15.639 4.997
-15.181 7.498
7.112 -15.846
5.255 16.614
-15.046 -8.353
16.789 -5.179
-10.277 14.263
-2.524 -17.439
13.690 10.978
-17.219 1.171
12.032 -13.066
0.349 17.099
-12.065 -12.534
17.312 2.128
-13.567 10.841
2.765 -17.198
9.399 14.960
-17.101 -5.093
16.041 -7.169
-6.996 17.244
-6.441 -17.487
16.924 8.399
-16.634 4.724
9.347 -15.766
3.907 18.007
-15.086 -10.163
18.520 -1.753
-12.308 14.226
-0.461 -18.276
12.497 12.972
-18.039 -0.441
13.848 -11.226
-2.749 18.914
-11.306 -14.910
17.403 4.457
-16.220 9.498
5.667 -18.403
6.964 16.185
-17.011 -6.905
18.487 -5.904
-8.644 16.433
-4.717 -17.884
15.939 10.322
-19.310 2.622
11.447 -15.182
1.857 19.283
-13.633 -13.783
19.238 0.573
-13.959 13.451
1.681 -19.689
11.052 15.440
-18.623 -4.142
