-15.05777, 6.07649
-17.36479, 3.07261
-18.46790, -2.75227
-18.59096, -5.19907
-16.63225, -3.07227
-16.32187, -6.24513
-14.63655, -6.77228
-14.80308, -4.26117
-19.41951, 1.25652
-15.58632, 2.93708
-15.54522, 1.16701
-12.57482, -0.40584
-12.00430, 1.52504
-13.78818, 2.30955
-12.08199, 4.74506
-14.30993, 4.19829
-12.06768, -9.71590
-12.84402, -11.34677
-8.88523, -11.08214
-10.62829, -8.73083
-6.98137, -10.78120
-8.54313, -8.77348
-10.39350, -6.82401
-12.88212, -6.46362
-12.76580, -4.43698
-12.90343, -2.66533
-14.22429, -1.40739
-16.52893, -1.23018
-17.57047, 0.98710
-15.91423, -8.52983
-14.00579, -8.63903
-14.45527, -12.25839
-8.66697, -1.52726
-9.45241, 0.21285
-10.97536, -1.65373
-10.58366, 2.72216
-8.08439, 1.32325
-6.89528, -0.30214
-6.09256, 1.37599
-3.50642, 2.30573
-10.09190, -3.31734
-10.77891, -4.95811
-8.38986, -6.83706
-7.73546, -5.10718
-5.98826, -4.68773
-4.46668, -3.58334
-7.71477, -3.05195
-5.16909, -1.49842
-7.04851, -17.68736
-5.54013, -16.78454
-7.88962, -14.34980
-5.98494, -14.70313
-4.14669, -12.54739
-4.97591, -11.04721
-6.64236, -13.01836
-9.29664, -12.84920
-4.01938, 4.09160
-6.63182, 3.38045
-8.45961, 3.31394
-8.33891, 6.34756
-9.30235, 4.88405
-10.67090, -13.97139
-13.07931, -13.88952
-9.01915, -15.63238
-2.30418, -5.70397
-2.74408, -3.74059
-4.67164, -5.92613
-2.58720, -14.15758
-3.79641, -15.93078
-2.90246, -17.43412
-1.15325, -17.39877
0.51986, -18.45778
-5.84757, -7.61967
-5.75907, -9.38846
-3.66650, -7.42788
-3.01478, -10.08145
-0.35745, -9.80873
-1.41484, -7.48908
0.18943, -6.62830
-0.31699, -3.38088
3.53507, -11.25027
4.03504, -7.66273
6.03769, -8.96751
6.82122, -7.28862
5.29909, -6.39744
3.07682, -5.64861
2.13634, -3.04126
0.86391, -4.83247
-0.08118, -15.17602
0.65717, -13.52944
0.06943, -11.66954
-1.13818, -13.01018
-1.66941, -11.27596
2.16787, -7.20959
0.71048, -8.35900
1.48835, -10.03301
6.10686, -10.78306
3.28160, -13.03507
1.88457, -11.97045
8.45534, -11.37397
7.77332, -13.03495
10.49142, -12.59128
10.92319, -15.09401
12.27538, -13.92094
2.09539, -14.49611
1.32188, -16.35434
2.80244, -19.22710
3.73025, -16.73254
7.19876, -17.73799
4.32761, -14.97838
6.91592, -15.65136
5.54135, -13.58484
13.00900, -6.48211
12.46672, -9.88481
14.96121, -8.95242
15.74385, -7.32039
16.74776, -9.74454
18.02730, -5.34258
15.84598, -5.37275
10.82025, -2.98664
13.36979, -11.38679
15.30801, -10.88277
10.17211, -10.77735
9.67695, -8.63646
7.85399, -8.89899
11.94918, -4.29662
11.16233, -6.59179
11.51256, -8.40209
16.96039, 2.99442
14.87621, 2.14319
13.11937, 2.59999
11.54210, 7.18779
14.48571, 7.38319
11.56864, 5.43298
13.21665, 4.42747
15.40645, 3.96343
11.87112, 1.41098
13.74844, -0.96403
14.42962, -3.16816
15.31596, -1.63786
16.54195, -3.65903
17.26870, -0.59472
16.25384, 0.91413
19.39022, 2.04991
5.12346, -4.59023
7.13809, -4.43022
8.65553, -6.90760
9.78609, -5.09537
12.45853, -2.17517
10.50325, 0.08083
9.79714, -1.52091
5.89472, -1.16757
14.84788, 5.61416
17.38475, 4.72908
17.11000, 8.47305
15.36760, 9.01525
14.80588, 10.76926
13.26901, 9.56169
4.59803, -2.86764
7.62373, -2.73937
9.74760, 7.16124
7.29784, 6.21788
8.07549, 7.85026
7.95909, 13.36087
7.43355, 10.48610
8.80733, 11.72381
9.25411, 9.24909
11.62530, 9.10288
6.51009, 3.89570
5.05361, 1.94243
6.62338, 1.11847
8.09950, 3.13411
8.20695, -0.65942
9.08570, 1.20423
11.60481, 3.63279
9.08031, 4.62226
0.88665, -1.49040
3.00719, -0.80033
1.42691, 0.33835
4.77585, 0.21969
3.24560, 2.13397
0.18993, 2.20631
-1.88557, 3.10319
-3.46790, 0.56171
10.52126, 10.62944
12.58836, 11.67936
12.17379, 13.46732
10.33710, 13.31723
9.90659, 16.62326
-0.96905, 0.83016
-2.77500, -1.95420
-0.94095, -1.72774
4.40854, 11.03064
1.40964, 10.32085
0.46399, 11.83325
2.91512, 15.55639
1.70797, 14.19947
2.75458, 11.87196
4.19791, 13.40532
6.40375, 12.48020
-0.00759, 3.95311
0.66390, 6.00820
3.03690, 5.08514
4.46756, 3.91730
2.91173, 7.37520
4.73540, 7.21243
5.25868, 8.88258
2.85882, 9.23091
-4.10345, 6.25346
-1.48548, 4.98854
-0.97285, 6.73803
0.39237, 7.97655
-2.38243, 7.80955
-0.89213, 9.30090
-4.41857, 9.84849
-6.05946, 8.99430
6.60800, 15.06043
8.68412, 15.07455
7.37595, 17.16426
4.87441, 15.98395
2.04090, 18.51515
-7.77450, 8.12629
-5.74290, 7.29786
-6.55026, 5.18979
-1.79906, 17.53239
-3.99099, 17.83820
-2.34851, 15.77246
-10.75824, 13.63341
-10.73985, 11.83407
-7.96345, 10.04030
-8.18191, 12.68239
-5.86883, 12.64473
-5.08135, 16.22664
-3.54674, 14.19216
-4.28516, 11.84445
-2.43700, 11.63665
-1.38023, 12.98491
-0.64019, 15.32990
0.89885, 16.32921
0.23622, 18.49212
-11.29571, 7.30533
-9.50261, 7.70751
-9.75509, 10.02318
-12.14303, 9.47344
-12.50303, 11.26177
-12.89518, 13.04353
-14.76956, 11.92590
-14.89164, 9.75211
-7.58267, 14.38067
-5.44171, 14.42993
-6.85002, 16.03748
-6.38886, 18.71268
-9.96729, 16.48467
-16.19364, 7.53272
-14.15837, 8.13658
-12.94391, 6.46409
