-0.991 -1.659
1.491 0.269
-0.846 0.944
0.808 -1.532
0.389 2.202
-2.828 -1.747
2.975 -0.935
-1.656 3.247
-0.492 -3.368
3.392 1.949
-3.365 0.794
1.972 -3.115
0.247 4.001
-2.904 -3.562
4.844 -0.049
-3.336 2.542
0.596 -4.851
3.364 4.888
-5.230 -1.195
4.467 -3.106
-1.164 5.076
-2.626 -5.520
5.181 1.673
-5.968 1.748
2.752 -5.766
1.049 5.992
-4.626 -3.293
5.855 -1.506
-3.712 4.349
-0.168 -6.600
4.726 3.637
-6.880 0.166
4.856 -4.868
-0.556 6.801
-4.996 -5.585
6.698 0.746
-6.396 3.818
1.743 -7.286
3.404 7.188
-7.864 -2.548
7.469 -3.202
-3.692 6.483
-1.817 -7.381
6.740 3.522
-7.919 1.808
4.935 -6.661
0.897 7.944
-6.202 -4.289
8.160 -1.127
-6.215 5.596
0.244 -8.368
5.194 6.903
-8.704 -0.961
6.865 -4.857
-1.880 7.997
-4.050 -7.160
8.287 2.662
-8.212 3.836
3.557 -7.854
3.426 9.060
-8.002 -4.613
9.727 -2.070
-5.264 7.616
-0.943 -9.714
7.681 5.763
-9.371 0.779
6.413 -7.694
-0.311 9.387
-6.248 -7.213
9.160 0.680
-7.872 6.881
0.899 -10.058
5.830 8.572
-10.215 -2.667
9.517 -5.655
-3.771 10.132
-3.590 -9.849
9.379 4.112
-10.363 3.391
5.500 -9.273
2.072 10.208
-8.769 -6.316
10.553 -0.517
-7.218 8.611
-0.619 -11.591
8.609 7.351
-11.018 -0.947
8.254 -7.384
-1.726 11.748
-6.283 -8.987
11.831 2.908
-8.957 5.472
2.876 -11.414
5.132 10.736
-11.036 -4.304
10.657 -3.612
-5.474 9.377
-2.340 -11.139
10.209 6.558
-11.872 2.234
7.357 -9.320
1.227 11.779
-9.015 -8.191
11.988 0.706
-9.014 8.297
1.190 -12.049
8.110 10.048
-13.001 -1.854
10.784 -7.230
-3.554 12.092
-5.607 -10.718
11.904 4.727
-11.749 5.483
5.460 -11.080
3.523 11.694
-10.713 -6.162
12.298 -2.892
-7.313 10.521
-1.885 -12.876
9.833 8.712
-12.519 0.386
9.176 -9.226
-0.573 13.076
-7.580 -10.303
13.311 1.848
-10.790 7.997
2.522 -13.192
7.163 12.064
-13.006 -3.663
11.719 -5.007
-5.058 12.994
-4.857 -12.277
11.985 6.486
-13.566 3.194
7.797 -11.828
2.630 14.118
-11.094 -8.015
13.678 -1.766
-9.078 10.623
-0.145 -13.527
9.529 11.168
-14.256 -0.503
11.029 -9.058
-2.651 14.416
-7.368 -12.553
13.480 3.630
-12.517 7.255
4.746 -13.899
5.049 13.150
-13.224 -5.645
14.200 -3.998
-7.346 13.151
-3.393 -13.941
12.135 8.395
-15.427 2.103
9.500 -11.325
0.331 15.349
-9.527 -10.482
15.010 1.284
-11.510 10.248
1.240 -14.582
8.799 12.870
-14.987 -3.337
12.641 -7.207
-4.512 14.736
-6.834 -14.307
14.924 6.504
-13.958 5.085
6.991 -13.450
3.874 15.350
-12.619 -8.951
15.233 -2.535
-9.971 12.494
-0.970 -15.121
11.164 9.994
-16.514 -0.197
11.872 -10.596
-1.351 15.920
-10.017 -12.240
15.638 3.043
-13.602 8.985
3.470 -15.182
7.550 14.641
-15.009 -5.855
15.545 -6.265
-6.634 14.842
-4.738 -15.625
13.873 8.768
-15.359 3.893
9.751 -13.174
1.931 16.276
-13.493 -10.480
16.333 -0.067
-11.776 12.024
0.352 -16.357
11.164 12.650
-16.766 -2.042
14.428 -9.817
-4.040 16.480
-8.689 -13.819
15.204 4.714
-14.611 7.019
5.956 -16.014
5.866 15.718
-14.480 -7.738
16.286 -4.634
-9.856 14.302
-2.169 -17.289
13.291 10.932
-17.448 2.064
12.683 -12.173
-0.666 17.608
-11.484 -13.269
17.148 1.957
-14.193 10.680
2.743 -16.881
9.604 14.506
-16.643 -5.219
15.302 -8.213
-5.825 16.416
-6.544 -16.411
15.901 8.097
-17.071 4.155
9.994 -15.698
3.179 18.362
-15.129 -11.316
17.213 -1.644
-12.039 13.819
-0.592 -18.416
13.003 12.720
-18.532 -1.619
14.674 -11.771
-2.846 18.059
-9.950 -15.015
17.663 3.690
-15.647 8.542
6.118 -18.107
8.429 16.706
-16.312 -7.526
17.669 -6.414
-8.896 17.077
-3.928 -17.176
15.485 9.863
-19.249 2.470
11.468 -14.603
1.411 18.442
-13.814 -13.030
19.466 0.907
-14.000 12.867
1.655 -19.301
10.921 16.018
-18.819 -4.037
16.157 -10.710
-5.207 19.063
-8.083 -17.182
17.569 7.435
