-1.324 -1.408
1.514 -0.057
-0.624 1.104
0.460 -1.670
0.853 2.067
-3.138 -1.099
2.705 -1.552
-0.920 3.527
-1.203 -3.184
3.732 1.175
-3.116 1.498
1.257 -3.466
1.101 3.855
-3.601 -2.856
4.721 -1.088
-2.712 3.199
-0.459 -4.866
4.335 4.052
-5.365 -0.044
3.696 -3.993
-0.046 5.208
-3.750 -4.827
5.420 0.521
-5.454 2.989
1.449 -6.223
2.311 5.626
-5.225 -2.223
5.395 -2.729
-2.692 5.045
-1.581 -6.410
5.397 2.537
-6.684 1.639
3.698 -5.797
0.918 6.761
-6.079 -4.382
6.702 -0.710
-5.427 5.103
0.138 -7.490
4.868 6.289
-8.228 -0.800
6.607 -4.731
-2.214 7.125
-3.360 -6.818
7.339 1.992
-7.346 3.466
3.390 -7.565
2.582 7.566
-6.978 -2.857
7.728 -2.853
-4.868 6.800
-1.559 -8.226
6.556 5.627
-8.707 0.931
5.662 -6.218
-0.119 8.214
-5.493 -6.123
8.665 0.820
-7.196 5.510
1.788 -8.435
5.291 8.113
-8.806 -2.787
9.055 -4.110
-3.506 8.569
-3.007 -9.285
8.740 3.980
-8.985 2.773
4.612 -8.892
1.712 9.235
-7.651 -5.703
9.092 -1.303
-6.211 8.411
-1.282 -10.016
7.535 7.120
-10.549 -0.411
8.081 -7.567
-1.507 10.706
-5.621 -8.849
10.043 2.002
-9.393 5.538
3.381 -10.238
4.216 9.525
-9.921 -4.286
10.195 -2.771
-5.200 9.960
-3.093 -11.188
9.986 5.331
-10.965 1.441
6.476 -8.985
0.837 11.845
-8.066 -7.429
12.179 0.299
-7.573 7.268
0.358 -11.765
7.318 9.383
-11.703 -1.833
9.633 -5.817
-3.333 10.334
-4.678 -10.376
11.379 4.213
-11.116 4.731
5.184 -10.682
3.728 11.241
-10.564 -6.064
11.860 -1.885
-7.022 10.040
-1.425 -12.023
10.078 8.072
-13.096 0.981
8.980 -9.377
-0.875 12.573
-7.778 -9.264
12.641 2.061
-10.297 7.878
2.953 -11.994
5.952 10.665
-11.786 -3.718
11.390 -5.465
-4.883 11.846
-4.606 -12.171
11.474 6.397
-12.144 3.065
6.981 -10.981
2.248 12.894
-9.615 -8.435
13.397 -1.054
-8.821 10.128
-0.370 -13.425
9.586 10.245
-13.489 -0.785
10.371 -7.406
-2.150 13.777
-7.380 -10.947
13.098 3.762
-12.564 6.032
5.076 -13.226
5.600 13.224
-12.557 -5.446
12.979 -4.662
-6.585 12.324
-3.046 -13.181
11.705 8.861
-14.031 2.570
8.827 -11.215
0.506 14.649
-9.891 -10.678
13.945 0.651
-10.667 9.774
1.650 -14.594
7.755 11.760
-14.128 -2.674
13.010 -6.953
-4.351 14.422
-6.307 -12.887
13.655 5.593
-14.615 5.366
6.847 -13.100
3.619 14.920
-11.556 -8.192
14.936 -1.969
-9.041 12.481
-1.920 -14.508
11.357 10.681
-15.354 -0.041
10.799 -9.754
-1.243 15.361
-9.747 -12.506
15.973 3.147
-12.541 7.964
3.939 -14.638
7.080 14.160
-14.246 -6.033
14.334 -5.747
-7.056 14.344
-4.194 -14.560
13.049 7.364
-16.171 3.353
9.319 -12.898
2.099 15.839
-12.412 -9.804
15.927 -0.386
-11.356 11.696
0.129 -15.573
10.518 12.679
-15.916 -2.496
13.837 -9.457
-3.292 15.920
-7.982 -14.243
15.432 5.584
-14.165 7.100
6.695 -14.961
5.381 15.481
-15.429 -7.338
15.937 -3.573
-8.919 14.272
-3.168 -16.051
13.620 9.957
-16.813 1.606
11.983 -12.686
-0.407 16.963
-11.454 -11.630
15.862 1.340
-12.763 9.992
2.379 -16.919
9.104 14.092
-15.804 -4.448
14.911 -8.023
-6.555 16.085
-5.831 -16.420
15.328 7.823
-16.598 5.762
9.773 -14.613
3.131 17.340
-14.065 -10.493
17.168 -1.771
-11.568 13.478
-0.945 -17.076
12.495 12.105
-17.376 -1.523
13.181 -11.308
-2.164 17.284
-9.915 -14.623
17.269 4.493
-15.781 7.724
6.390 -17.477
7.047 17.251
-17.206 -7.803
16.459 -5.302
-8.791 16.082
-4.533 -17.859
15.431 9.631
-18.447 2.398
11.804 -14.647
1.098 18.249
-12.942 -12.528
18.043 -0.188
-13.448 11.702
2.087 -18.998
11.820 14.506
-17.548 -3.847
15.879 -10.059
-5.022 18.589
-7.525 -15.932
17.242 6.307
-18.269 6.546
8.065 -16.725
5.339 17.709
-16.290 -9.759
19.207 -3.294
-10.910 15.573
-2.529 -19.206
14.106 13.299
-19.247 0.098
13.481 -13.929
-0.993 19.736
-11.584 -15.045
18.756 3.489
