14.44507, -7.41621
17.01485, -4.63378
18.64134, 1.06715
18.98566, 3.49273
16.84224, 1.55221
16.82071, 4.74014
15.19010, 5.41786
15.12836, 2.90199
19.22571, -3.01139
15.25598, -4.33762
15.37547, -2.57111
12.55985, -0.73552
11.81668, -2.60674
13.52211, -3.54970
11.60221, -5.82056
13.87053, -5.47796
12.89859, 8.58219
13.81954, 10.13599
9.85307, 10.23124
11.37584, 7.73163
7.92977, 10.10409
9.30313, 7.96308
10.96920, 5.85394
13.41492, 5.26948
13.11540, 3.26173
13.09189, 1.48489
14.29330, 0.11241
16.57240, -0.27294
17.40870, -2.57550
16.62182, 7.05238
14.73112, 7.33409
15.50679, 10.89782
8.76972, 0.73546
9.39422, -1.06867
11.08008, 0.65220
10.29338, -3.67018
7.93119, -2.05051
6.89429, -0.32404
5.94278, -1.92251
3.28302, -2.61404
10.35102, 2.38903
11.18392, 3.96079
8.97499, 6.04853
8.16650, 4.38507
6.38848, 4.12571
4.77307, 3.16376
7.95962, 2.34018
5.28362, 1.02376
8.62255, 16.97574
7.03855, 16.21335
9.15771, 13.57568
7.29289, 14.10019
5.26683, 12.11993
5.95667, 10.55076
7.79491, 12.36277
10.42293, 11.95374
3.63200, -4.43905
6.29815, -3.96759
8.12445, -4.06702
7.72929, -7.07721
8.82141, -5.70705
11.89325, 12.94676
14.28432, 12.64695
10.39884, 14.75062
2.81166, 5.47166
3.07180, 3.47650
5.18952, 5.47834
3.85969, 13.86483
5.22463, 15.52114
4.47061, 17.09931
2.72540, 17.22264
1.15515, 18.42893
6.51410, 7.05833
6.58627, 8.82787
4.32462, 7.06501
3.91608, 9.76672
1.24497, 9.73597
2.08777, 7.33003
0.41209, 6.61819
0.62211, 3.33824
-2.50088, 11.52436
-3.32394, 7.99690
-5.20009, 9.47781
-6.13256, 7.87685
-4.69746, 6.85138
-2.55221, 5.90422
-1.85191, 3.22237
-0.42237, 4.89088
1.45629, 15.10620
0.57174, 13.53332
0.98850, 11.62780
2.31264, 12.85348
2.68451, 11.07825
-1.50552, 7.37639
0.05004, 8.38899
-0.57291, 10.12661
-5.10443, 11.29216
-2.08670, 13.27884
-0.79190, 12.09199
-7.38969, 12.09349
-6.55994, 13.68581
-9.30706, 13.49032
-9.51023, 16.02189
-10.96317, 14.97620
-0.77294, 14.62636
0.16580, 16.40684
-1.04830, 19.40196
-2.19839, 17.00176
-5.56150, 18.31743
-2.95227, 15.30896
-5.46893, 16.21375
-4.28732, 14.03116
-12.36797, 7.63447
-11.51952, 10.97402
-14.08826, 10.27155
-15.01559, 8.71717
-15.79566, 11.22233
-17.46889, 6.95445
-15.29382, 6.78680
-10.50503, 3.95501
-12.28275, 12.55167
-14.25867, 12.22538
-9.15347, 11.65492
-8.85438, 9.47796
-7.01513, 9.57419
-11.51059, 5.36192
-10.51896, 7.57634
-10.70368, 9.41092
-17.16198, -1.44493
-15.00923, -0.78610
-13.30102, -1.40025
-12.14605, -6.11212
-15.09525, -6.03993
-12.01343, -4.36213
-13.56353, -3.21139
-15.70226, -2.55079
-11.95014, -0.32926
-13.60449, 2.20612
-14.08310, 4.46291
-15.10448, 3.01925
-16.14224, 5.14321
-17.14373, 2.15738
-16.26979, 0.56276
-19.49620, -0.28409
-4.68635, 5.03569
-6.70719, 5.05893
-7.99386, 7.66364
-9.28401, 5.96134
-12.21012, 3.29537
-10.46735, 0.87144
-9.61897, 2.40259
-5.76464, 1.69702
-15.29560, -4.24536
-17.74181, -3.13400
-17.80752, -6.88746
-16.12143, -7.58534
-15.72099, -9.38305
-14.08100, -8.31973
-4.31920, 3.27257
-7.34407, 3.41906
-10.35652, -6.24832
-7.83135, -5.53087
-8.75374, -7.08605
-9.13726, -12.58453
-8.35334, -9.76922
-9.83365, -10.87732
-10.05430, -8.37230
-12.40247, -8.01178
-6.83637, -3.28964
-5.20886, -1.47642
-6.69750, -0.51357
-8.35021, -2.38714
-8.11341, 1.40052
-9.15745, -0.37581
-11.88630, -2.56607
-9.46186, -3.78027
-0.74792, 1.56462
-2.92228, 1.06958
-1.45170, -0.20764
-4.77611, 0.21406
-3.42565, -1.83103
-0.38911, -2.18001
1.59656, -3.26131
3.40272, -0.87371
-11.44133, -9.63213
-13.59508, -10.49038
-13.34427, -12.30855
-11.50154, -12.32555
-11.37243, -15.65699
0.88982, -0.91457
2.94070, 1.69465
1.09367, 1.63535
-5.39013, -10.58569
-2.33924, -10.15061
-1.53456, -11.74250
-4.31304, -15.22816
-2.98788, -13.98624
-3.81923, -11.57345
-5.39560, -12.96968
-7.50851, -11.84845
-0.35072, -3.93753
-1.20571, -5.92330
-3.48528, -4.78897
-4.80421, -3.49628
-3.56818, -7.08095
-5.36959, -6.75356
-6.04208, -8.36942
-3.68368, -8.93381
3.51980, -6.59963
1.02724, -5.10264
0.35816, -6.79848
-1.11369, -7.90816
1.66483, -7.99333
0.04550, -9.34348
3.50779, -10.20843
5.21934, -9.50647
-7.94576, -14.39954
-10.01463, -14.22545
-8.90124, -16.42511
-6.30302, -15.47638
-3.71058, -18.25397
7.00600, -8.79747
5.05784, -7.78832
6.05293, -5.76210
0.20265, -17.62329
2.35784, -18.12650
0.90935, -15.92039
9.47833, -14.55234
9.62310, -12.75874
7.02070, -10.72073
6.99880, -13.37174
4.69865, -13.12460
3.58977, -16.62040
2.24587, -14.45520
3.19403, -12.18408
1.37231, -11.80963
0.19769, -13.05656
-0.75183, -15.32483
-2.37511, -16.18054
-1.91124, -18.39461
10.58712, -8.29903
8.76495, -8.53703
8.80651, -10.86606
11.23445, -10.53501
11.43089, -12.34860
11.65994, -14.15858
13.62790, -13.21542
13.94649, -11.06164
6.24810, -15.00873
4.11149, -14.86374
5.36831, -16.59231
4.66659, -19.21471
8.43223, -17.32019
15.44428, -8.96939
13.36266, -9.38630
12.30478, -7.61063
