1.761 0.797
-1.378 0.630
0.156 -1.259
0.211 1.719
-1.576 -1.586
3.320 -0.179
-1.909 2.465
-0.494 -3.611
2.326 2.485
-3.898 0.336
2.310 -2.572
0.158 3.683
-2.487 -3.145
4.418 1.268
-3.950 2.805
1.288 -3.992
2.279 4.324
-5.552 -2.094
4.977 -2.004
-1.896 5.100
-1.942 -4.833
5.307 3.034
-5.209 1.584
3.903 -4.841
1.031 6.305
-4.281 -4.321
5.678 0.064
-3.948 4.579
0.566 -5.690
3.905 5.323
-5.956 -0.289
5.555 -4.062
-1.210 6.769
-3.425 -5.901
7.290 1.735
-5.926 3.210
3.073 -6.785
2.727 6.977
-6.897 -3.960
7.912 -2.396
-4.306 6.892
-0.668 -7.431
5.705 5.023
-7.544 0.954
5.471 -6.004
-0.251 8.286
-5.270 -6.011
7.541 -0.017
-6.057 5.582
1.910 -8.142
4.576 7.011
-8.205 -2.704
7.695 -4.178
-2.865 7.907
-3.021 -7.640
7.412 3.568
-8.324 2.543
4.554 -7.837
1.561 8.480
-7.984 -5.485
9.204 -0.779
-6.806 7.251
-0.024 -9.258
6.318 7.439
-9.597 -0.349
7.250 -5.988
-0.875 9.978
-5.102 -7.885
9.247 2.357
-7.910 4.669
2.537 -10.143
5.002 8.772
-9.679 -3.712
9.910 -3.640
-4.588 10.075
-2.686 -10.472
8.569 6.039
-10.048 1.976
6.574 -8.699
0.776 10.754
-7.527 -7.199
10.805 0.182
-8.370 6.447
1.013 -11.190
7.123 9.165
-11.264 -1.123
9.588 -5.511
-2.563 10.774
-5.288 -10.632
10.288 3.794
-11.374 4.364
4.232 -9.605
4.152 11.014
-10.341 -5.887
11.519 -2.765
-6.689 9.048
-0.857 -10.825
8.279 7.811
-12.126 0.441
8.474 -8.610
-0.722 11.852
-7.730 -8.972
12.078 1.580
-10.247 6.262
2.667 -11.958
5.900 10.573
-12.394 -3.623
11.734 -5.897
-4.729 12.092
-3.983 -11.958
10.721 5.601
-12.473 2.912
6.518 -11.208
1.840 12.214
-9.567 -7.592
12.313 -1.054
-8.448 9.393
0.001 -12.813
8.896 9.497
-13.046 -1.542
10.060 -7.462
-2.270 12.813
-6.992 -11.064
12.104 4.134
-11.985 6.080
4.296 -12.725
5.458 12.272
-12.767 -5.819
12.770 -4.415
-6.766 10.799
-3.262 -13.556
10.995 7.309
-13.543 1.514
9.317 -10.365
0.347 14.162
-10.217 -10.092
13.685 0.250
-10.224 9.256
1.391 -13.903
7.839 11.025
-14.199 -3.732
11.993 -7.723
-3.887 13.732
-6.050 -13.351
13.214 6.103
-13.141 4.712
6.138 -13.101
4.035 14.122
-11.651 -7.917
14.081 -2.912
-9.378 11.386
-1.473 -14.992
10.742 9.511
-14.756 0.032
11.467 -10.531
-1.338 14.721
-9.032 -12.415
13.806 3.171
-13.058 7.512
3.603 -14.984
7.304 12.682
-14.570 -5.547
14.211 -5.813
-6.267 13.133
-4.705 -14.676
13.777 7.848
-15.967 3.177
8.560 -12.142
1.936 15.035
-11.942 -10.394
15.470 0.149
-11.062 10.775
1.057 -15.950
9.426 11.863
-14.871 -1.836
13.673 -9.263
-3.701 15.476
-7.976 -13.844
15.211 4.334
-14.578 6.426
6.042 -15.141
5.815 14.447
-14.556 -7.714
15.666 -3.757
-9.189 14.016
-3.023 -15.973
12.807 10.126
-16.396 0.718
10.390 -11.962
-0.488 16.383
-10.875 -12.263
17.061 0.905
-13.373 9.377
2.808 -16.594
9.046 13.632
-16.387 -4.016
14.932 -7.892
-6.245 16.295
-6.088 -15.838
15.022 6.388
-15.176 4.806
7.992 -14.102
4.248 16.549
-13.787 -9.559
16.307 -1.910
-10.728 13.099
-0.069 -17.369
11.648 12.959
-17.153 -1.392
13.150 -11.652
-3.467 17.235
-9.502 -14.839
17.002 4.342
-15.198 8.180
5.559 -16.869
7.381 15.427
-16.165 -6.431
16.645 -5.213
-7.877 15.477
-4.586 -16.805
14.739 9.741
-17.678 2.426
11.647 -13.155
0.752 18.594
-13.089 -13.264
18.882 0.658
-13.197 11.174
1.999 -18.219
10.997 14.784
-17.937 -3.024
16.141 -9.247
-5.332 18.040
-7.969 -16.453
16.740 6.651
-16.610 7.050
7.974 -15.944
5.310 18.360
-16.456 -8.907
17.690 -3.130
-10.848 15.351
-2.441 -19.100
13.029 11.862
-18.344 0.739
14.397 -13.014
-1.083 18.537
-11.684 -14.338
18.779 2.815
-16.502 10.365
4.153 -18.555
9.657 16.793
-18.109 -6.920
17.757 -7.425
-7.155 18.016
-6.603 -18.625
16.443 9.496
-18.671 3.922
