-1.766 0.784
0.446 -1.448
0.836 0.954
-1.424 -0.986
2.233 -0.122
-2.074 2.598
-0.571 -3.065
3.025 2.034
-3.402 0.084
2.342 -3.134
0.384 3.436
-2.855 -2.332
4.002 0.235
-3.885 2.455
0.533 -4.815
2.123 3.617
-4.744 -1.175
5.257 -2.752
-1.814 5.049
-2.547 -4.808
4.900 1.765
-5.796 1.944
2.283 -4.943
1.018 6.135
-5.394 -3.424
6.074 -0.322
-3.825 4.197
-0.792 -5.994
3.872 4.208
-6.572 -0.626
4.178 -4.255
-0.662 6.850
-4.249 -5.406
6.685 1.368
-6.145 4.289
1.545 -6.560
3.022 6.808
-7.024 -2.605
7.545 -2.516
-3.475 7.501
-2.281 -7.800
5.993 4.444
-7.546 0.918
4.306 -6.268
0.843 8.078
-6.020 -5.699
7.994 0.064
-5.003 5.642
-0.138 -8.236
4.809 6.842
-8.278 -1.248
7.477 -4.327
-1.999 8.525
-3.997 -7.399
7.714 2.827
-7.595 3.160
3.638 -7.907
2.822 8.613
-7.370 -4.475
9.406 -2.312
-5.541 7.390
-0.886 -9.905
6.929 6.141
-9.757 -0.231
6.644 -6.933
-0.352 9.397
-6.868 -7.291
9.282 1.436
-7.911 5.336
1.776 -9.012
5.885 8.642
-9.877 -2.101
9.210 -4.758
-3.875 9.821
-4.471 -10.128
9.606 4.961
-10.209 2.380
5.209 -8.817
2.122 10.695
-8.545 -6.574
10.383 -0.831
-7.324 7.947
0.754 -10.538
7.681 8.200
-11.582 -0.778
8.332 -7.663
-2.264 10.825
-6.339 -9.081
11.456 3.125
-9.677 5.158
4.308 -11.396
4.356 9.550
-10.985 -4.227
11.274 -3.805
-5.598 10.439
-2.306 -11.014
8.652 6.561
-11.339 0.985
7.737 -9.347
0.791 12.055
-8.369 -8.423
11.841 0.197
-9.214 7.966
2.141 -11.817
7.154 9.946
-11.819 -2.628
10.950 -6.844
-3.403 12.684
-5.882 -11.575
11.578 4.981
-11.314 4.279
6.123 -11.250
4.032 12.322
-10.344 -6.752
12.033 -2.093
-7.404 9.895
-1.393 -12.557
9.566 8.524
-13.009 0.324
9.830 -8.715
-1.121 12.475
-8.056 -10.218
12.912 2.140
-11.139 6.287
3.434 -12.993
6.643 11.673
-12.793 -4.089
12.837 -5.661
-5.199 12.471
-3.562 -12.236
12.292 6.582
-12.771 3.347
7.879 -11.119
1.541 13.852
-10.805 -9.162
14.331 -0.915
-9.290 10.051
-0.110 -13.791
9.455 10.288
-13.447 -1.481
12.232 -8.119
-2.212 14.092
-7.667 -12.037
13.993 4.364
-13.347 5.806
5.223 -12.946
5.699 13.298
-13.228 -6.381
13.662 -3.432
-7.193 12.450
-2.263 -14.577
12.174 8.873
-14.248 1.693
9.792 -11.039
0.234 15.567
-10.101 -10.792
15.277 1.515
-11.551 8.199
3.078 -14.747
8.791 12.658
-14.328 -2.983
13.834 -7.189
-5.113 14.478
-5.636 -13.416
14.087 6.250
-15.024 5.066
8.250 -14.035
3.371 14.468
-12.513 -8.556
15.704 -2.002
-10.402 11.452
-0.686 -15.427
11.206 11.400
-15.128 -0.854
11.263 -9.882
-2.180 16.371
-9.093 -13.059
15.642 3.254
-13.355 8.474
4.900 -15.159
7.286 14.583
-14.655 -5.269
15.442 -5.736
-7.616 14.196
-4.352 -16.185
13.937 8.369
-16.081 2.826
10.371 -12.719
2.019 15.715
-11.907 -11.263
16.390 0.038
-12.025 12.136
1.895 -16.223
10.522 13.135
-16.196 -2.315
13.899 -9.564
-4.041 16.399
-8.012 -15.502
15.875 5.991
-14.762 6.966
6.507 -14.528
5.213 15.348
-15.182 -7.837
16.309 -3.935
-9.422 13.446
-2.644 -16.724
13.015 11.503
-17.425 0.076
12.450 -11.881
-0.047 17.570
-10.562 -14.054
17.400 2.776
-14.552 9.806
4.003 -16.789
8.897 15.373
-16.429 -4.752
15.555 -7.792
-7.180 15.896
-6.316 -16.177
15.598 7.755
-17.078 4.525
9.948 -14.813
2.074 17.447
-14.383 -11.808
18.611 -0.950
-13.052 13.660
0.436 -17.286
12.273 13.612
-18.354 -1.624
14.190 -11.381
-3.833 18.203
-9.923 -15.982
17.586 4.995
-16.102 8.074
5.786 -17.092
6.600 16.560
-17.241 -8.249
17.597 -6.361
-9.431 15.290
-4.245 -18.311
15.885 10.883
-17.524 1.836
11.651 -14.188
0.139 19.406
-13.120 -13.140
18.478 0.815
-14.595 12.148
3.239 -19.216
11.092 15.444
-18.962 -3.961
17.214 -8.918
-6.268 18.198
-8.691 -17.327
18.299 7.460
-18.028 5.960
9.492 -16.549
