11.98623, 10.95402
10.27406, 14.33251
5.49763, 17.84417
3.34420, 19.01238
4.41588, 16.32699
1.42038, 17.41803
0.21678, 16.12592
2.55334, 15.19109
9.52407, 16.97022
9.38338, 12.78718
7.76932, 13.51494
5.06740, 11.51574
6.56222, 10.16692
8.04050, 11.43670
9.49971, 8.84566
9.96927, 11.09114
-3.54784, 15.08113
-4.68317, 16.48593
-6.15506, 12.80143
-3.28141, 13.35740
-6.70629, 10.95443
-4.22084, 11.49537
-1.66324, 12.32175
-0.26292, 14.41035
1.51450, 13.42977
3.17171, 12.78838
4.87688, 13.43604
6.03250, 15.43787
8.48215, 15.41911
-0.81617, 18.03759
-1.73925, 16.36368
-4.80910, 18.33291
2.36754, 8.47606
4.27621, 8.43253
3.25091, 10.61250
7.02798, 8.36848
4.68650, 6.71901
2.70687, 6.34894
3.87342, 4.89992
3.59446, 2.16593
1.36888, 10.53458
0.18603, 11.86310
-2.54075, 10.52044
-1.26343, 9.18283
-1.64011, 7.42591
-1.30158, 5.57651
0.58110, 8.27613
0.88217, 5.30910
-12.90548, 13.99903
-12.74303, 12.24863
-9.53212, 13.31546
-10.67375, 11.75043
-9.52392, 9.16117
-7.81271, 9.26078
-8.87031, 11.61535
-7.57088, 13.93597
5.42666, 1.85688
5.91411, 4.52015
6.64390, 6.19725
9.32756, 4.77761
8.42401, 6.27883
-7.98911, 15.66021
-6.87464, 17.79681
-10.20074, 14.88830
-4.14842, 4.54258
-2.18771, 4.09095
-3.32582, 6.77364
-11.64987, 8.45051
-12.72652, 10.30719
-14.46855, 10.15057
-15.19248, 8.55780
-16.87045, 7.50651
-4.34501, 8.56588
-5.97841, 9.25034
-5.11446, 6.51605
-7.78913, 7.07488
-8.69139, 4.56057
-6.14257, 4.51187
-6.05947, 2.69316
-2.91202, 1.74671
-11.67331, 1.67304
-8.65398, -0.32797
-10.69599, -1.57025
-9.52047, -3.00229
-8.05908, -2.01465
-6.42355, -0.33409
-3.66579, -0.61254
-4.73136, 1.30894
-13.65115, 6.63055
-12.48524, 5.25322
-10.55397, 4.97963
-11.24121, 6.64796
-9.44770, 6.37771
-7.43854, 1.16011
-7.84541, 2.97107
-9.69119, 2.99287
-12.36320, -0.84816
-13.17338, 2.67281
-11.60964, 3.47269
-13.91085, -2.71077
-15.11408, -1.37802
-15.88842, -4.02099
-18.33203, -3.32898
-17.85838, -5.05530
-13.97845, 4.37387
-15.32004, 5.87437
-18.55052, 5.78043
-16.70174, 3.86583
-19.10718, 1.17225
-15.37789, 2.56917
-17.10317, 0.52573
-14.64559, 0.87244
-11.46678, -8.93111
-14.30113, -6.97180
-14.53811, -9.62430
-13.40446, -11.03528
-16.02441, -10.89320
-12.60745, -13.94915
-11.69214, -11.96893
-7.36873, -8.46757
-16.04588, -7.13724
-16.42880, -9.10297
-14.11459, -4.51680
-11.96991, -4.99530
-11.41900, -3.23786
-9.03790, -8.91965
-10.76778, -7.21833
-12.55169, -6.75198
-4.62788, -16.58928
-4.49500, -14.34189
-3.32394, -12.95489
1.49500, -13.51478
0.39933, -16.25386
-0.09900, -12.78049
-1.71788, -13.83225
-3.08256, -15.60658
-3.85687, -11.31543
-6.80990, -11.98225
-9.09198, -11.64419
-8.09489, -13.10474
-10.44737, -13.33705
-7.99790, -15.31651
-6.19866, -15.05322
-6.52956, -18.37247
-6.35340, -2.63713
-7.07959, -4.52313
-9.96943, -4.82117
-8.82360, -6.62378
-7.34480, -10.29565
-4.46541, -9.50710
-5.60481, -8.17821
-3.59998, -4.81156
-1.35252, -15.81610
-3.24686, -17.72150
0.24829, -19.09144
1.49013, -17.75436
3.31466, -18.00567
2.88969, -16.09790
-4.57288, -2.90759
-5.76456, -5.69168
2.24644, -11.88497
2.45419, -9.26809
3.59032, -10.67473
8.61026, -12.95081
6.24477, -11.23471
6.76739, -13.00843
4.34256, -12.34206
3.18614, -14.41730
0.70035, -7.55429
-0.43184, -5.39681
-1.85320, -6.45646
-0.67323, -8.65859
-4.14079, -7.11637
-2.83979, -8.71411
-1.73810, -12.03527
0.24503, -10.18613
-1.72720, -0.15563
-2.02112, -2.36617
-0.31141, -1.43303
-1.86545, -4.40194
0.52211, -3.84905
1.90765, -1.12460
3.61329, 0.35962
2.00500, 2.88475
5.03989, -14.08125
5.09358, -16.39908
6.88514, -16.79776
7.54340, -15.07652
10.71090, -16.11676
1.16738, 0.51522
-0.56332, 3.34697
-1.15156, 1.59511
8.04292, -8.74195
8.69859, -5.73075
10.47112, -5.53142
12.76968, -9.35064
12.06756, -7.67569
9.51631, -7.61388
10.27549, -9.57806
8.48808, -11.16763
3.56832, -1.70124
5.13153, -3.19478
3.27374, -4.93599
1.60238, -5.72160
5.39308, -5.81261
4.45830, -7.38693
5.73840, -8.58048
7.08947, -6.56672
7.41261, 0.99860
5.14068, -0.81582
6.49693, -2.03406
7.02397, -3.80040
8.07232, -1.22584
8.77333, -3.21423
10.79089, -0.27058
10.72956, 1.57831
10.72676, -12.46670
9.84243, -14.34512
12.29224, -14.06830
12.30868, -11.30234
15.81572, -9.84068
10.68781, 3.50005
9.06287, 2.02584
7.51059, 3.66480
16.58863, -5.95304
17.81152, -4.10843
15.23887, -4.69709
16.94353, 3.81133
15.31288, 4.57222
12.49557, 2.84343
14.97268, 1.89883
13.93927, -0.17090
16.82929, -2.42878
14.33145, -2.93367
12.53327, -1.25332
11.54730, -2.83027
12.30659, -4.36586
14.10162, -6.04649
14.33783, -7.86623
16.57473, -8.20322
11.46890, 7.03031
11.05682, 5.23946
13.25426, 4.46658
13.79029, 6.85764
15.55861, 6.40959
17.33491, 5.99337
17.13688, 8.16666
15.22923, 9.21602
16.24532, 0.62461
15.36466, -1.32745
17.42291, -0.75200
19.63624, -2.32380
19.17314, 1.86604
13.79030, 11.34917
13.45546, 9.25278
11.42240, 8.88020
