-7.18840, -14.55978
-4.36595, -17.08553
1.35982, -18.62227
3.79051, -18.92845
1.81656, -16.81579
5.00376, -16.74418
5.65579, -15.10313
3.13926, -15.08091
-2.70903, -19.27063
-4.09745, -15.32223
-2.32929, -15.41396
-0.53815, -12.56985
-2.42081, -11.85617
-3.33687, -13.57620
-5.63760, -11.69220
-5.25941, -13.95486
8.78373, -12.76220
10.35180, -13.65863
10.38475, -9.69114
7.90936, -11.25300
10.22740, -7.77008
8.10823, -9.17691
6.02551, -10.87590
5.47954, -13.33049
3.46733, -13.06255
1.69035, -13.06695
0.33691, -14.28977
-0.01260, -16.57464
-2.30174, -17.44700
7.31259, -16.50899
7.56457, -14.61411
11.14004, -15.33370
0.87312, -8.75708
-0.92098, -9.40985
0.82616, -11.06847
-3.50804, -10.34976
-1.92568, -7.96242
-0.21571, -6.89853
-1.82893, -5.97224
-2.56215, -3.32367
2.55132, -10.31222
4.13597, -11.12032
6.18876, -8.87888
4.51280, -8.09662
4.22555, -6.32289
3.23835, -4.72279
2.46491, -7.92188
1.10663, -5.26689
17.10909, -8.35484
16.32190, -6.78302
13.71785, -8.94334
14.21300, -7.07052
12.20116, -5.07581
10.64302, -5.79021
12.48368, -7.59977
12.11598, -10.23389
-4.38145, -3.70128
-3.86818, -6.35969
-3.93890, -8.18732
-6.95493, -7.83951
-5.56778, -8.90996
13.13197, -11.68842
12.86976, -14.08391
14.91214, -10.16586
5.51515, -2.72537
3.52432, -3.01682
5.55917, -5.10283
13.92374, -3.64143
15.60129, -4.98019
17.16743, -4.20148
17.26333, -2.45454
18.44480, -0.86554
7.15978, -6.40243
8.93023, -6.44679
7.13207, -4.21311
9.82703, -3.76219
9.75432, -1.09189
7.36192, -1.97237
6.62385, -0.30809
3.34760, -0.56960
11.48365, 2.68158
7.94370, 3.44914
9.39496, 5.34832
7.77955, 6.25553
6.77675, 4.80450
5.86340, 2.64463
3.19288, 1.90230
4.88364, 0.49914
15.12722, -1.21883
13.54063, -0.35910
11.64189, -0.80573
12.88822, -2.11046
11.11905, -2.51017
7.35184, 1.62120
8.38874, 0.08173
10.11636, 0.73190
11.21059, 5.28117
13.24442, 2.29501
12.07806, 0.98174
11.97593, 7.57873
13.58109, 6.77409
13.34247, 9.51781
15.87053, 9.76072
14.80215, 11.19705
14.61241, 1.00259
16.40742, 0.09193
19.38310, 1.35293
16.96513, 2.46517
18.22782, 5.84853
15.26070, 3.19237
16.12585, 5.72293
13.96209, 4.50718
7.43926, 12.48636
10.79172, 11.69047
10.04899, 14.24786
8.48024, 15.15066
10.97283, 15.96999
6.67920, 17.57597
6.54574, 15.39854
3.78952, 10.56586
12.35719, 12.47839
11.99991, 14.44894
11.50971, 9.33541
9.33771, 9.00216
9.46282, 7.16465
5.18046, 11.59339
7.41018, 10.63666
9.24163, 10.85018
-1.71432, 17.13716
-1.02176, 14.99503
-1.60900, 13.27738
-6.30214, 12.04854
-6.27629, 14.99852
-4.55029, 11.94343
-3.42404, 13.51141
-2.79711, 15.66025
-0.51693, 11.94350
1.99216, 13.63746
4.24115, 14.15146
2.78163, 15.15004
4.88902, 16.22103
1.88784, 17.17550
0.30713, 16.27663
-0.59029, 19.48934
4.96146, 4.76487
4.95296, 6.78583
7.53713, 8.11325
5.81478, 9.37650
3.10317, 12.26037
0.70692, 10.47975
2.25120, 9.65552
1.60626, 5.79058
-4.48509, 15.22703
-3.41229, 17.69040
-7.16631, 17.69714
-7.83763, 16.00029
-9.62882, 15.57167
-8.53988, 13.94858
3.20433, 4.37008
3.30328, 7.39687
-6.41022, 10.25710
-5.65319, 7.74351
-7.22267, 8.64136
-12.72650, 8.93847
-9.89922, 8.19886
-11.03044, 9.66158
-8.52919, 9.92155
-8.20560, 12.27510
-3.39662, 6.78386
-1.55805, 5.18503
-0.61871, 6.68860
-2.51800, 8.31169
1.27291, 8.13441
-0.51961, 9.15042
-2.75245, 11.84453
-3.92842, 9.40132
1.55268, 0.77240
1.02355, 2.93872
-0.23041, 1.44826
0.13901, 4.77888
-1.88462, 3.39647
-2.18586, 0.35482
-3.23583, -1.64759
-0.82015, -3.41602
-9.81065, 11.28863
-10.70263, 13.42863
-12.51664, 13.14929
-12.50468, 11.30652
-15.83369, 11.12509
-0.90048, -0.90408
1.74064, -2.91372
1.65233, -1.06785
-10.66904, 5.22319
-10.18611, 2.17952
-11.76515, 1.34993
-15.29403, 4.07331
-14.03144, 2.76782
-11.63201, 3.63697
-13.05283, 5.19121
-11.96493, 7.32147
-3.94255, 0.28883
-5.94151, 1.11252
-4.84312, 3.40962
-3.57131, 4.74870
-7.13612, 3.45652
-6.83707, 5.26285
-8.46329, 5.90988
-8.99057, 3.54290
-6.54352, -3.62302
-5.08587, -1.10726
-6.79201, -0.46491
-7.92468, 0.98933
-7.96620, -1.79018
-9.34161, -0.19225
-10.15207, -3.66770
-9.42332, -5.36802
-14.52257, 7.71861
-14.38099, 9.78995
-16.56290, 8.64214
-15.57348, 6.05915
-18.31001, 3.42340
-8.68634, -7.14332
-7.70791, -5.17955
-5.66631, -6.14269
-17.61793, -0.47944
-18.08723, -2.64227
-15.90415, -1.15930
-14.40167, -9.70574
-12.60601, -9.82232
-10.60913, -7.18823
-13.26016, -7.20797
-13.04918, -4.90423
-16.56196, -3.85039
-14.41814, -2.47264
-12.13241, -3.38502
-11.78662, -1.55763
-13.05185, -0.40275
-15.33475, 0.51103
-16.21585, 2.12066
-18.42236, 1.62207
-8.13171, -10.71617
-8.39831, -8.89796
-10.72639, -8.97610
-10.35725, -11.39854
-12.16753, -11.62345
-13.97368, -11.88089
-12.99974, -13.83380
-10.84121, -14.11852
-14.90873, -6.48308
-14.79732, -4.34446
-16.50594, -5.62826
-19.13904, -4.96782
-17.18560, -8.70324
-8.72570, -15.58326
-9.17525, -13.50844
-7.41641, -12.42280
