-1.769 -0.778
1.371 -0.644
-0.143 1.260
-0.229 -1.717
1.593 1.570
-3.318 0.214
1.883 -2.485
0.531 3.606
-2.352 -2.460
3.894 -0.377
-2.283 2.596
-0.197 -3.681
2.519 3.118
-4.431 -1.222
3.920 -2.847
-1.247 4.005
-2.324 -4.300
5.574 2.036
-4.955 2.056
1.842 -5.120
1.992 4.812
-5.339 -2.978
5.192 -1.638
-3.852 4.882
-1.097 -6.294
4.326 4.276
-5.678 -0.004
3.900 -4.620
-0.506 5.695
-3.960 -5.282
5.959 0.227
-5.512 4.120
1.139 -6.781
3.487 5.865
-7.308 -1.659
5.892 -3.272
-3.002 6.817
-2.800 -6.948
6.938 3.887
-7.886 2.478
4.233 -6.937
0.746 7.424
-5.757 -4.963
7.534 -1.033
-5.408 6.061
0.164 -8.288
5.332 5.956
-7.540 0.096
5.999 -5.645
-1.825 8.162
-4.649 -6.963
8.233 2.618
-7.651 4.259
2.782 -7.936
3.100 7.608
-7.449 -3.490
8.296 -2.631
-4.471 7.884
-1.650 -8.463
8.041 5.401
-9.195 0.875
6.730 -7.322
0.121 9.257
-6.396 -7.372
9.600 0.248
-7.187 6.064
0.771 -9.987
5.185 7.831
-9.271 -2.260
7.861 -4.752
-2.431 10.169
-5.093 -8.719
9.718 3.610
-9.871 3.743
4.482 -10.123
2.796 10.444
-8.632 -5.949
10.027 -2.081
-6.483 8.767
-0.888 -10.745
7.602 7.120
-10.807 -0.069
8.302 -6.535
-0.895 11.200
-7.219 -9.090
11.275 1.005
-9.530 5.611
2.450 -10.801
5.399 10.576
-10.328 -3.686
11.328 -4.483
-4.132 9.649
-4.267 -10.970
10.402 5.778
-11.489 2.885
6.594 -9.118
0.970 10.815
-8.360 -7.724
12.121 -0.568
-8.383 8.698
0.598 -11.859
7.824 8.891
-12.093 -1.454
10.181 -6.369
-2.541 11.985
-6.010 -10.510
12.431 3.493
-11.672 6.020
4.602 -12.141
4.108 11.916
-10.779 -5.489
12.442 -3.043
-6.401 11.275
-1.968 -12.194
9.646 7.492
-12.302 1.183
8.349 -9.481
0.133 12.812
-8.995 -9.404
13.062 1.405
-9.981 7.567
2.136 -12.836
7.107 10.990
-12.147 -4.007
11.921 -6.205
-4.162 12.769
-5.586 -12.214
12.827 5.685
-12.723 4.548
6.652 -10.870
3.404 13.521
-11.071 -7.193
13.527 -1.655
-9.208 10.462
-0.496 -14.158
10.322 9.985
-13.687 -0.107
10.126 -9.363
-1.246 13.917
-7.954 -10.943
14.237 3.583
-11.911 7.848
3.743 -13.772
6.190 13.286
-13.277 -5.964
13.090 -4.849
-6.000 13.165
-4.183 -14.079
11.733 7.795
-14.050 3.059
9.259 -11.484
1.630 14.976
-10.841 -9.398
14.755 -0.187
-11.357 10.650
1.184 -14.734
9.161 12.319
-13.838 -3.026
12.979 -7.648
-3.446 15.021
-7.436 -12.605
14.628 5.394
-14.149 5.962
6.129 -13.198
4.858 14.625
-13.858 -7.703
15.933 -3.344
-8.432 12.231
-2.093 -15.013
12.050 10.268
-15.471 0.013
10.949 -10.890
-0.890 15.960
-9.550 -11.764
14.889 1.680
-13.575 9.405
3.539 -15.514
8.121 13.759
-15.256 -4.175
14.510 -6.578
-5.883 15.203
-5.966 -14.385
14.636 7.561
-15.626 3.921
9.042 -14.112
3.190 15.941
-12.913 -9.992
16.387 -0.889
-10.264 12.070
0.317 -16.387
11.003 12.148
-17.070 -0.726
13.274 -9.516
-2.634 16.622
-9.188 -13.537
16.428 3.844
-14.849 8.048
6.074 -16.360
6.253 15.774
-15.088 -6.230
15.125 -4.965
-7.844 14.185
-4.421 -16.503
13.886 9.414
-16.286 2.081
10.590 -13.211
0.251 17.367
-11.783 -12.837
17.167 1.212
-13.027 11.789
3.286 -17.270
9.657 14.738
-17.047 -4.163
15.111 -8.339
-5.382 16.927
-7.542 -15.349
16.231 6.261
-16.589 5.387
7.715 -15.559
4.762 16.756
-14.840 -9.586
17.651 -2.611
-11.508 13.276
-0.947 -18.585
13.228 13.126
-18.888 -0.460
13.079 -11.311
-1.808 18.239
-11.151 -14.668
17.967 2.836
-16.043 9.416
5.142 -18.095
8.141 16.369
-16.808 -6.476
16.535 -7.224
-7.806 16.027
-5.502 -18.304
16.548 8.734
-17.656 3.315
10.686 -15.464
2.641 19.074
-13.152 -11.725
18.335 -0.931
-14.259 13.164
0.889 -18.547
11.834 14.215
-18.808 -2.619
16.393 -10.537
-3.958 18.598
-9.832 -16.691
18.181 6.730
-17.678 7.611
6.966 -18.089
6.798 18.555
-16.542 -9.323
18.629 -4.117
