1.183 -1.528
0.293 1.486
-1.188 -0.443
1.721 0.193
-1.908 1.166
0.595 -3.271
1.956 2.428
-3.628 -0.357
2.956 -1.687
-0.577 3.870
-1.967 -2.843
3.620 0.699
-3.635 1.690
2.257 -4.003
1.814 4.492
-3.584 -2.178
4.734 -1.215
-3.324 4.916
-0.796 -5.306
4.522 3.026
-5.151 0.769
4.181 -4.459
0.333 5.435
-3.805 -4.919
6.373 0.458
-5.196 3.163
1.378 -5.509
3.539 4.902
-5.404 -1.869
6.083 -2.565
-1.662 5.727
-2.665 -6.345
6.304 2.745
-6.534 1.964
3.377 -6.689
1.750 6.509
-5.889 -4.562
7.419 -1.036
-5.451 5.792
-0.497 -8.252
5.706 5.786
-7.384 -1.072
6.209 -4.385
-0.820 7.560
-4.572 -6.713
8.002 2.164
-7.069 3.733
1.731 -7.339
4.026 7.186
-7.478 -3.745
7.881 -2.826
-4.532 7.355
-2.281 -8.454
7.027 4.620
-8.132 1.168
5.189 -6.383
0.545 8.686
-6.568 -6.246
8.611 0.446
-7.186 6.495
1.375 -9.134
5.476 8.301
-9.012 -2.122
8.700 -4.422
-2.563 9.254
-4.145 -8.441
9.504 3.164
-8.853 3.136
4.436 -8.449
2.709 8.777
-9.279 -4.818
9.693 -2.833
-5.854 8.556
-1.244 -10.484
8.738 6.798
-10.810 0.186
7.861 -6.936
-0.407 10.232
-6.939 -8.411
10.641 1.737
-8.748 5.654
2.681 -10.469
4.332 9.636
-10.651 -3.578
10.566 -4.805
-3.703 10.697
-3.139 -10.604
9.887 4.990
-11.568 2.680
6.075 -9.129
1.610 12.076
-8.363 -6.343
11.676 -1.487
-8.123 8.695
-0.020 -11.846
7.252 8.604
-10.728 -1.675
9.517 -6.243
-2.381 11.898
-6.412 -10.239
11.362 3.449
-10.519 5.440
4.336 -11.382
3.717 11.419
-11.014 -5.365
11.652 -3.289
-6.396 11.217
-3.017 -12.781
10.667 7.402
-12.556 1.103
7.933 -9.131
-0.058 12.808
-9.392 -8.938
12.308 1.041
-9.603 7.547
1.828 -12.222
7.180 10.395
-12.464 -2.970
11.301 -6.453
-4.523 12.334
-4.927 -11.515
11.938 5.178
-12.383 4.237
6.827 -10.817
3.137 13.068
-11.383 -7.128
13.202 -2.465
-8.619 11.071
-1.335 -13.445
8.937 9.084
-13.943 0.032
9.658 -9.002
-1.666 13.525
-7.924 -11.466
13.857 2.944
-12.185 7.600
3.415 -13.254
6.635 12.090
-13.203 -4.576
12.542 -5.071
-6.921 12.947
-4.734 -13.456
12.458 6.964
-14.389 2.792
8.999 -11.440
1.539 13.875
-11.322 -9.007
14.672 -0.653
-10.402 9.499
0.431 -14.372
8.903 11.762
-14.925 -2.041
11.742 -8.246
-3.388 14.362
-7.587 -13.596
14.010 4.713
-14.170 5.909
6.284 -12.695
4.281 14.444
-13.741 -6.977
14.029 -4.166
-8.773 12.888
-2.362 -15.171
11.323 9.140
-15.366 1.176
10.827 -11.583
-0.610 16.268
-9.827 -11.141
15.074 1.601
-12.878 9.208
3.730 -15.015
7.918 13.258
-15.271 -4.725
13.725 -6.420
-5.232 14.041
-5.842 -15.447
14.197 7.187
-15.315 4.551
7.742 -13.793
2.873 15.670
-13.329 -9.386
15.401 -2.308
-10.877 12.372
-0.024 -16.110
11.505 12.187
-16.239 -0.761
12.819 -10.112
-3.102 16.116
-9.228 -12.880
15.824 4.272
-14.449 7.737
4.834 -16.387
6.022 15.182
-15.491 -6.577
15.358 -5.640
-7.704 15.010
-4.217 -16.355
14.404 9.851
-16.818 2.252
9.695 -13.132
1.158 15.876
-11.866 -11.042
17.083 -0.297
-12.494 11.196
1.921 -16.305
10.257 13.472
-16.912 -3.958
15.306 -8.328
-5.329 16.363
-8.288 -15.492
15.962 7.367
-16.637 5.805
8.164 -15.533
4.435 16.680
-15.122 -9.317
16.718 -3.605
-10.002 14.235
-1.214 -17.400
13.230 11.250
-17.410 0.567
12.892 -12.081
-1.736 17.759
-10.098 -14.378
18.262 3.577
-15.936 9.659
5.016 -18.215
7.811 15.427
-17.260 -6.167
16.930 -7.271
-7.098 16.748
-5.255 -17.845
16.313 9.367
-17.852 3.939
10.350 -14.743
3.009 17.792
-13.662 -11.452
19.091 -0.910
-12.478 13.943
1.055 -17.934
12.419 14.110
-19.146 -2.052
14.559 -9.925
-3.532 18.016
-9.323 -17.020
17.781 5.349
-16.656 8.043
7.091 -17.616
6.258 18.455
-17.088 -8.340
18.574 -5.502
-10.928 16.012
-3.108 -18.994
15.867 11.136
-19.648 2.107
13.048 -13.795
-0.512 19.071
