1.889 -0.407
-0.733 1.326
-0.623 -1.104
1.192 1.256
-2.211 -0.337
2.562 -2.119
-0.068 3.117
-2.545 -2.609
3.348 0.614
-2.934 2.588
0.327 -3.442
2.318 2.866
-3.869 -1.049
4.305 -1.608
-1.506 4.605
-1.339 -3.975
4.404 2.120
-5.709 1.619
2.809 -4.571
1.510 5.227
-4.435 -2.730
6.071 -0.718
-3.246 4.372
0.258 -6.214
4.580 4.455
-6.012 -0.927
4.602 -3.326
-0.450 6.029
-2.929 -4.911
6.305 1.957
-4.960 3.310
2.049 -6.570
3.054 6.161
-6.264 -2.707
6.892 -2.941
-2.854 6.106
-1.566 -7.282
6.342 3.987
-7.900 0.919
4.935 -6.632
0.638 8.101
-4.957 -5.576
7.574 0.645
-5.497 5.255
0.827 -8.080
4.727 6.810
-7.812 -1.697
6.051 -4.499
-1.549 8.090
-3.308 -7.681
7.848 2.914
-8.204 2.707
3.700 -7.936
2.400 8.060
-6.972 -4.345
8.081 -1.541
-5.178 6.996
-1.001 -9.008
6.299 5.888
-9.680 0.340
6.935 -6.101
-1.158 9.877
-5.526 -7.428
9.503 2.221
-7.922 5.428
2.266 -9.126
5.232 8.542
-8.792 -3.304
8.835 -3.606
-3.581 8.458
-3.994 -9.662
9.239 4.076
-9.989 2.774
5.801 -8.821
2.305 10.828
-8.388 -6.820
10.480 -0.242
-6.902 7.565
0.110 -10.903
7.020 8.183
-10.333 -1.310
8.794 -6.281
-2.893 10.162
-5.842 -9.598
11.178 3.130
-9.723 5.797
4.429 -10.133
4.348 10.186
-10.575 -5.401
10.527 -3.070
-6.547 10.274
-2.311 -10.239
9.889 6.384
-11.814 1.419
7.615 -9.074
0.005 11.253
-7.127 -8.192
11.301 1.355
-9.485 7.567
1.690 -11.962
6.469 9.957
-11.551 -2.614
10.649 -5.914
-4.512 11.129
-4.969 -11.199
11.031 4.990
-12.118 4.460
5.925 -11.720
3.391 12.533
-10.314 -7.244
11.950 -1.874
-8.294 9.760
-1.427 -12.886
8.744 8.724
-12.207 -0.412
9.271 -8.172
-1.204 12.576
-7.621 -10.300
12.801 2.343
-11.404 6.521
3.648 -11.982
5.796 11.650
-12.202 -4.735
12.189 -3.876
-6.018 12.016
-4.116 -12.784
11.687 6.618
-13.724 2.917
7.639 -11.145
0.985 12.706
-10.686 -8.957
13.186 -0.665
-9.986 9.272
1.324 -13.874
8.703 11.178
-14.216 -2.036
11.149 -7.939
-2.712 13.522
-7.152 -12.004
12.860 4.200
-13.633 5.446
5.047 -13.342
5.044 13.351
-12.805 -7.133
14.252 -2.954
-7.760 11.604
-2.859 -14.182
11.644 8.951
-14.075 0.566
9.587 -10.716
-0.766 14.732
-10.102 -11.175
14.293 1.256
-11.843 8.803
2.954 -15.286
7.681 12.629
-14.645 -4.607
12.984 -5.663
-6.029 13.806
-6.017 -14.188
13.415 5.850
-15.012 4.208
7.966 -13.126
2.774 14.285
-12.511 -8.999
15.743 -1.886
-10.945 12.051
-0.341 -14.852
10.499 10.934
-15.782 -1.252
12.524 -9.083
-2.483 15.242
-8.638 -13.451
14.634 3.929
-13.046 7.370
5.481 -15.579
6.231 14.642
-14.646 -6.384
14.806 -5.564
-7.896 13.837
-4.149 -15.765
13.268 8.155
-16.289 2.457
10.358 -12.339
0.950 16.733
-11.931 -11.042
16.319 0.522
-12.753 10.330
1.237 -15.796
9.352 13.460
-16.036 -3.389
14.253 -9.421
-5.173 15.492
-7.614 -15.009
15.380 5.578
-15.562 6.519
7.309 -15.226
4.673 16.813
-14.315 -9.111
15.875 -3.800
-9.340 12.890
-1.964 -16.090
13.259 10.776
-16.769 0.517
11.972 -11.235
-0.832 16.912
-10.387 -13.921
17.072 3.489
-14.616 9.084
3.639 -17.189
7.465 15.916
-16.465 -6.276
16.250 -6.623
-7.351 15.615
-5.566 -16.867
15.110 8.011
-16.819 4.446
10.279 -14.092
2.874 17.127
-13.682 -10.781
17.642 -0.937
-12.767 12.466
1.537 -17.502
11.665 14.499
-18.412 -2.876
15.570 -10.702
-3.962 16.832
-9.230 -15.835
17.634 5.343
-16.217 8.239
7.475 -17.035
6.445 17.673
-16.193 -8.486
17.413 -4.611
-9.159 15.547
-3.074 -17.560
15.189 11.601
-18.526 2.628
12.358 -13.038
0.411 18.792
-13.323 -13.902
17.529 1.786
-14.307 11.506
3.832 -19.025
10.155 15.545
-17.921 -4.576
16.771 -8.907
-7.100 18.148
-7.699 -17.386
17.752 7.755
-18.673 5.209
9.857 -16.531
4.964 18.738
-16.387 -11.044
18.866 -2.147
-12.676 14.258
