15.46237, -4.95737
17.54319, -1.79259
18.21673, 4.09744
18.16027, 6.54668
16.36257, 4.28214
15.82066, 7.42375
14.10126, 7.82605
14.45125, 5.33388
19.45938, 0.16910
15.75957, -1.78768
15.58894, -0.02537
12.51132, 1.32571
12.08376, -0.64177
13.92030, -1.29353
12.39706, -3.84746
14.57897, -3.13898
11.32370, 10.57362
11.97851, 12.25697
8.04973, 11.70312
9.96032, 9.48578
6.17303, 11.26355
7.87763, 9.37560
9.86581, 7.56689
12.37414, 7.38973
12.40656, 5.36001
12.67357, 3.60320
14.08301, 2.44537
16.39444, 2.43742
17.59558, 0.30238
15.24679, 9.67245
13.33547, 9.64159
13.51867, 13.28414
8.53184, 2.15791
9.44262, 0.48000
10.82477, 2.45311
10.75460, -1.93972
8.15959, -0.72761
6.85464, 0.80633
6.17697, -0.92609
3.66587, -2.04274
9.82184, 4.04754
10.38684, 5.73422
7.86659, 7.43316
7.34065, 5.65999
5.62886, 5.11371
4.19225, 3.90085
7.47053, 3.60877
5.04547, 1.87297
5.73419, 18.15608
4.29598, 17.14521
6.81748, 14.88908
4.89204, 15.10197
3.21661, 12.81739
4.15347, 11.38197
5.67108, 13.46988
8.33062, 13.49556
4.30825, -3.78624
6.86159, -2.88567
8.67960, -2.68547
8.78140, -5.71979
9.63507, -4.18965
9.61901, 14.71539
12.02694, 14.81013
7.85005, 16.25095
1.88024, 5.85740
2.46275, 3.93152
4.22508, 6.25236
1.54338, 14.30904
2.61947, 16.16604
1.61782, 17.59987
-0.12410, 17.43651
-1.87028, 18.37013
5.27382, 8.02747
5.05601, 9.78504
3.11265, 7.67646
2.26834, 10.27517
-0.36189, 9.80857
0.86255, 7.57259
-0.67436, 6.59663
0.06853, 3.39502
-4.34952, 10.96115
-4.58540, 7.34664
-6.67824, 8.50123
-7.33671, 6.76947
-5.75339, 5.99217
-3.48225, 5.40810
-2.35334, 2.87663
-1.21551, 4.75622
-1.03050, 15.14121
-1.64628, 13.44498
-0.92390, 11.63311
0.18228, 13.05860
0.83909, 11.36794
-2.69006, 7.03145
-1.32077, 8.28452
-2.21916, 9.89706
-6.88019, 10.30684
-4.22745, 12.75972
-2.75620, 11.80028
-9.26564, 10.72417
-8.70710, 12.43064
-11.38541, 11.78909
-11.99932, 14.25348
-13.26196, 12.98453
-3.15143, 14.30372
-2.51609, 16.21361
-4.20307, 18.97022
-4.94569, 16.41441
-8.47853, 17.16313
-5.41298, 14.62121
-8.04362, 15.10281
-6.52140, 13.14252
-13.44880, 5.51194
-13.15718, 8.94522
-15.57669, 7.83265
-16.23770, 6.14768
-17.41646, 8.49179
-18.37017, 4.00795
-16.19692, 4.19779
-11.00993, 2.18616
-14.16783, 10.37703
-16.06393, 9.73241
-10.93411, 10.00342
-10.28348, 7.90454
-8.48465, 8.29988
-12.23177, 3.40994
-11.61512, 5.75658
-12.09700, 7.53636
-16.69553, -4.22853
-14.67930, -3.22694
-12.89372, -3.55385
-10.98469, -8.01381
-13.90608, -8.42427
-11.13967, -6.26566
-12.85689, -5.38355
-15.07480, -5.08112
-11.73590, -2.27661
-13.78213, -0.04547
-14.62290, 2.10285
-15.39479, 0.51175
-16.76550, 2.43770
-17.26588, -0.67160
-16.14324, -2.10208
-19.18801, -3.46451
-5.44589, 4.20267
-7.44338, 3.89555
-9.13819, 6.25513
-10.13299, 4.36497
-12.58438, 1.25689
-10.46913, -0.84985
-9.88221, 0.79930
-5.96440, 0.73272
-14.39684, -6.68652
-16.99171, -5.98961
-16.44350, -9.70340
-14.66607, -10.11653
-13.97740, -11.82470
-12.53310, -10.50781
-4.79570, 2.52319
-7.80388, 2.17367
-9.19695, -7.85591
-6.82286, -6.73566
-7.47886, -8.42061
-6.95919, -13.90790
-6.64560, -11.00235
-7.92505, -12.33735
-8.55188, -9.90200
-10.92740, -9.92985
-6.20729, -4.36203
-4.89778, -2.30733
-6.52368, -1.60055
-7.84821, -3.71889
-8.23320, 0.05659
-8.97311, -1.86642
-11.30759, -4.47295
-8.71740, -5.27487
-0.99342, 1.42146
-3.05773, 0.57794
-1.39830, -0.44195
-4.74693, -0.56888
-3.08060, -2.36595
-0.02783, -2.21429
2.10778, -2.95676
3.49972, -0.30622
-9.71452, -11.37146
-11.69918, -12.56995
-11.15478, -14.32274
-9.33401, -14.03854
-8.66253, -17.30416
1.02725, -0.75696
2.62443, 2.15219
0.81189, 1.79202
-3.58884, -11.32389
-0.64997, -10.39637
0.40390, -11.83545
-1.76797, -15.72811
-0.66344, -14.28643
-1.87770, -12.04182
-3.20486, -13.67676
-5.47253, -12.91568
0.29709, -3.94194
-0.22209, -6.04069
-2.65631, -5.29390
-4.16866, -4.23398
-2.36377, -7.56864
-4.19446, -7.53987
-4.59401, -9.24386
-2.17509, -9.41549
4.55042, -5.93613
1.84684, -4.86635
1.46372, -6.64869
0.19288, -7.98386
2.94799, -7.61409
1.57092, -9.21058
5.12799, -9.49844
6.70191, -8.52636
-5.48725, -15.50394
-7.55677, -15.67008
-6.09907, -17.65836
-3.69069, -16.29802
-0.67940, -18.61490
8.34878, -7.53508
6.26196, -6.85766
6.91276, -4.69612
3.07827, -17.35355
5.28671, -17.49800
3.49735, -15.55810
11.72783, -12.80888
11.57772, -11.01572
8.67740, -9.43011
9.08877, -12.04910
6.77915, -12.18095
6.25611, -15.81092
4.57662, -13.89429
5.14112, -11.49881
3.28270, -11.42692
2.32751, -12.84895
1.76120, -15.24184
0.29949, -16.35118
1.11874, -18.45976
11.80040, -6.45844
10.04157, -6.99085
10.46297, -9.28182
12.80424, -8.55867
13.29425, -10.31582
13.81583, -12.06409
15.60333, -10.81218
15.56587, -8.63528
8.61552, -13.78671
6.48392, -13.99263
8.00618, -15.49273
7.74219, -18.19452
11.14783, -15.71041
16.70183, -6.32650
14.71625, -7.07779
13.38256, -5.49874
