1.592 1.096
-1.467 0.376
0.376 -1.211
-0.096 1.729
-1.271 -1.840
3.299 0.411
-2.315 2.088
0.154 -3.642
1.849 2.857
-3.896 -0.360
2.729 -2.122
-0.496 3.653
-1.890 -3.535
4.123 2.030
-4.384 2.062
1.975 -3.700
1.477 4.659
-5.093 -3.044
5.253 -1.091
-2.769 4.684
-1.055 -5.100
4.686 3.926
-5.407 0.636
4.699 -4.074
-0.101 6.388
-3.448 -5.011
5.577 1.068
-4.696 3.807
1.565 -5.500
2.900 5.931
-5.811 -1.339
6.186 -3.015
-2.389 6.448
-2.326 -6.415
6.868 2.999
-6.401 2.110
4.226 -6.134
1.448 7.350
-6.087 -5.119
8.211 -0.957
-5.458 6.020
0.658 -7.432
4.725 5.954
-7.594 -0.397
6.447 -4.940
-1.714 8.111
-4.122 -6.849
7.425 1.318
-6.950 4.421
3.322 -7.675
3.262 7.711
-7.597 -4.115
8.314 -2.750
-4.220 7.274
-1.620 -8.054
6.663 4.824
-8.642 1.029
5.869 -6.907
0.035 8.622
-6.886 -6.812
9.196 0.863
-7.982 5.931
1.616 -9.116
4.901 8.440
-9.383 -2.043
8.196 -4.609
-2.628 9.666
-3.625 -8.664
8.683 3.957
-8.612 3.195
4.293 -9.533
3.369 9.519
-8.869 -5.367
10.398 -1.827
-6.300 9.104
-0.789 -10.782
7.364 7.461
-10.239 0.165
8.011 -7.397
-1.141 10.721
-6.133 -8.418
10.602 2.092
-9.379 4.863
2.978 -10.834
5.388 10.282
-10.887 -3.100
10.412 -3.726
-4.431 10.150
-3.321 -11.400
9.454 5.556
-11.967 2.281
5.866 -8.704
2.136 11.575
-9.135 -7.625
11.826 -0.681
-8.186 7.721
1.074 -10.805
6.765 9.154
-12.013 -1.713
9.865 -6.973
-2.809 11.537
-6.019 -10.199
11.607 3.694
-11.194 4.349
4.742 -11.297
3.934 11.450
-11.556 -5.760
12.593 -3.726
-6.795 11.063
-1.802 -12.474
9.560 7.411
-12.791 0.657
8.400 -9.876
-0.352 12.347
-8.071 -9.166
12.305 1.143
-9.978 7.749
2.270 -12.610
7.074 10.923
-12.567 -3.828
11.222 -5.562
-4.503 12.208
-4.922 -12.128
11.181 6.213
-12.872 3.861
6.481 -11.763
3.198 13.044
-11.535 -7.987
13.350 -2.084
-8.571 9.431
-0.810 -13.920
9.527 9.140
-13.597 -0.909
11.005 -8.551
-2.166 14.000
-8.268 -11.742
13.424 2.669
-11.701 7.300
3.832 -13.437
5.763 12.239
-13.313 -6.187
13.171 -5.477
-6.257 12.827
-3.591 -14.211
11.924 8.346
-13.767 2.311
8.361 -11.807
1.471 14.613
-10.065 -9.855
14.374 -0.372
-11.247 9.546
1.205 -15.016
8.888 11.263
-14.529 -2.581
13.151 -8.334
-3.924 14.251
-6.691 -13.818
13.026 5.565
-14.182 5.081
6.199 -14.109
4.943 13.775
-13.358 -8.040
15.016 -3.205
-8.494 11.815
-2.031 -15.277
12.169 10.163
-16.277 0.299
10.575 -10.434
-0.757 15.140
-9.912 -12.344
15.200 2.886
-12.796 8.646
3.865 -15.511
7.177 13.345
-14.311 -4.440
15.097 -6.695
-6.383 14.576
-5.399 -15.037
14.203 6.960
-15.486 3.743
8.628 -13.832
3.164 15.248
-12.960 -10.170
16.084 -0.924
-11.526 12.167
-0.147 -16.256
10.812 12.234
-16.264 -2.197
12.344 -9.933
-3.382 16.038
-8.531 -13.995
16.631 3.912
-14.822 6.860
5.702 -15.834
6.489 15.019
-15.417 -6.854
16.094 -5.123
-9.031 14.932
-3.187 -16.666
13.653 8.947
-15.787 2.043
10.363 -12.464
1.251 17.040
-11.876 -11.850
16.387 1.008
-12.878 10.993
3.007 -17.107
9.169 14.817
-16.635 -4.407
15.005 -9.140
-6.464 16.348
-6.724 -16.287
15.965 7.284
-16.406 5.359
8.459 -15.618
4.533 16.491
-14.771 -9.192
17.305 -2.183
-10.494 13.838
-1.538 -17.351
12.781 12.197
-17.828 -0.742
13.792 -10.884
-2.552 18.433
-10.534 -15.372
18.467 3.991
-14.967 8.660
5.194 -17.577
8.205 16.498
-17.118 -6.152
17.524 -6.243
-8.442 16.811
-4.930 -17.604
15.297 9.510
-17.596 3.997
10.671 -14.280
1.975 19.010
-14.618 -11.681
17.965 0.052
-13.395 13.187
0.980 -19.231
10.722 13.982
-18.185 -2.521
16.474 -10.259
-4.349 18.052
-8.960 -16.181
17.984 6.097
-18.077 7.279
7.373 -17.527
6.530 18.238
-16.597 -10.018
18.791 -4.163
-10.233 16.464
-3.201 -19.500
14.502 12.258
-19.070 0.553
