12.96390, 9.77741
11.57727, 13.30202
7.15251, 17.24760
5.11858, 18.61329
5.93279, 15.83896
3.05326, 17.20706
1.73340, 16.03396
3.97162, 14.88338
11.07884, 15.99861
10.54512, 11.84738
9.00671, 12.72380
6.12864, 10.98774
7.48989, 9.50424
9.08111, 10.62927
10.29000, 7.91240
10.96879, 10.10372
-2.11284, 15.34808
-3.11092, 16.85349
-4.92302, 13.32386
-2.00981, 13.60693
-5.64562, 11.53693
-3.12030, 11.84157
-0.49627, 12.42359
1.09438, 14.37114
2.77164, 13.22764
4.36112, 12.43314
6.11968, 12.91745
7.45856, 14.80165
9.89558, 14.55244
0.88494, 18.03435
-0.19158, 16.45473
-3.06247, 18.70412
3.15470, 8.21564
5.05080, 7.99268
4.23520, 10.25946
7.78433, 7.66995
5.29801, 6.24815
3.29235, 6.06603
4.31735, 4.51366
3.78234, 1.81805
2.35420, 10.35900
1.30162, 11.79295
-1.53941, 10.71286
-0.39365, 9.26098
-0.93399, 7.54730
-0.77101, 5.67425
1.35737, 8.18472
1.37788, 5.20252
-11.53078, 15.15142
-11.53378, 13.39349
-8.23672, 14.15342
-9.52057, 12.70277
-8.61951, 10.01679
-6.90652, 9.95492
-7.73784, 12.39857
-6.22579, 14.58660
5.57732, 1.33795
6.31325, 3.94352
7.19762, 5.54450
9.73578, 3.87861
8.97751, 5.45820
-6.47990, 16.34255
-5.16931, 18.36479
-8.75436, 15.78220
-3.70251, 4.91282
-1.79301, 4.27868
-2.67361, 7.05656
-10.80291, 9.50936
-11.70005, 11.45912
-13.44908, 11.46713
-14.31969, 9.94956
-16.08915, 9.06085
-3.51961, 8.93677
-5.08135, 9.77190
-4.47855, 6.96845
-7.08876, 7.77650
-8.22363, 5.35826
-5.69070, 5.06991
-5.77913, 3.25146
-2.73472, 2.01300
-11.46405, 2.76417
-8.64644, 0.48790
-10.79629, -0.55670
-9.76076, -2.09301
-8.21291, -1.24728
-6.42648, 0.27190
-3.70717, -0.26484
-4.58718, 1.74839
-12.96658, 7.88581
-11.93546, 6.40487
-10.03850, 5.95074
-10.56570, 7.67635
-8.80557, 7.23851
-7.29636, 1.85499
-7.53099, 3.69620
-9.36653, 3.89161
-12.38815, 0.31908
-12.86338, 3.90067
-11.23130, 4.54984
-14.10422, -1.38961
-15.17668, 0.05046
-16.19631, -2.50791
-18.56395, -1.58901
-18.25487, -3.35224
-13.50480, 5.66995
-14.69922, 7.29004
-17.92420, 7.50053
-16.26381, 5.42045
-18.91207, 2.96520
-15.06787, 4.00495
-16.97779, 2.13295
-14.49849, 2.24684
-12.25638, -7.81236
-14.89377, -5.59501
-15.37932, -8.21343
-14.38348, -9.72483
-16.97843, -9.33683
-13.86423, -12.70078
-12.76663, -10.81549
-8.13289, -7.73653
-16.64634, -5.59551
-17.21256, -7.51648
-14.47702, -3.16846
-12.38689, -3.84666
-11.67303, -2.14887
-9.83720, -8.02952
-11.39929, -6.17296
-13.13140, -5.54080
-6.16853, -16.08013
-5.82474, -13.85523
-4.52835, -12.58459
0.21651, -13.59550
-1.13206, -16.21931
-1.30131, -12.71445
-3.01199, -13.60920
-4.53759, -15.24722
-4.90463, -10.90224
-7.90731, -11.28820
-10.14744, -10.73688
-9.29223, -12.28478
-11.65613, -12.29468
-9.40382, -14.49586
-7.58778, -14.40307
-8.22958, -17.67644
-6.57337, -2.02752
-7.47383, -3.83681
-10.37889, -3.86156
-9.40780, -5.76401
-8.28111, -9.55875
-5.34029, -9.04467
-6.34957, -7.61446
-4.03681, -4.45142
-2.83495, -15.61863
-4.90019, -17.33730
-1.54948, -19.03008
-0.18732, -17.81580
1.60547, -18.23770
1.36192, -16.29840
-4.82621, -2.46434
-6.27461, -5.12393
1.11800, -12.04364
1.57110, -9.45792
2.56980, -10.96523
7.35327, -13.70363
5.15978, -11.77253
5.51315, -13.58756
3.16179, -12.69596
1.81521, -14.65316
-0.01368, -7.58667
-0.93781, -5.33222
-2.45258, -6.25340
-1.48509, -8.55681
-4.79212, -6.69510
-3.64726, -8.40819
-2.86301, -11.81829
-0.71465, -10.16398
-1.73418, 0.00761
-2.23483, -2.16547
-0.44489, -1.39736
-2.27143, -4.20685
0.15756, -3.88110
1.79335, -1.29913
3.63109, 0.01799
2.26758, 2.68326
3.69236, -14.49305
3.52768, -16.80565
5.27378, -17.37116
6.09109, -15.71951
9.14665, -17.05322
1.21068, 0.40308
-0.24585, 3.38513
-0.99634, 1.69641
7.18454, -9.46006
8.12068, -6.52393
9.90410, -6.49230
11.83303, -10.51088
11.29166, -8.77729
8.75754, -8.47565
9.32851, -10.50256
7.39944, -11.91686
3.39239, -2.02949
4.80810, -3.66352
2.79470, -5.22217
1.05682, -5.84700
4.82213, -6.29435
3.74334, -7.77371
4.90544, -9.08243
6.44003, -7.20476
7.47369, 0.29658
5.04109, -1.29598
6.27668, -2.63645
6.63515, -4.44455
7.92113, -1.98007
8.43191, -4.02561
10.71754, -1.28490
10.83047, 0.56156
9.50594, -13.42085
8.44876, -15.20771
10.91374, -15.16267
11.19041, -12.41053
14.81944, -11.28540
10.96976, 2.47870
9.21330, 1.16395
7.82215, 2.94173
15.95478, -7.48775
17.34583, -5.76641
14.72921, -6.11035
17.22701, 2.19989
15.67521, 3.11086
12.70770, 1.65487
15.08492, 0.48135
13.86132, -1.48195
16.52604, -4.00178
13.99176, -4.26936
12.35970, -2.42724
11.22970, -3.90440
11.84111, -5.50464
13.47001, -7.34673
13.53392, -9.18063
15.72918, -9.72663
12.07961, 5.91979
11.50083, 4.17567
13.61578, 3.19942
14.37445, 5.52942
16.09276, 4.91695
17.82200, 4.33541
17.82938, 6.51769
16.02895, 7.74192
16.23201, -0.90698
15.17155, -2.76750
17.27482, -2.38830
19.33041, -4.16142
19.26366, 0.05341
14.79715, 10.00102
14.26651, 7.94544
12.20741, 7.76584
