-1.336 1.396
-0.136 -1.509
1.135 0.565
-1.692 -0.372
2.020 -0.960
-0.933 3.191
-1.691 -2.620
3.570 0.734
-3.116 1.368
0.978 -3.788
1.659 3.033
-3.527 -1.074
3.792 -1.301
-2.663 3.746
-1.334 -4.657
3.337 2.541
-4.835 0.714
3.819 -4.541
0.237 5.360
-4.181 -3.482
5.203 -0.226
-4.625 3.998
0.237 -5.440
3.270 5.290
-6.290 -1.121
5.498 -2.603
-1.946 5.335
-3.007 -5.245
5.179 2.424
-6.318 1.915
2.251 -5.522
1.987 6.589
-5.983 -3.389
6.704 -1.270
-4.058 6.300
-1.060 -6.656
5.380 5.152
-7.487 0.255
6.026 -5.190
-0.369 8.258
-5.070 -6.351
7.231 1.838
-6.633 3.712
1.606 -7.433
3.846 7.154
-7.732 -2.989
7.420 -2.974
-2.488 7.118
-3.253 -7.568
7.045 4.506
-8.133 1.987
5.276 -6.841
1.385 8.646
-6.506 -5.329
8.209 -0.312
-5.827 5.806
0.366 -8.696
5.879 6.898
-8.517 -1.344
7.825 -5.709
-2.322 8.940
-4.578 -8.828
8.741 3.052
-9.115 3.489
3.517 -8.936
3.240 8.828
-9.121 -4.140
9.132 -2.193
-5.294 7.939
-1.777 -9.012
8.724 5.762
-9.936 1.804
6.716 -7.897
0.141 10.556
-7.979 -7.674
10.770 0.945
-8.543 6.076
1.474 -10.134
6.022 9.090
-10.401 -2.840
9.291 -4.709
-3.761 10.131
-3.301 -10.036
10.218 4.672
-11.011 3.674
4.801 -10.252
2.013 10.874
-9.311 -5.997
11.785 -1.456
-6.996 8.444
-0.338 -12.178
7.654 7.183
-11.768 0.258
8.987 -7.799
-1.218 11.783
-6.313 -9.315
10.494 2.788
-10.117 5.214
3.612 -11.584
5.306 10.853
-10.939 -4.618
11.030 -4.311
-5.502 10.867
-2.503 -11.745
10.393 6.487
-11.932 2.053
7.534 -10.487
1.665 13.027
-9.834 -8.477
12.602 0.216
-8.844 8.252
1.396 -12.732
8.406 9.871
-12.132 -2.322
10.339 -6.502
-3.096 11.964
-6.054 -11.089
12.085 4.257
-11.913 5.237
5.788 -11.793
3.697 11.967
-11.331 -6.397
12.759 -2.920
-7.920 10.044
-1.753 -13.324
10.575 8.279
-13.388 1.072
9.729 -10.109
-0.077 13.511
-7.939 -9.969
13.870 1.426
-10.546 7.943
3.071 -13.277
6.682 12.231
-13.474 -4.377
12.913 -6.284
-4.781 12.825
-5.335 -12.718
12.652 5.931
-13.003 3.732
8.236 -12.153
3.301 13.877
-11.662 -8.228
14.602 -1.272
-10.145 10.437
-0.080 -13.960
10.319 10.141
-14.660 -0.884
11.338 -8.360
-1.931 14.248
-7.625 -12.628
14.630 3.590
-12.540 6.973
4.871 -13.929
6.124 14.314
-13.441 -6.152
14.710 -4.395
-7.576 11.969
-2.748 -14.812
12.937 8.375
-14.388 2.677
10.072 -11.901
0.763 15.335
-10.305 -10.273
15.405 0.437
-11.978 10.388
2.307 -16.116
8.609 12.107
-14.824 -3.168
13.770 -7.811
-5.279 14.543
-6.489 -14.013
14.693 6.295
-14.321 4.951
6.671 -13.417
4.195 15.973
-13.368 -8.631
15.707 -2.925
-9.141 12.908
-1.219 -15.885
12.274 10.728
-15.558 0.686
12.111 -11.167
-1.660 16.025
-10.168 -13.323
16.070 2.454
-13.805 8.717
4.769 -15.703
7.831 13.774
-15.291 -5.903
15.179 -6.184
-6.520 15.792
-4.402 -15.729
14.719 8.160
-15.863 4.004
9.231 -14.123
2.484 16.706
-13.296 -11.303
16.961 -0.481
-11.015 12.047
0.508 -15.911
10.647 12.222
-17.020 -1.490
13.596 -9.829
-3.615 16.015
-8.792 -14.470
16.406 5.704
-16.093 6.683
7.010 -15.717
6.623 16.274
-15.104 -8.995
17.153 -4.034
-9.743 14.595
-2.667 -17.052
14.065 10.847
-17.003 1.838
11.435 -13.111
-0.611 17.432
-11.982 -12.571
17.374 1.256
-14.084 10.667
3.583 -17.480
8.539 15.355
-17.788 -5.467
16.859 -7.941
-6.892 17.591
-6.156 -16.159
16.520 7.937
-17.597 5.461
8.810 -15.914
3.361 18.296
-15.245 -11.021
18.166 -2.052
-11.834 13.580
-1.133 -18.009
12.390 12.817
-19.081 -1.090
13.867 -12.563
-2.923 17.725
-10.876 -15.331
18.827 4.042
-15.517 8.349
5.396 -17.548
7.493 17.902
-17.124 -7.179
17.405 -6.258
-8.893 16.778
-4.295 -19.008
16.122 10.080
-19.047 3.530
12.542 -14.782
1.106 19.215
-14.616 -12.733
19.761 -0.042
-14.418 12.355
2.503 -18.913
