-0.083 -1.931
1.183 0.946
-1.194 0.428
1.439 -0.964
-0.705 2.122
-1.657 -2.882
3.061 0.592
-3.001 2.069
1.169 -3.196
2.057 3.328
-3.338 -0.902
3.216 -1.802
-1.686 3.637
-0.860 -4.515
4.285 2.261
-4.144 0.650
2.832 -3.984
0.634 5.900
-4.033 -3.539
5.407 -0.607
-3.438 3.912
0.315 -6.105
3.762 3.936
-6.081 -1.301
5.163 -3.764
-1.927 5.770
-2.503 -5.097
5.867 1.460
-5.334 2.060
2.991 -5.885
2.427 5.447
-6.130 -3.126
6.587 -1.972
-3.723 5.718
-1.738 -7.289
5.537 3.842
-7.442 0.317
4.998 -5.580
-0.425 7.942
-5.706 -5.982
8.093 0.736
-6.332 3.947
1.912 -7.357
4.253 6.303
-7.825 -2.176
7.509 -3.512
-2.989 7.414
-3.416 -6.723
7.714 2.890
-8.129 1.966
4.195 -7.245
1.286 8.543
-7.199 -4.985
8.349 -1.007
-5.457 6.141
-0.157 -8.225
6.023 6.283
-9.048 -0.531
6.865 -5.217
-1.296 9.599
-4.845 -7.864
9.541 2.806
-8.253 4.196
3.791 -8.993
4.015 8.723
-8.614 -3.772
9.301 -3.718
-4.738 8.109
-2.066 -9.316
7.734 4.955
-10.197 2.309
5.575 -8.420
1.051 10.313
-7.717 -7.204
11.062 -0.448
-8.136 7.119
1.527 -10.371
6.294 8.078
-10.729 -1.946
9.249 -5.541
-3.032 9.965
-4.710 -9.727
9.529 4.564
-10.445 4.141
4.969 -10.490
4.076 10.561
-9.242 -6.073
10.773 -2.570
-7.106 9.513
-1.252 -10.894
9.024 8.185
-10.482 0.553
7.959 -8.672
-0.592 11.884
-7.661 -9.035
11.093 1.891
-9.276 5.645
3.239 -10.911
5.861 10.625
-11.506 -3.682
10.904 -4.699
-4.523 10.945
-4.035 -11.493
10.210 6.323
-11.876 3.011
6.777 -10.033
2.355 12.696
-10.554 -7.815
12.925 -1.231
-8.878 8.946
0.166 -12.095
8.223 9.820
-12.943 -0.765
10.073 -7.149
-2.463 11.963
-6.493 -10.515
12.194 3.306
-11.437 5.776
4.466 -12.223
4.506 12.340
-11.196 -5.615
12.460 -3.751
-6.723 11.230
-1.767 -12.668
10.830 7.956
-13.295 1.903
8.493 -10.404
0.563 14.019
-9.698 -9.408
12.690 1.170
-10.629 9.024
1.566 -13.109
7.457 11.406
-13.453 -3.643
12.485 -6.696
-4.402 13.669
-5.947 -12.327
12.872 4.952
-13.037 5.027
6.306 -11.968
3.071 14.356
-12.301 -7.222
14.010 -2.722
-9.189 11.420
-0.511 -14.546
10.131 9.604
-14.461 0.428
10.785 -9.969
-1.814 13.969
-8.948 -11.255
14.392 3.237
-12.717 8.074
3.646 -13.877
6.682 13.157
-14.570 -5.488
13.743 -5.443
-7.009 13.659
-3.395 -13.752
12.593 8.269
-14.999 3.540
8.026 -12.237
1.618 15.506
-11.596 -10.063
14.548 -0.327
-10.978 10.816
0.793 -15.835
10.035 12.819
-14.697 -2.166
12.547 -8.507
-3.893 15.345
-6.843 -13.876
14.606 5.016
-14.714 6.248
6.339 -13.763
5.067 14.101
-14.433 -8.028
15.483 -3.674
-8.760 13.361
-2.990 -15.532
12.309 10.115
-16.239 1.434
10.274 -11.704
-0.322 16.470
-10.417 -12.289
16.654 1.882
-12.894 9.900
3.264 -15.997
8.033 14.311
-15.362 -3.881
14.844 -6.951
-6.042 15.236
-6.885 -15.636
14.399 7.709
-16.077 4.976
8.089 -14.221
3.804 16.437
-13.777 -9.770
17.360 -1.773
-11.392 12.575
-1.071 -16.288
11.132 11.379
-16.190 -0.775
12.856 -11.253
-2.316 16.616
-9.057 -13.694
16.530 3.670
-15.472 7.893
6.315 -16.240
6.492 15.938
-16.330 -6.483
16.947 -4.676
-8.960 15.172
-3.791 -17.134
14.154 9.877
-17.564 2.644
10.442 -13.544
1.549 17.328
-12.158 -12.506
17.366 0.053
-12.932 11.670
2.049 -17.548
10.136 14.685
-16.993 -4.464
16.257 -9.055
-5.937 17.664
-7.926 -17.150
15.924 6.741
-17.163 6.430
8.238 -16.481
5.388 17.373
-15.532 -10.238
18.506 -3.375
-11.093 14.532
-1.611 -17.941
13.782 11.647
-17.827 0.071
13.994 -13.018
-0.531 18.704
-10.770 -14.378
18.593 2.761
-15.948 10.791
4.714 -16.978
8.931 16.041
-18.107 -6.983
17.034 -7.391
-7.530 16.894
-5.954 -18.032
16.692 10.057
-18.434 4.660
10.635 -16.191
1.988 19.284
-14.634 -12.502
19.307 -1.736
-13.647 14.292
1.062 -18.958
11.918 14.897
