1.332 -1.401
0.142 1.508
-1.137 -0.561
1.693 0.366
-2.016 0.967
0.922 -3.194
1.700 2.614
-3.573 -0.721
3.111 -1.379
-0.965 3.791
-1.669 -3.028
3.530 1.062
-3.787 1.314
2.650 -3.755
1.350 4.653
-3.346 -2.529
4.833 -0.730
-3.804 4.554
-0.256 -5.359
4.193 3.468
-5.202 0.244
4.611 -4.014
-0.218 5.440
-3.288 -5.278
6.294 1.100
-5.489 2.622
1.927 -5.341
3.025 5.234
-5.187 -2.406
6.311 -1.937
-2.232 5.530
-2.010 -6.582
5.995 3.368
-6.700 1.294
4.036 -6.314
1.083 6.652
-5.398 -5.133
7.486 -0.281
-6.008 5.211
0.340 -8.260
5.092 6.333
-7.237 -1.813
6.620 -3.735
-1.580 7.438
-3.870 -7.141
7.743 2.962
-7.410 3.000
2.463 -7.127
3.280 7.556
-7.061 -4.481
8.126 -2.015
-5.252 6.859
-1.415 -8.641
6.524 5.306
-8.208 0.340
5.807 -5.826
-0.335 8.697
-5.903 -6.878
8.521 1.314
-7.805 5.736
2.291 -8.948
4.609 8.812
-8.751 -3.022
9.103 -3.520
-3.486 8.948
-3.271 -8.816
9.136 4.108
-9.125 2.225
5.267 -7.957
1.808 9.006
-8.744 -5.731
9.929 -1.839
-6.689 7.920
-0.178 -10.556
8.006 7.646
-10.773 -0.907
8.521 -6.106
-1.438 10.139
-6.053 -9.069
10.411 2.804
-9.274 4.741
3.725 -10.145
3.336 10.025
-10.235 -4.636
10.998 -3.713
-4.765 10.268
-2.051 -10.867
9.332 5.964
-11.780 1.497
6.967 -8.468
0.381 12.177
-7.679 -7.156
11.767 -0.299
-8.960 7.830
1.177 -11.787
6.345 9.293
-10.504 -2.751
10.099 -5.249
-3.571 11.597
-5.344 -10.834
10.955 4.580
-11.015 4.349
5.464 -10.886
2.544 11.736
-10.416 -6.451
11.925 -2.094
-7.497 10.513
-1.710 -13.021
9.864 8.442
-12.603 -0.172
8.816 -8.283
-1.352 12.737
-8.440 -9.841
12.140 2.279
-10.316 6.538
3.054 -11.975
6.093 11.068
-12.100 -4.214
11.895 -5.278
-5.747 11.813
-3.738 -11.954
11.353 6.358
-12.748 2.964
7.885 -10.071
1.800 13.318
-10.604 -8.242
13.384 -1.118
-9.694 10.143
0.030 -13.511
7.974 9.941
-13.875 -1.377
10.518 -7.980
-3.025 13.288
-6.724 -12.208
13.489 4.330
-12.891 6.329
4.737 -12.841
5.379 12.699
-12.673 -5.886
12.990 -3.777
-8.194 12.182
-3.350 -13.866
11.690 8.187
-14.598 1.323
10.109 -10.472
0.129 13.959
-10.354 -10.105
14.663 0.833
-11.308 8.399
1.881 -14.255
7.669 12.601
-14.642 -3.539
12.515 -7.017
-4.822 13.946
-6.174 -14.293
13.462 6.105
-14.694 4.447
7.534 -11.995
2.800 14.803
-12.966 -8.330
14.379 -2.727
-10.030 11.936
-0.817 -15.332
10.341 10.237
-15.406 -0.383
11.942 -10.430
-2.251 16.124
-8.651 -12.077
14.835 3.116
-13.743 7.859
5.228 -14.561
6.538 13.991
-14.715 -6.244
14.303 -5.001
-6.624 13.440
-4.251 -15.959
13.398 8.585
-15.697 2.980
9.096 -12.940
1.274 15.881
-12.312 -10.685
15.556 -0.740
-12.072 11.209
1.604 -16.030
10.215 13.287
-16.079 -2.398
13.775 -8.765
-4.714 15.720
-7.880 -13.746
15.311 5.849
-15.157 6.237
6.465 -15.814
4.457 15.713
-14.748 -8.109
15.849 -4.059
-9.181 14.155
-2.542 -16.697
13.335 11.256
-16.959 0.541
10.973 -12.085
-0.452 15.912
-10.689 -12.185
17.025 1.430
-13.562 9.876
3.559 -16.028
8.843 14.439
-16.426 -5.646
16.069 -6.739
-6.955 15.741
-6.680 -16.250
15.136 8.942
-17.138 4.094
9.692 -14.629
2.727 17.042
-14.103 -10.798
16.997 -1.897
-11.389 13.151
0.551 -17.434
12.026 12.529
-17.378 -1.195
14.047 -10.716
-3.522 17.492
-8.593 -15.325
17.807 5.405
-16.831 7.999
6.831 -17.615
6.212 16.137
-16.548 -7.880
17.578 -5.523
-8.754 15.945
-3.424 -18.284
15.283 10.968
-18.159 2.115
11.786 -13.621
1.195 18.005
-12.435 -12.774
19.085 1.024
-13.824 12.611
2.862 -17.735
10.929 15.293
-18.841 -3.976
15.487 -8.403
-5.335 17.567
-7.555 -17.876
17.149 7.119
-17.383 6.319
8.835 -16.809
4.361 18.993
-16.157 -10.024
19.035 -3.597
-12.491 14.826
-1.173 -19.211
14.660 12.682
-19.761 0.111
14.375 -12.406
-2.437 18.922
