1.433 1.297
-1.504 0.179
0.533 -1.151
-0.324 1.701
-1.016 -1.992
3.216 0.844
-2.571 1.764
0.634 -3.590
1.455 3.077
-3.814 -0.872
2.986 -1.743
-0.975 3.555
-1.406 -3.754
3.818 2.558
-4.618 1.464
2.447 -3.407
0.848 4.813
-4.646 -3.691
5.351 -0.387
-3.364 4.276
-0.371 -5.195
4.126 4.511
-5.444 -0.085
5.196 -3.416
-0.945 6.319
-2.755 -5.423
5.387 1.796
-5.159 3.152
2.278 -5.244
2.090 6.262
-5.583 -2.096
6.531 -2.170
-3.221 6.075
-1.457 -6.666
6.411 3.881
-6.624 1.245
5.000 -5.521
0.464 7.477
-5.357 -5.879
8.265 0.138
-6.206 5.246
1.635 -7.280
3.896 6.527
-7.475 -1.397
7.044 -4.044
-2.772 7.813
-3.180 -7.334
7.185 2.289
-7.474 3.463
4.307 -7.168
2.213 8.074
-6.986 -5.083
8.604 -1.626
-5.145 6.652
-0.541 -8.197
5.966 5.663
-8.703 -0.123
6.731 -6.070
-1.105 8.551
-5.925 -7.663
9.001 2.072
-8.697 4.823
2.807 -8.822
3.742 9.014
-9.031 -3.266
8.734 -3.485
-3.884 9.233
-2.448 -9.067
8.084 5.071
-8.959 2.028
5.516 -8.882
2.081 9.881
-8.081 -6.493
10.548 -0.436
-7.448 8.191
0.644 -10.792
6.312 8.370
-10.171 -1.190
8.919 -6.273
-2.549 10.476
-4.966 -9.156
10.233 3.476
-9.940 3.580
4.385 -10.345
3.980 10.904
-10.382 -4.513
10.814 -2.316
-5.734 9.475
-1.784 -11.739
8.636 6.758
-12.164 0.678
6.966 -7.852
0.586 11.756
-8.047 -8.766
11.812 0.889
-9.135 6.570
2.493 -10.568
5.495 9.968
-11.681 -3.287
10.700 -5.607
-4.311 11.064
-4.617 -10.906
11.016 5.197
-11.671 2.830
6.194 -10.570
2.385 11.870
-10.693 -7.238
12.975 -2.028
-8.199 10.067
-0.136 -12.603
8.495 8.611
-12.766 -1.040
9.632 -8.678
-1.982 12.192
-6.788 -10.153
12.046 2.760
-10.915 6.361
3.918 -12.199
5.567 11.762
-11.950 -5.456
11.859 -4.029
-6.078 11.505
-3.275 -12.672
10.261 7.637
-13.270 2.125
7.980 -10.802
1.445 13.353
-10.377 -9.443
13.508 -0.300
-9.743 8.214
1.038 -13.905
8.234 10.320
-13.358 -2.699
12.040 -7.021
-3.999 13.591
-6.642 -12.732
12.953 4.421
-12.564 5.688
5.575 -12.813
4.094 12.894
-12.378 -7.894
13.780 -3.687
-7.899 11.887
-1.680 -14.561
10.716 9.850
-13.952 0.470
9.849 -10.598
-0.475 14.679
-8.673 -11.100
14.297 1.532
-12.410 7.974
3.180 -14.725
7.320 12.340
-14.060 -4.480
14.138 -6.521
-5.774 13.607
-4.804 -14.581
12.175 7.239
-14.730 3.161
8.011 -13.165
3.078 14.308
-12.177 -9.736
15.308 -1.191
-9.982 10.588
0.007 -15.411
10.718 11.684
-16.174 -1.856
11.862 -8.944
-2.753 14.907
-8.193 -13.547
14.684 4.871
-13.827 6.878
5.882 -14.863
5.349 14.177
-13.598 -6.294
15.850 -4.640
-8.255 13.604
-3.363 -15.619
13.158 8.777
-15.845 1.662
10.381 -12.569
1.120 15.533
-11.501 -11.794
16.065 1.212
-13.034 10.536
2.005 -16.133
9.099 13.557
-15.830 -4.329
13.550 -8.213
-5.473 15.450
-6.605 -15.000
15.968 6.077
-15.599 4.840
7.746 -14.941
4.445 15.745
-14.375 -8.833
16.630 -2.950
-10.927 13.606
-0.955 -16.941
12.350 10.674
-15.919 -0.063
11.920 -10.984
-1.014 17.055
-10.205 -13.316
16.110 3.166
-14.219 9.193
5.243 -16.559
7.129 15.900
-15.906 -6.569
16.082 -7.075
-8.570 15.350
-4.511 -17.033
14.861 9.331
-16.971 3.142
10.450 -14.363
2.312 16.945
-13.425 -11.064
17.442 0.124
-12.232 12.328
0.770 -17.402
11.056 13.781
-17.573 -3.094
15.110 -8.965
-4.968 17.934
-8.408 -16.630
17.777 6.398
-15.981 6.605
7.473 -16.736
5.951 17.438
-16.154 -8.362
18.195 -3.870
-10.591 15.547
-2.558 -18.102
13.905 11.450
-17.970 1.635
12.466 -12.743
-0.557 19.104
-12.945 -13.511
17.800 2.427
-15.021 11.300
3.515 -18.932
8.779 15.277
-17.692 -4.904
17.686 -7.990
-6.698 17.318
-6.742 -17.224
17.020 8.421
-18.881 4.824
9.626 -16.397
4.061 18.941
-15.127 -12.125
19.177 -1.642
-12.320 14.966
-0.593 -19.752
12.753 14.068
-18.976 -1.974
