-1.431 1.299
-0.031 -1.514
1.093 0.643
-1.662 -0.489
2.082 -0.817
-1.154 3.118
-1.504 -2.731
3.511 0.981
-3.204 1.148
1.240 -3.711
1.443 3.142
-3.443 -1.317
3.874 -1.033
-2.918 3.551
-1.006 -4.739
3.152 2.768
-4.873 0.374
4.127 -4.264
-0.137 5.363
-3.928 -3.765
5.206 0.137
-4.892 3.666
0.615 -5.410
2.893 5.505
-6.196 -1.558
5.666 -2.213
-2.313 5.186
-2.634 -5.442
4.997 2.779
-6.436 1.469
2.631 -5.351
1.522 6.711
-5.732 -3.798
6.776 -0.800
-4.488 6.001
-0.593 -6.714
5.007 5.515
-7.486 -0.268
6.373 -4.757
-0.944 8.213
-4.615 -6.689
7.085 2.338
-6.876 3.240
2.120 -7.303
3.337 7.405
-7.505 -3.521
7.610 -2.449
-2.979 6.927
-2.717 -7.776
6.714 4.986
-8.252 1.415
5.740 -6.456
0.779 8.722
-6.118 -5.770
8.211 0.262
-6.218 5.385
0.971 -8.649
5.384 7.292
-8.402 -1.935
8.204 -5.149
-2.940 8.756
-3.951 -9.126
8.506 3.655
-9.336 2.844
4.132 -8.669
2.616 9.032
-8.810 -4.766
9.263 -1.551
-5.835 7.550
-1.144 -9.114
8.301 6.356
-10.037 1.107
7.251 -7.409
-0.595 10.541
-7.425 -8.212
10.678 1.694
-8.946 5.466
2.177 -10.006
5.373 9.488
-10.177 -3.559
9.597 -4.049
-4.458 9.844
-2.593 -10.242
9.868 5.373
-11.240 2.897
5.505 -9.892
1.250 10.988
-8.870 -6.631
11.858 -0.630
-7.568 7.935
0.512 -12.172
7.134 7.699
-11.757 -0.563
9.509 -7.153
-2.037 11.669
-5.648 -9.733
10.274 3.513
-10.456 4.496
4.411 -11.304
4.536 11.196
-10.590 -5.370
11.304 -3.531
-6.247 10.457
-1.678 -11.891
9.915 7.196
-12.046 1.215
8.247 -9.936
0.752 13.111
-9.219 -9.142
12.556 1.094
-9.398 7.615
2.281 -12.604
7.697 10.433
-11.940 -3.162
10.767 -5.765
-3.923 11.719
-5.266 -11.484
11.759 5.089
-12.249 4.393
6.596 -11.361
2.853 12.196
-10.857 -7.172
12.931 -2.023
-8.602 9.467
-0.820 -13.414
9.972 8.996
-13.430 0.135
10.410 -9.406
-1.020 13.473
-7.224 -10.498
13.737 2.390
-11.074 7.188
3.990 -13.030
5.812 12.667
-13.136 -5.306
13.319 -5.368
-5.664 12.460
-4.435 -13.059
12.207 6.799
-13.232 2.816
9.064 -11.549
2.325 14.074
-11.059 -9.021
14.655 -0.251
-10.849 9.703
0.894 -13.931
9.586 10.836
-14.563 -1.905
11.893 -7.548
-2.920 14.079
-6.725 -13.129
14.344 4.602
-12.995 6.081
5.831 -13.555
5.110 14.707
-12.979 -7.074
14.980 -3.359
-8.393 11.411
-1.708 -14.968
12.321 9.257
-14.540 1.667
10.877 -11.169
-0.309 15.351
-9.564 -10.967
15.337 1.511
-12.674 9.527
3.426 -15.915
7.744 12.678
-14.567 -4.194
14.281 -6.832
-6.280 14.139
-5.496 -14.432
14.219 7.305
-14.631 3.940
7.591 -12.919
3.071 16.227
-12.734 -9.543
15.873 -1.822
-10.019 12.239
-0.108 -15.931
11.496 11.558
-15.568 -0.401
12.860 -10.295
-2.773 15.870
-9.214 -14.000
15.860 3.569
-14.380 7.732
5.853 -15.332
6.852 14.286
-14.842 -6.955
15.573 -5.110
-7.606 15.298
-3.294 -15.997
14.114 9.167
-16.104 2.888
10.194 -13.445
1.313 16.839
-12.475 -12.203
16.954 0.703
-11.828 11.249
1.616 -15.836
9.768 12.935
-16.875 -2.673
14.248 -8.857
-4.723 15.724
-7.761 -15.048
15.968 6.834
-16.520 5.544
8.089 -15.189
5.472 16.696
-14.440 -10.027
17.392 -2.828
-10.737 13.880
-1.471 -17.196
13.274 11.802
-17.090 0.647
12.322 -12.282
-1.826 17.346
-11.076 -13.376
17.244 2.465
-14.794 9.658
4.794 -17.188
7.447 15.913
-17.363 -6.694
17.371 -6.745
-8.103 17.068
-5.014 -16.549
15.927 9.070
-17.936 4.221
9.898 -15.261
2.076 18.486
-14.439 -12.058
18.265 -0.780
-12.752 12.721
0.126 -18.044
11.466 13.650
-18.959 -2.419
14.710 -11.565
-4.153 17.478
-9.780 -16.052
18.499 5.345
-16.061 7.246
6.607 -17.129
6.226 18.381
-16.582 -8.356
17.799 -5.029
-10.042 16.117
-2.958 -19.261
15.380 11.180
-19.247 2.193
13.543 -13.871
-0.238 19.245
-13.692 -13.722
19.716 1.337
-15.245 11.319
3.816 -18.692
