-0.160 1.926
-1.055 -1.087
1.238 -0.275
-1.549 0.776
0.965 -2.017
1.283 3.067
-2.963 -0.971
3.237 -1.677
-1.561 3.025
-1.624 -3.559
3.198 1.314
-3.417 1.385
2.128 -3.397
0.287 4.587
-3.968 -2.780
4.192 -0.125
-3.309 3.597
0.110 -5.933
3.557 4.016
-5.441 -0.075
3.901 -3.450
-1.078 6.017
-3.239 -4.376
5.870 2.053
-5.594 3.087
2.635 -5.483
1.845 5.370
-5.638 -2.183
5.550 -1.375
-3.705 5.464
-1.726 -5.708
5.690 3.870
-6.782 1.131
4.411 -5.206
0.811 7.450
-5.012 -4.506
7.423 0.618
-5.658 4.910
1.417 -7.826
4.911 6.650
-7.937 -1.744
6.776 -3.122
-2.819 7.059
-3.430 -6.787
7.491 3.140
-7.890 2.543
3.895 -6.981
2.546 7.098
-7.291 -3.834
8.311 -0.932
-5.070 6.662
-0.205 -8.637
6.518 5.848
-8.410 -0.047
6.184 -5.408
-0.875 8.179
-5.188 -6.988
8.910 1.661
-7.464 4.315
2.489 -9.361
3.821 8.409
-9.114 -3.979
8.714 -3.129
-4.888 8.447
-2.890 -9.158
8.073 4.821
-9.694 2.523
5.717 -7.452
0.882 9.502
-7.052 -5.885
10.406 -1.013
-6.586 7.655
0.250 -10.364
6.753 8.115
-11.031 -0.942
8.964 -6.043
-2.815 10.098
-5.232 -8.803
10.400 3.275
-9.870 4.338
4.257 -9.506
3.453 10.240
-8.882 -5.722
10.881 -2.800
-6.245 9.785
-2.720 -10.988
8.408 7.184
-11.010 1.200
8.242 -8.548
-0.123 10.965
-7.927 -9.251
10.469 0.765
-8.983 7.606
2.077 -11.717
6.468 9.924
-10.768 -3.267
9.910 -4.438
-4.581 10.419
-4.483 -11.276
10.954 5.095
-11.407 3.295
5.859 -10.292
2.563 11.908
-9.337 -7.552
12.160 -1.499
-7.981 9.104
-0.745 -12.891
9.492 9.076
-12.978 -0.399
9.929 -7.763
-1.680 11.979
-6.927 -10.773
12.745 2.381
-10.889 5.831
3.943 -11.560
5.124 11.246
-11.683 -4.808
12.071 -4.297
-5.963 11.567
-2.924 -12.808
10.404 6.974
-12.832 2.159
8.078 -10.298
0.165 12.790
-9.748 -9.251
13.429 -0.222
-9.730 9.258
1.199 -13.979
8.443 10.549
-12.443 -2.751
11.677 -7.621
-3.197 12.810
-5.969 -12.251
12.890 5.300
-13.225 5.078
6.080 -13.010
4.355 12.976
-12.149 -6.526
13.565 -3.353
-7.757 11.083
-1.247 -14.628
11.299 8.707
-14.241 0.945
10.547 -10.178
-1.316 14.495
-8.847 -10.798
14.401 1.387
-11.950 8.539
3.550 -13.632
7.466 12.288
-13.873 -5.015
13.629 -6.417
-5.357 13.310
-4.980 -13.890
13.767 7.270
-14.317 3.678
8.666 -12.673
1.644 14.069
-11.457 -9.782
15.324 -1.632
-9.497 11.135
0.338 -15.587
10.244 11.437
-14.474 -1.499
12.247 -9.355
-2.772 15.611
-8.349 -13.976
14.310 3.991
-13.514 6.867
5.786 -14.736
5.050 14.624
-13.862 -6.807
15.381 -4.355
-8.014 12.860
-3.259 -14.625
13.313 9.774
-15.821 1.705
10.366 -12.158
1.019 15.784
-10.944 -11.578
16.290 0.613
-11.659 10.324
2.384 -16.300
8.795 13.498
-16.287 -3.955
14.034 -8.206
-5.243 15.462
-6.176 -15.205
14.754 5.776
-15.598 5.036
7.904 -14.358
4.871 16.376
-13.319 -9.453
16.574 -2.922
-9.808 13.095
-1.714 -16.785
12.444 11.420
-17.446 -0.416
12.878 -11.048
-0.979 16.294
-9.618 -12.684
15.966 2.798
-14.165 9.553
4.380 -16.195
7.269 14.721
-15.939 -5.712
16.339 -5.892
-8.301 15.321
-4.443 -16.626
15.388 8.479
-17.399 2.515
10.791 -13.929
1.613 17.474
-12.804 -11.573
17.757 -0.422
-12.057 12.129
0.635 -17.386
10.495 13.932
-17.223 -2.229
14.292 -9.958
-4.232 17.153
-8.216 -15.840
16.299 6.559
-17.264 6.946
8.104 -16.780
5.714 18.008
-14.953 -8.684
17.834 -4.228
-10.239 15.319
-3.168 -17.912
14.126 12.104
-18.783 1.029
12.826 -13.027
-0.650 18.001
-12.213 -13.283
17.695 2.163
-15.515 11.161
2.871 -18.490
8.883 15.615
-18.100 -5.070
17.175 -8.707
-6.805 16.253
-6.850 -17.033
17.089 9.197
-17.826 5.198
9.588 -15.817
3.647 18.636
-15.300 -12.069
18.873 -2.312
-12.581 14.731
0.444 -19.381
12.952 14.237
-19.372 -0.697
15.331 -12.468
-3.430 18.676
-9.957 -16.273
