0.794 -1.762
0.632 1.377
-1.259 -0.154
1.719 -0.214
-1.583 1.579
-0.185 -3.319
2.469 1.905
-3.611 0.500
2.481 -2.330
0.343 3.897
-2.576 -2.306
3.683 -0.165
-3.140 2.492
1.260 -4.420
2.812 3.945
-3.994 -1.281
4.320 -2.287
-2.084 5.556
-2.013 -4.973
5.103 1.887
-4.829 1.950
3.025 -5.312
1.593 5.207
-4.848 -3.895
6.304 -1.042
-4.314 4.289
0.054 -5.678
4.585 3.940
-5.691 -0.556
5.317 -3.914
-0.279 5.957
-4.072 -5.548
6.771 1.198
-5.895 3.435
1.722 -7.293
3.221 5.921
-6.791 -3.061
6.973 -2.739
-3.948 6.904
-2.409 -7.908
6.899 4.294
-7.430 0.681
5.013 -5.713
0.968 7.542
-6.013 -5.460
8.286 0.236
-6.002 5.280
-0.031 -7.541
5.593 6.048
-8.145 -1.896
7.003 -4.588
-2.690 8.210
-4.192 -7.688
7.912 2.852
-7.634 3.034
3.555 -7.418
2.558 8.319
-7.845 -4.540
8.477 -1.576
-5.471 7.993
-0.795 -9.202
7.263 6.793
-9.258 0.040
7.428 -6.331
-0.332 9.597
-6.001 -7.240
9.980 0.858
-7.876 5.116
2.341 -9.251
4.683 7.902
-10.147 -2.519
8.763 -5.017
-3.695 9.686
-3.657 -9.904
10.083 4.570
-10.468 2.704
6.024 -8.579
1.993 10.045
-8.711 -6.559
10.752 -0.795
-7.186 7.540
0.163 -10.806
6.462 8.359
-11.192 -0.993
9.153 -7.139
-1.104 11.266
-5.528 -9.578
10.779 2.544
-10.623 5.306
3.776 -10.295
4.384 11.367
-9.613 -4.216
11.006 -4.171
-5.869 10.351
-2.785 -11.514
9.060 6.674
-10.823 0.875
7.797 -8.292
0.462 12.125
-8.625 -8.459
11.853 0.701
-8.959 7.746
1.559 -12.080
6.280 10.236
-11.963 -2.646
10.562 -5.918
-3.601 12.400
-5.918 -11.724
12.100 4.708
-11.951 4.003
5.583 -10.731
2.934 12.468
-11.219 -6.499
12.211 -1.861
-7.576 9.580
-1.076 -12.311
9.408 8.432
-12.813 0.021
9.482 -8.913
-1.519 13.049
-7.479 -10.046
12.817 2.248
-11.052 7.011
4.113 -12.111
6.100 11.974
-12.732 -4.274
12.262 -5.479
-5.796 12.777
-4.437 -12.762
10.811 6.747
-13.551 3.286
7.290 -11.008
1.537 13.541
-10.381 -9.299
14.162 -0.372
-10.074 10.234
0.226 -13.685
9.274 10.207
-13.906 -1.367
11.012 -7.858
-3.707 14.205
-7.744 -11.979
13.739 3.863
-13.340 6.074
6.080 -13.225
4.735 13.132
-13.112 -6.115
14.115 -4.060
-7.897 11.665
-2.936 -14.076
11.403 9.359
-14.989 1.499
9.493 -10.759
0.058 14.756
-10.551 -11.449
14.723 1.312
-12.399 9.053
3.146 -13.811
7.535 13.045
-14.990 -3.577
12.669 -7.326
-5.522 14.580
-5.838 -14.201
13.144 6.244
-14.667 4.730
7.824 -13.790
3.205 15.961
-12.157 -8.539
15.031 -1.962
-10.373 11.960
0.122 -15.471
10.794 11.043
-15.952 -1.029
11.847 -9.447
-1.810 14.874
-9.287 -13.657
15.483 3.674
-13.830 8.001
4.308 -15.219
6.452 14.567
-15.151 -6.015
14.437 -5.840
-7.689 14.569
-3.785 -15.659
14.032 9.165
-15.968 3.051
10.104 -12.825
0.746 16.395
-11.980 -10.369
16.384 0.460
-12.244 10.896
0.875 -17.063
9.400 13.357
-16.599 -2.779
13.616 -9.070
-3.987 16.394
-7.918 -14.919
16.306 6.216
-15.828 6.116
6.362 -15.033
4.833 15.167
-14.116 -7.967
16.541 -4.277
-9.535 13.804
-1.938 -16.303
13.118 10.705
-17.369 0.100
12.939 -11.671
-1.362 17.155
-11.675 -13.129
17.241 3.437
-14.822 9.528
4.312 -17.010
8.206 15.183
-16.879 -5.530
15.414 -7.408
-6.402 16.176
-5.242 -16.636
15.491 7.850
-16.797 4.616
9.715 -14.756
2.457 17.674
-13.175 -11.624
18.592 -0.785
-13.241 13.113
0.625 -18.883
11.197 13.177
-18.222 -1.967
14.765 -11.022
-2.992 17.942
-9.275 -16.125
18.049 5.300
-16.439 7.998
6.622 -16.751
7.079 16.598
-15.958 -7.946
18.351 -5.342
-8.879 16.471
-3.161 -17.684
15.370 10.821
-19.096 2.474
11.840 -13.049
0.771 18.343
-13.039 -14.374
18.538 1.051
-14.318 11.709
2.783 -18.784
10.394 16.484
-18.562 -4.120
16.776 -9.686
-6.888 18.121
-7.456 -17.744
18.028 7.124
-18.614 6.636
9.467 -16.460
3.954 18.664
