-1.363 1.370
-0.108 -1.511
1.124 0.587
-1.684 -0.404
2.038 -0.921
-0.994 3.172
-1.641 -2.652
3.556 0.802
-3.142 1.308
1.051 -3.769
1.600 3.065
-3.505 -1.142
3.816 -1.228
-2.735 3.694
-1.244 -4.682
3.288 2.605
-4.848 0.621
3.906 -4.467
0.134 5.363
-4.113 -3.562
5.207 -0.126
-4.700 3.908
0.341 -5.434
3.168 5.352
-6.267 -1.242
5.547 -2.497
-2.048 5.296
-2.906 -5.301
5.131 2.523
-6.354 1.793
2.357 -5.478
1.860 6.626
-5.917 -3.504
6.727 -1.141
-4.178 6.221
-0.932 -6.675
5.280 5.254
-7.490 0.111
6.125 -5.074
-0.527 8.250
-4.948 -6.447
7.194 1.977
-6.703 3.584
1.748 -7.401
3.707 7.227
-7.673 -3.137
7.476 -2.831
-2.624 7.069
-3.107 -7.629
6.958 4.640
-8.169 1.830
5.406 -6.739
1.219 8.671
-6.402 -5.453
8.214 -0.154
-5.938 5.693
0.533 -8.687
5.746 7.010
-8.489 -1.507
7.933 -5.557
-2.493 8.894
-4.408 -8.914
8.680 3.220
-9.180 3.313
3.688 -8.867
3.070 8.888
-9.040 -4.314
9.173 -2.018
-5.446 7.836
-1.604 -9.044
8.612 5.928
-9.968 1.613
6.866 -7.767
-0.061 10.557
-7.831 -7.826
10.750 1.152
-8.658 5.911
1.668 -10.104
5.846 9.204
-10.344 -3.039
9.379 -4.529
-3.954 10.057
-3.108 -10.098
10.127 4.867
-11.079 3.462
4.997 -10.157
1.804 10.911
-9.194 -6.174
11.810 -1.229
-7.157 8.308
-0.105 -12.182
7.515 7.328
-11.770 0.032
9.135 -7.625
-1.444 11.757
-6.133 -9.435
10.439 2.989
-10.216 5.019
3.834 -11.513
5.097 10.953
-10.848 -4.827
11.111 -4.098
-5.710 10.759
-2.277 -11.791
10.267 6.686
-11.969 1.823
7.734 -10.340
1.414 13.056
-9.670 -8.664
12.596 0.457
-9.001 8.080
1.640 -12.703
8.215 10.030
-12.085 -2.554
10.462 -6.302
-3.325 11.903
-5.840 -11.203
12.001 4.488
-12.012 5.007
6.013 -11.680
3.466 12.036
-11.206 -6.613
12.812 -2.674
-8.112 9.890
-1.497 -13.355
10.415 8.480
-13.406 0.814
9.921 -9.921
-0.337 13.507
-7.746 -10.119
13.840 1.692
-10.697 7.739
3.325 -13.216
6.446 12.357
-13.387 -4.634
13.031 -6.035
-5.027 12.730
-5.090 -12.818
12.536 6.172
-13.072 3.482
8.468 -11.993
3.034 13.938
-11.502 -8.450
14.624 -0.992
-10.344 10.240
0.188 -13.959
10.122 10.337
-14.641 -1.166
11.496 -8.140
-2.204 14.209
-7.381 -12.772
14.558 3.870
-12.671 6.731
5.138 -13.833
5.848 14.429
-13.320 -6.409
14.791 -4.112
-7.805 11.821
-2.463 -14.862
12.774 8.622
-14.437 2.400
10.298 -11.705
0.468 15.347
-10.106 -10.469
15.394 0.733
-12.175 10.156
2.616 -16.068
8.375 12.270
-14.760 -3.452
13.918 -7.545
-5.557 14.439
-6.219 -14.135
14.570 6.576
-14.413 4.675
6.927 -13.286
3.888 16.051
-13.200 -8.887
15.760 -2.623
-9.387 12.730
-0.914 -15.905
12.066 10.962
-15.569 0.387
12.323 -10.933
-1.967 15.990
-9.910 -13.516
16.020 2.762
-13.970 8.450
5.070 -15.609
7.566 13.921
-15.175 -6.195
15.295 -5.892
-6.822 15.664
-4.099 -15.810
14.560 8.441
-15.937 3.699
9.500 -13.943
2.163 16.751
-13.076 -11.556
16.967 -0.156
-11.244 11.833
0.813 -15.898
10.410 12.424
-16.989 -1.816
13.782 -9.566
-3.922 15.943
-8.513 -14.636
16.293 6.018
-16.218 6.372
7.311 -15.579
6.309 16.398
-14.929 -9.283
17.227 -3.704
-10.021 14.405
-2.339 -17.100
13.854 11.115
-17.035 1.511
11.685 -12.889
-0.946 17.417
-11.738 -12.799
17.347 1.589
-14.286 10.394
3.918 -17.408
8.243 15.516
-17.680 -5.807
17.008 -7.615
-7.229 17.456
-5.844 -16.274
16.365 8.253
-17.699 5.123
9.114 -15.742
3.009 18.357
-15.030 -11.312
18.202 -1.703
-12.092 13.350
-0.787 -18.027
12.142 13.053
-19.057 -1.456
14.106 -12.294
-3.263 17.666
-10.580 -15.537
18.745 4.403
-15.674 8.049
5.732 -17.441
7.148 18.042
-16.983 -7.506
17.522 -5.923
-9.214 16.604
-3.929 -19.087
15.926 10.388
-19.112 3.164
12.824 -14.539
0.736 19.233
-14.369 -13.011
19.758 0.338
-14.653 12.076
2.865 -18.862
