-8.52670, -13.81868
-5.95446, -16.59884
-0.39872, -18.66760
1.99236, -19.20117
0.22599, -16.91211
3.40579, -17.14076
4.20936, -15.56836
1.70609, -15.30941
-4.51054, -18.93017
-5.52122, -14.86862
-3.76953, -15.12635
-1.71869, -12.46342
-3.52584, -11.57573
-4.59969, -13.20192
-6.71291, -11.10977
-6.54934, -13.39798
7.54372, -13.53218
9.02047, -14.57220
9.42664, -10.62543
6.81525, -11.94739
9.45078, -8.69808
7.20862, -9.89923
4.97526, -11.39468
4.20071, -13.78700
2.22265, -13.33088
0.45313, -13.16803
-1.00937, -14.25806
-1.57236, -16.49990
-3.93343, -17.15296
5.72650, -17.12390
6.15569, -15.26114
9.64758, -16.31402
0.04513, -8.80039
-1.80244, -9.28142
-0.21914, -11.09709
-4.46647, -9.97369
-2.66646, -7.74586
-0.86396, -6.84761
-2.38285, -5.77362
-2.86357, -3.06780
1.56953, -10.50656
3.07110, -11.46020
5.32571, -9.42189
3.73082, -8.48538
3.61176, -6.69249
2.77952, -5.00658
1.70846, -8.11870
0.60606, -5.34766
16.24690, -9.92787
15.61113, -8.28894
12.81533, -10.19461
13.48453, -8.37670
11.66934, -6.20151
10.05088, -6.76611
11.71308, -8.74086
11.09912, -11.32868
-4.71033, -3.27252
-4.44951, -5.96744
-4.69192, -7.78031
-7.66183, -7.15020
-6.38157, -8.34645
11.97371, -12.87238
11.48723, -15.23255
13.88926, -11.52410
5.23419, -3.23229
3.22477, -3.33510
5.05428, -5.60334
13.51926, -4.93561
15.06337, -6.42630
16.69584, -5.79843
16.95572, -4.06827
18.28149, -2.59751
6.52548, -7.04781
8.28390, -7.25859
6.70392, -4.86560
9.42936, -4.67030
9.60828, -2.00500
7.14363, -2.65644
6.56546, -0.93008
3.27914, -0.88210
11.68505, 1.58898
8.23304, 2.68626
9.85659, 4.44044
8.33372, 5.49564
7.19882, 4.14543
6.08626, 2.08110
3.35773, 1.59338
4.90894, 0.03734
14.94538, -2.63702
13.44674, -1.63179
11.51440, -1.89776
12.63241, -3.31398
10.83347, -3.54542
7.47178, 0.92214
8.35921, -0.70808
10.14035, -0.22338
11.65784, 4.20272
13.40162, 1.03842
12.11684, -0.15927
12.63600, 6.41806
14.15831, 5.46594
14.17896, 8.21993
16.71866, 8.22385
15.79019, 9.75436
14.64192, -0.37701
16.34325, -1.45256
19.42440, -0.47719
17.12183, 0.85767
18.69732, 4.10718
15.49340, 1.74204
16.59285, 4.17995
14.32428, 3.17323
8.58132, 11.73085
11.84400, 10.62300
11.34524, 13.23893
9.86840, 14.28536
12.42704, 14.86648
8.30361, 16.86940
7.96582, 14.71419
4.76704, 10.16234
13.47667, 11.26009
13.30642, 13.25552
12.33717, 8.21082
10.14345, 8.08346
10.09508, 6.24233
6.24850, 11.05441
8.37829, 9.89210
10.22171, 9.93231
-0.09396, 17.22244
0.39393, 15.02464
-0.35235, 13.36988
-5.14031, 12.58816
-4.83695, 15.52261
-3.40612, 12.31865
-2.13731, 13.77368
-1.31094, 15.85398
0.60935, 11.93914
3.26672, 13.38946
5.55410, 13.68953
4.19503, 14.82103
6.39386, 15.68895
3.49582, 16.92162
1.83754, 16.17549
1.24644, 19.45839
5.38786, 4.27681
5.56958, 6.28960
8.26721, 7.36793
6.67138, 8.78767
4.24320, 11.91393
1.69002, 10.36671
3.14988, 9.40081
2.14408, 5.61372
-3.03219, 15.58154
-1.73233, 17.93301
-5.46906, 18.29300
-6.29709, 16.66687
-8.12067, 16.40871
-7.18930, 14.69035
3.60136, 4.04913
3.98473, 7.05318
-5.41649, 10.81484
-4.89938, 8.24115
-6.37740, 9.28272
-11.82883, 10.09647
-9.08371, 9.09407
-10.07225, 10.65676
-7.55764, 10.68019
-7.01400, 12.99284
-2.74312, 7.07340
-1.06318, 5.30864
0.01349, 6.71714
-1.72463, 8.51177
2.03278, 7.97851
0.34383, 9.15871
-1.62557, 12.05099
-3.02624, 9.72929
1.61848, 0.62285
1.29556, 2.82935
-0.09310, 1.46352
0.58813, 4.74459
-1.55662, 3.55875
-2.14276, 0.55895
-3.37653, -1.33576
-1.13799, -3.32368
-8.70476, 12.16179
-9.39138, 14.37624
-11.22363, 14.26885
-11.38515, 12.43313
-14.71645, 12.56580
-0.98156, -0.81533
1.45871, -3.06459
1.54450, -1.21861
-10.13015, 6.20406
-9.93579, 3.12844
-11.58590, 2.45114
-14.84282, 5.49453
-13.70870, 4.07601
-11.23812, 4.71550
-12.50636, 6.39655
-11.22281, 8.41498
-3.89787, 0.65857
-5.81044, 1.66673
-4.50075, 3.85027
-3.10856, 5.06371
-6.77916, 4.11275
-6.31145, 5.88292
-7.86956, 6.68012
-8.61725, 4.37326
-6.85544, -2.99114
-5.16750, -0.62372
-6.80562, 0.17634
-7.79640, 1.73072
-8.09931, -1.03254
-9.31824, 0.68772
-10.45217, -2.69603
-9.88667, -4.45738
-13.73174, 9.05105
-13.39585, 11.09987
-15.67610, 10.16250
-14.93415, 7.49785
-17.90657, 5.13133
-9.32003, -6.29416
-8.16114, -4.43119
-6.21924, -5.58219
-17.58486, 1.18068
-18.25561, -0.92839
-15.94266, 0.34256
-15.25115, -8.30735
-13.47443, -8.59239
-11.23852, -6.15792
-13.87964, -5.92809
-13.45279, -3.65443
-16.85081, -2.27468
-14.58685, -1.10480
-12.39712, -2.22823
-11.88089, -0.44150
-13.03183, 0.82733
-15.21860, 1.95189
-15.94431, 3.63730
-18.18795, 3.34857
-9.10410, -9.90335
-9.19841, -8.06812
-11.52351, -7.92682
-11.38398, -10.37325
-13.20739, -10.42680
-15.02976, -10.51313
-14.24392, -12.54902
-12.12177, -13.03561
-15.45268, -5.05127
-15.14050, -2.93263
-16.96235, -4.04994
-19.52161, -3.14463
-17.92838, -7.04731
-10.15349, -14.69294
-10.40579, -12.58502
-8.55259, -11.66972
