0.062 1.931
-1.173 -0.958
1.198 -0.416
-1.449 0.949
0.727 -2.115
1.627 2.899
-3.055 -0.625
3.022 -2.037
-1.203 3.184
-2.022 -3.349
3.328 0.937
-3.235 1.768
1.724 -3.619
0.813 4.523
-4.261 -2.305
4.150 -0.606
-2.873 3.954
-0.572 -5.906
3.995 3.581
-5.413 0.551
3.479 -3.876
-0.379 6.101
-3.721 -3.975
6.067 1.365
-5.202 3.709
1.987 -5.749
2.450 5.123
-5.851 -1.521
5.355 -2.004
-3.053 5.854
-2.370 -5.472
6.097 3.190
-6.608 1.903
3.783 -5.679
1.662 7.307
-5.497 -3.900
7.445 -0.239
-5.056 5.527
0.508 -7.937
5.643 6.041
-8.085 -0.821
6.373 -3.880
-1.989 7.336
-4.187 -6.348
7.802 2.258
-7.545 3.433
3.067 -7.382
3.345 6.758
-7.683 -2.971
8.149 -1.881
-4.271 7.201
-1.196 -8.556
7.147 5.060
-8.359 0.920
5.521 -6.083
0.071 8.226
-5.957 -6.345
9.042 0.626
-6.919 5.145
1.396 -9.585
4.763 7.914
-9.511 -2.905
8.296 -4.109
-3.885 8.953
-3.924 -8.765
8.574 3.862
-9.340 3.620
4.822 -8.059
1.968 9.337
-7.682 -5.036
10.221 -2.202
-5.663 8.361
-0.943 -10.324
7.641 7.285
-11.066 0.332
8.210 -7.034
-1.636 10.355
-6.209 -8.143
10.708 2.058
-9.306 5.444
3.136 -9.932
4.608 9.775
-9.480 -4.663
10.487 -4.032
-5.079 10.438
-3.965 -10.603
9.178 6.170
-10.799 2.457
7.205 -9.439
1.138 10.907
-8.938 -8.279
10.487 -0.443
-8.049 8.588
0.716 -11.878
7.566 9.115
-11.072 -2.007
9.334 -5.548
-3.353 10.877
-5.749 -10.686
11.467 3.802
-10.953 4.585
4.638 -10.897
3.914 11.534
-10.143 -6.429
11.907 -2.887
-6.882 9.961
-2.221 -12.720
10.472 7.925
-12.937 1.096
8.971 -8.853
-0.292 12.093
-8.120 -9.906
12.934 0.900
-10.147 7.044
2.588 -11.936
6.382 10.583
-12.158 -3.433
11.497 -5.656
-4.594 12.176
-4.376 -12.387
11.136 5.732
-12.499 3.620
6.841 -11.159
1.634 12.686
-10.746 -8.069
13.314 -1.764
-8.601 10.315
-0.416 -14.024
9.599 9.509
-12.677 -1.303
10.723 -8.912
-1.703 13.092
-7.337 -11.483
13.414 3.784
-12.554 6.564
4.545 -13.623
5.817 12.389
-12.819 -5.087
13.089 -4.890
-6.431 11.902
-2.920 -14.387
12.225 7.351
-14.038 2.575
9.308 -11.323
0.358 14.551
-10.030 -9.710
14.465 -0.277
-10.889 9.856
1.960 -13.949
8.829 11.349
-14.357 -3.388
12.801 -7.941
-3.791 13.838
-6.544 -13.226
14.512 5.640
-13.799 5.299
7.151 -13.585
3.250 13.787
-12.506 -8.400
15.035 -3.383
-8.154 12.153
-1.456 -15.522
11.490 10.184
-14.550 0.175
11.091 -10.701
-0.959 15.826
-9.900 -12.924
14.673 2.320
-12.635 8.375
4.054 -15.304
6.697 13.947
-14.552 -5.168
14.778 -6.094
-6.483 13.695
-4.919 -14.154
14.348 8.179
-15.520 3.512
8.900 -13.269
2.827 15.562
-12.202 -10.243
16.253 -1.264
-10.396 11.596
0.495 -16.466
10.288 12.398
-16.633 -2.057
12.997 -9.765
-3.431 15.962
-7.883 -14.394
15.320 4.042
-14.916 6.795
6.202 -15.171
6.721 15.708
-14.318 -7.859
16.128 -4.807
-8.238 14.135
-3.632 -16.476
13.674 9.914
-17.378 1.591
11.523 -12.455
0.901 16.299
-11.013 -11.495
16.181 0.945
-12.973 11.118
2.490 -16.591
8.913 13.788
-16.490 -3.843
15.554 -7.731
-6.485 16.173
-6.324 -16.005
16.261 6.654
-16.995 4.498
9.119 -15.077
3.611 17.172
-14.049 -10.025
17.591 -2.460
-10.583 13.434
-1.367 -17.343
12.027 12.633
-17.365 -0.235
13.053 -11.534
-2.233 17.526
-9.982 -14.790
16.945 4.642
-16.351 8.884
6.122 -17.601
7.746 17.232
-15.852 -6.908
17.230 -6.250
-8.410 16.394
-5.206 -17.429
15.423 10.400
-18.540 3.181
11.244 -14.415
1.423 17.956
-13.659 -11.791
17.826 0.115
-14.129 12.870
0.727 -18.698
10.619 14.490
-18.563 -2.956
16.060 -10.623
-4.892 16.927
-8.762 -16.133
18.033 7.172
-17.110 7.212
7.707 -16.814
5.765 18.093
-16.586 -10.231
18.482 -4.466
-10.804 16.079
-1.786 -19.304
14.502 12.654
-19.324 1.534
13.796 -14.148
-1.261 18.946
-11.762 -15.021
