1.919 0.227
-1.123 1.017
-0.232 -1.247
0.721 1.575
-1.982 -1.035
3.110 -1.175
-1.074 2.927
-1.563 -3.293
2.968 1.665
-3.614 1.499
1.424 -3.150
1.265 3.463
-3.321 -2.246
4.594 -0.127
-2.917 3.868
0.021 -4.194
3.480 3.432
-5.925 -0.317
4.138 -3.415
-0.265 5.435
-3.312 -4.019
5.976 1.287
-4.487 3.085
2.257 -5.795
2.890 5.698
-5.387 -2.824
5.431 -1.656
-2.379 5.558
-1.181 -5.595
5.331 3.894
-5.765 1.525
4.066 -5.552
0.894 6.818
-5.049 -4.590
7.473 -0.550
-4.678 4.852
0.877 -7.397
4.709 5.826
-7.772 -1.689
6.817 -4.676
-2.020 7.871
-2.884 -6.881
6.957 3.063
-6.902 3.191
3.399 -7.377
2.266 7.974
-6.841 -4.136
7.182 -2.297
-4.086 7.153
-0.641 -8.338
6.481 5.299
-8.639 -0.097
6.072 -6.310
-0.341 8.403
-5.189 -6.369
8.144 1.160
-7.165 4.941
1.971 -8.847
4.052 7.611
-9.268 -2.814
8.537 -3.526
-4.295 8.969
-2.822 -8.818
8.272 5.180
-9.253 2.569
5.100 -7.900
2.183 9.776
-7.248 -5.973
9.527 -0.549
-6.128 6.842
-0.649 -10.435
7.420 6.849
-10.349 -0.611
8.346 -6.466
-1.327 10.991
-5.727 -9.170
9.994 3.166
-8.980 4.922
3.636 -10.280
3.991 10.016
-9.352 -4.586
10.355 -3.094
-6.029 8.677
-2.418 -10.972
9.561 6.582
-11.077 2.335
7.473 -8.152
0.815 11.045
-8.255 -8.535
10.954 0.506
-9.522 7.599
1.130 -10.435
7.288 9.243
-11.637 -2.484
10.143 -6.118
-3.640 10.648
-4.089 -10.059
10.253 4.942
-11.425 4.087
5.474 -10.769
2.895 11.515
-10.081 -6.215
11.990 -2.145
-7.874 9.067
-1.074 -12.205
8.820 8.294
-12.909 0.294
9.402 -9.169
-0.851 12.956
-7.412 -10.194
11.913 2.097
-11.009 6.547
2.824 -12.654
5.447 11.086
-11.415 -4.344
11.418 -4.728
-5.213 11.508
-3.873 -12.213
11.352 6.363
-12.902 2.475
7.332 -10.154
1.710 12.899
-10.010 -8.432
12.788 0.281
-9.586 9.419
0.247 -13.428
8.913 10.047
-13.929 -1.686
10.837 -8.069
-3.184 12.340
-7.209 -11.935
12.690 3.642
-12.452 5.538
5.747 -12.697
4.613 13.394
-12.790 -6.530
13.120 -3.899
-6.946 11.914
-2.878 -13.673
10.806 8.139
-14.662 0.736
9.096 -10.988
0.447 14.265
-9.804 -10.896
14.441 1.822
-11.101 8.465
1.889 -14.344
8.116 12.240
-13.499 -4.024
12.541 -7.033
-5.497 13.689
-5.937 -13.845
13.115 5.818
-14.056 4.493
7.746 -13.505
3.176 14.437
-12.363 -9.103
14.118 -1.152
-10.176 11.109
-1.097 -15.372
10.797 9.880
-15.566 -0.882
11.788 -9.838
-2.003 14.413
-8.922 -12.566
15.505 3.315
-14.259 7.856
4.488 -14.162
6.391 13.745
-14.525 -6.296
14.791 -4.536
-7.286 13.616
-3.815 -15.523
12.572 8.458
-14.730 2.747
10.232 -12.964
1.152 15.871
-11.789 -10.784
15.810 -0.468
-11.953 10.533
1.181 -16.259
9.911 12.013
-16.207 -2.952
13.797 -8.318
-4.521 16.139
-7.711 -14.311
15.270 5.780
-15.411 5.642
6.287 -14.544
4.488 15.764
-14.074 -8.401
16.536 -4.296
-9.912 12.981
-2.341 -16.666
12.744 10.259
-16.834 1.127
11.847 -12.038
-1.025 17.421
-10.592 -13.256
16.250 1.547
-13.012 9.170
3.354 -15.858
9.053 14.490
-16.032 -4.943
14.966 -6.751
-6.265 15.730
-5.318 -16.535
15.022 8.830
-16.771 3.860
9.011 -15.083
1.906 17.476
-13.544 -11.271
17.519 -1.003
-12.013 12.392
0.198 -17.761
11.701 12.473
-17.353 -1.242
14.289 -10.002
-2.829 17.135
-9.453 -14.631
16.995 4.828
-16.117 7.658
7.124 -16.061
6.339 17.496
-16.487 -8.685
18.197 -5.082
-9.200 14.641
-3.603 -17.971
14.952 10.767
-18.011 2.541
12.590 -13.695
0.373 18.808
-12.571 -13.273
17.967 1.278
-13.701 11.742
2.780 -17.609
10.613 15.895
-18.379 -3.515
15.915 -8.332
-5.698 17.912
-8.102 -17.468
16.006 7.368
-17.262 6.251
9.788 -16.758
4.572 17.996
-15.473 -10.134
18.752 -2.995
-12.596 14.869
-1.652 -18.942
14.283 13.087
-19.354 -1.120
14.681 -12.447
-1.373 19.336
-11.926 -15.757
18.545 4.080
-16.611 9.383
