-1.923 -0.187
1.101 -1.040
0.258 1.242
-0.754 -1.559
2.003 0.993
-3.085 1.240
1.013 -2.949
1.631 3.260
-3.002 -1.603
3.582 -1.574
-1.358 3.179
-1.337 -3.436
3.367 2.176
-4.590 0.223
2.835 -3.929
0.067 4.194
-3.551 -3.358
5.931 0.193
-4.065 3.501
0.151 -5.439
3.396 3.949
-6.002 -1.162
4.421 -3.178
-2.135 5.841
-3.008 -5.637
5.445 2.711
-5.396 1.770
2.262 -5.607
1.298 5.569
-5.412 -3.781
5.732 -1.646
-3.949 5.636
-1.036 -6.798
5.144 4.483
-7.460 0.707
4.575 -4.949
-0.722 7.414
-4.830 -5.726
7.806 1.526
-6.718 4.817
1.855 -7.912
3.027 6.819
-7.019 -2.917
6.834 -3.335
-3.244 7.446
-2.433 -7.925
6.926 3.992
-7.133 2.447
3.935 -7.237
0.816 8.323
-6.591 -5.162
8.639 -0.084
-5.938 6.435
0.165 -8.408
5.322 6.259
-8.166 -0.989
7.060 -5.090
-1.785 8.886
-4.211 -7.524
9.325 2.619
-8.462 3.704
4.106 -9.057
3.007 8.756
-8.378 -5.006
9.197 -2.762
-4.934 8.005
-2.387 -9.728
7.371 5.820
-9.513 0.749
5.983 -6.969
0.867 10.419
-7.562 -6.692
10.359 0.394
-8.208 6.639
1.096 -11.016
5.918 9.048
-10.058 -2.956
8.875 -5.109
-3.420 10.354
-4.200 -9.930
9.446 4.389
-10.287 3.310
5.846 -8.801
2.648 10.919
-9.697 -6.381
11.025 -2.567
-7.301 8.307
-1.046 -11.026
8.432 8.361
-10.962 -0.276
9.361 -7.797
-0.911 10.457
-7.480 -9.088
11.686 2.240
-10.013 6.329
3.417 -10.721
4.299 9.971
-10.354 -4.726
11.337 -4.325
-5.247 10.881
-3.136 -11.452
10.209 6.002
-11.943 2.396
7.682 -9.230
1.329 12.179
-8.992 -8.107
12.900 -0.565
-9.208 9.364
0.580 -12.971
7.624 10.037
-11.954 -1.848
10.869 -6.776
-2.559 12.710
-5.678 -10.970
11.503 4.104
-11.317 4.966
4.970 -11.615
4.128 12.129
-11.482 -6.124
12.847 -2.745
-7.118 10.305
-1.980 -12.861
10.185 8.221
-12.791 -0.013
9.386 -9.617
0.034 13.430
-9.121 -9.858
13.961 1.394
-10.666 8.295
2.925 -12.404
7.457 11.782
-12.764 -3.376
12.333 -5.797
-5.480 12.815
-4.893 -13.295
12.924 6.261
-13.035 4.173
6.695 -12.057
3.163 13.610
-10.974 -7.911
14.644 -1.043
-8.864 11.176
-0.746 -14.252
10.030 10.688
-14.476 -1.519
10.921 -8.695
-1.588 14.380
-8.371 -12.068
13.581 3.740
-12.391 7.294
5.209 -13.801
6.226 13.717
-13.234 -5.542
13.959 -4.786
-7.462 13.665
-3.478 -14.367
12.551 8.842
-14.091 1.448
9.941 -11.320
1.418 15.346
-11.001 -9.651
15.581 0.556
-11.579 10.083
1.700 -14.452
9.183 12.376
-15.571 -2.989
14.091 -8.153
-4.190 14.252
-6.678 -13.609
14.654 5.991
-14.693 4.845
7.000 -13.765
4.139 15.440
-12.746 -8.193
14.669 -3.055
-9.958 13.175
-1.484 -15.843
12.012 10.534
-15.797 0.799
11.729 -10.781
-0.840 16.280
-10.160 -11.802
16.265 2.612
-13.619 8.606
4.182 -16.230
8.009 14.147
-15.387 -5.459
15.290 -5.963
-5.981 14.672
-4.817 -15.666
14.246 8.104
-16.442 4.642
9.638 -13.186
2.690 16.613
-12.956 -9.990
16.807 -1.480
-11.592 12.283
0.660 -17.438
10.867 13.031
-16.279 -1.206
12.817 -9.440
-3.021 15.925
-9.355 -14.297
16.132 4.606
-14.821 7.063
5.934 -15.858
5.663 16.420
-15.203 -8.514
16.686 -4.210
-8.693 15.268
-2.272 -17.432
13.777 10.985
-17.494 1.369
11.751 -12.641
0.174 17.761
-11.959 -12.226
17.375 0.878
-14.077 10.299
2.469 -17.190
9.757 14.430
-17.092 -4.471
15.953 -7.994
-6.786 16.206
-6.704 -17.359
16.666 8.338
-18.086 5.462
8.892 -14.830
3.979 17.891
-15.174 -10.452
17.954 -2.918
-12.300 13.956
-0.767 -18.796
12.847 13.007
-17.990 -0.902
13.452 -12.027
-2.410 17.663
-10.943 -15.669
18.448 3.129
-15.737 8.664
5.322 -18.028
8.466 17.294
-16.156 -7.031
17.127 -6.611
-9.435 16.959
-4.948 -17.897
15.681 9.808
-18.685 3.387
12.282 -15.130
2.049 18.903
-14.553 -12.785
19.373 0.715
-14.417 12.752
0.968 -19.360
12.253 15.504
-18.626 -3.690
16.411 -9.729
