1.929 -0.113
-0.927 1.198
-0.447 -1.187
0.986 1.424
-2.133 -0.672
2.856 -1.702
-0.544 3.070
-2.116 -2.968
3.214 1.119
-3.295 2.109
0.850 -3.351
1.852 3.187
-3.663 -1.628
4.501 -0.931
-2.193 4.320
-0.715 -4.133
4.028 2.769
-5.889 0.727
3.475 -4.088
0.692 5.397
-3.966 -3.376
6.109 0.219
-3.876 3.824
1.206 -6.101
3.844 5.103
-5.799 -1.836
5.057 -2.583
-1.367 5.889
-2.144 -5.301
5.932 2.898
-5.408 2.513
3.030 -6.179
2.075 6.555
-5.776 -3.633
7.261 -1.852
-3.755 5.597
-0.434 -7.436
5.658 4.910
-7.948 -0.300
5.892 -5.799
-0.609 8.104
-4.046 -6.269
7.386 1.796
-6.236 4.352
2.053 -7.859
3.629 7.453
-7.460 -2.873
6.668 -3.521
-2.768 7.758
-2.094 -8.097
7.310 4.081
-8.522 1.420
4.871 -7.277
1.138 8.332
-6.226 -5.360
8.221 -0.286
-6.187 6.121
0.389 -9.055
5.324 6.782
-9.618 -1.145
7.787 -4.968
-2.655 9.583
-4.325 -8.186
9.052 3.649
-8.659 4.152
3.636 -8.672
3.864 9.242
-8.183 -4.610
9.283 -2.212
-4.833 7.811
-2.469 -10.160
8.506 5.442
-10.296 1.213
7.082 -7.829
0.621 11.053
-7.246 -8.023
10.394 1.364
-7.978 6.420
1.777 -10.758
5.686 9.161
-10.011 -2.875
9.651 -4.862
-4.414 9.599
-4.305 -10.378
10.567 4.804
-10.495 4.242
5.928 -9.336
2.739 10.731
-9.624 -6.956
10.873 -1.423
-8.042 9.151
-0.718 -10.472
8.796 7.821
-11.892 -0.405
8.913 -7.802
-1.717 11.121
-5.790 -9.186
10.961 3.068
-10.531 6.027
3.501 -11.562
4.870 10.829
-11.015 -4.351
11.428 -4.215
-6.162 10.308
-3.198 -11.827
10.138 6.619
-12.657 2.554
7.648 -10.676
1.434 12.904
-9.085 -8.736
12.096 -0.024
-9.690 8.376
0.562 -12.953
7.307 9.959
-12.000 -2.275
10.412 -6.657
-3.114 12.244
-5.955 -11.345
12.292 4.274
-12.268 4.699
5.438 -11.283
3.946 12.400
-11.334 -6.546
12.639 -1.966
-7.785 10.954
-2.111 -13.263
10.537 8.328
-14.008 0.783
9.254 -9.845
-0.970 12.707
-9.190 -10.486
13.132 1.360
-11.287 7.636
3.431 -13.508
6.891 12.378
-13.737 -4.186
12.233 -6.140
-4.749 12.948
-5.231 -12.957
12.066 6.118
-14.306 3.296
7.028 -12.413
2.942 13.965
-11.563 -9.008
14.536 -0.739
-9.444 10.280
-0.656 -14.453
10.137 10.627
-13.996 -1.594
11.114 -9.123
-3.011 14.441
-8.273 -12.589
13.932 3.428
-13.050 6.888
5.258 -14.654
5.658 13.656
-13.768 -6.793
13.697 -3.610
-8.070 12.721
-3.775 -14.942
12.362 7.833
-15.479 1.862
9.880 -11.753
0.556 14.541
-10.987 -10.807
15.846 0.544
-12.660 10.235
1.935 -14.729
8.703 12.412
-15.404 -3.652
13.766 -7.060
-4.786 14.682
-6.478 -14.614
13.860 6.122
-14.020 5.287
7.800 -14.557
3.917 15.423
-13.497 -8.549
15.483 -3.233
-9.920 12.466
-1.689 -16.214
11.864 10.088
-16.473 -0.064
12.124 -10.609
-1.621 16.681
-10.102 -12.737
16.047 3.012
-14.183 8.257
3.639 -15.421
7.183 14.733
-15.329 -5.802
15.526 -7.130
-7.482 14.518
-5.228 -15.997
14.346 7.865
-16.376 4.062
9.552 -13.929
2.046 17.330
-12.753 -11.193
16.270 -1.327
-11.202 11.310
0.521 -16.201
11.454 12.677
-16.650 -2.055
13.550 -9.271
-3.410 16.585
-8.135 -15.346
16.337 6.059
-15.834 6.741
6.226 -16.430
4.942 16.871
-15.311 -8.721
17.072 -4.059
-9.654 14.307
-2.920 -17.520
13.707 10.228
-17.302 1.821
12.314 -12.353
0.220 17.365
-11.872 -12.747
17.578 1.773
-14.524 10.366
4.197 -17.061
9.309 16.113
-17.755 -5.659
17.024 -8.195
-6.490 16.028
-6.699 -17.060
16.609 7.978
-17.287 5.661
9.993 -15.690
3.665 18.451
-14.704 -10.863
17.913 -1.892
-11.429 13.963
-0.351 -17.823
13.236 13.788
-18.710 -0.237
14.207 -10.994
-2.469 18.634
-11.040 -15.776
17.050 4.447
-15.898 9.181
6.697 -18.214
7.658 16.916
-17.010 -7.264
17.936 -6.237
-9.793 16.848
-4.949 -18.359
16.356 10.380
-19.250 2.291
12.270 -14.829
2.039 19.277
-14.504 -13.421
18.973 0.764
-14.708 12.151
