3.87974, -15.76731
7.66559, -15.88130
13.03521, -13.36868
15.09171, -12.03722
12.22097, -11.69267
14.61280, -9.58494
14.05452, -7.90968
12.11526, -9.51364
10.34047, -16.48547
6.73518, -14.35957
8.14677, -13.29082
7.68490, -9.96158
5.78510, -10.62834
6.19231, -12.53408
3.21890, -12.57493
4.96562, -14.06209
14.93930, -4.10427
16.71616, -3.77994
14.18581, -0.72390
13.29836, -3.51306
12.82805, 0.64421
12.11322, -1.79691
11.61447, -4.43803
12.77790, -6.66728
11.06613, -7.75843
9.70971, -8.90640
9.46209, -10.71354
10.66648, -12.68641
9.47738, -14.82819
16.22739, -7.91787
15.19960, -6.30612
18.39806, -4.55351
6.30851, -6.13608
5.35663, -7.79102
7.76141, -7.93436
3.98315, -10.17637
3.65579, -7.33100
4.27851, -5.41578
2.44787, -5.74635
0.18101, -4.19269
8.59391, -6.24467
10.32655, -5.84210
10.45301, -2.80532
8.66716, -3.28647
7.30493, -2.11474
5.51914, -1.52666
6.98814, -4.47191
4.23901, -3.31595
18.46866, 4.62957
16.85407, 5.32485
16.25369, 1.99504
15.42612, 3.74654
12.60238, 3.97646
11.87069, 2.42637
14.44422, 2.22781
15.85966, -0.02393
-0.96738, -5.65339
1.13758, -7.35625
2.26070, -8.79980
-0.27037, -10.47644
1.48020, -10.40176
17.57372, -0.48211
18.91613, -2.48337
17.95468, 1.82917
5.97413, 1.46775
4.63903, -0.03753
7.53918, -0.32247
12.99610, 6.18320
15.14162, 6.23970
15.83800, 7.84415
14.78612, 9.24219
14.66634, 11.21866
9.60062, -0.28557
10.98345, 0.82088
8.16924, 1.37123
9.94022, 3.45204
8.16460, 5.44778
6.90174, 3.23327
5.26517, 4.03091
2.92754, 1.72057
7.05682, 9.44809
3.85464, 7.75505
3.74143, 10.14256
1.92141, 9.79598
2.08899, 8.04013
2.78157, 5.79969
1.21699, 3.51172
3.41409, 3.52747
12.35621, 8.81149
10.58882, 8.44716
9.42412, 6.88250
11.21787, 6.68727
10.12205, 5.24196
4.57932, 5.97558
6.36408, 5.46591
7.26679, 7.07604
5.17349, 11.26069
8.65267, 10.28655
8.60640, 8.53071
4.27900, 13.51111
6.02511, 13.92955
4.07529, 15.87458
5.85260, 17.68877
4.11019, 18.09928
10.53156, 10.17910
12.49117, 10.63872
13.95510, 13.52000
11.38912, 12.81330
10.17567, 16.21463
9.61696, 12.27169
8.64873, 14.76463
7.77672, 12.44095
-2.35231, 14.34289
0.72471, 15.89350
-1.49069, 17.37129
-3.27218, 17.05138
-1.89329, 19.28365
-6.21203, 17.74647
-4.91159, 15.99493
-3.90704, 10.52297
1.41465, 17.50454
-0.12792, 18.78173
2.79086, 14.55453
1.34411, 12.90059
2.62339, 11.57562
-3.50493, 12.20489
-1.18312, 12.90928
0.08026, 14.25229
-12.34977, 12.00435
-10.44022, 10.81188
-9.78304, 9.11976
-12.58140, 5.15683
-14.46177, 7.42998
-11.17366, 6.20484
-11.32214, 8.12966
-12.22671, 10.17718
-8.08850, 8.80287
-7.26037, 11.71478
-5.87114, 13.55658
-7.63078, 13.38030
-6.70864, 15.55695
-9.61910, 14.35391
-10.24923, 12.64817
-13.00507, 14.52759
0.72596, 6.84055
-0.58229, 8.38094
0.53938, 11.06084
-1.59178, 10.91772
-5.52351, 11.37705
-6.20951, 8.47153
-4.49736, 8.83577
-2.50119, 5.46397
-13.23883, 8.75853
-14.00493, 11.33383
-16.88081, 8.92093
-16.30134, 7.19056
-17.39537, 5.70895
-15.51695, 5.16883
-0.36381, 5.40675
-2.23775, 7.78575
-11.51016, 3.71690
-9.31202, 2.28182
-11.09088, 1.95767
-15.49225, -1.36021
-12.85320, -0.10484
-14.66067, 0.28538
-12.91486, 2.09535
-14.18332, 4.10406
-6.96779, 3.00128
-4.53159, 2.96256
-4.78155, 4.71773
-7.27983, 4.73588
-4.26589, 7.04209
-6.29146, 6.66466
-9.73475, 7.28721
-9.06054, 4.66088
0.69016, 1.59095
-1.10996, 2.90718
-1.10911, 0.95939
-2.97186, 3.74501
-3.62933, 1.38411
-1.90056, -1.13655
-1.41391, -3.34455
1.57299, -3.14127
-14.77565, 2.31564
-16.83637, 3.37803
-18.04401, 1.99591
-16.84789, 0.59403
-19.27746, -1.68903
-0.10646, -1.27157
3.20824, -1.10758
1.95173, 0.24748
-11.52536, -2.87685
-9.19545, -4.89395
-9.86894, -6.54562
-14.32245, -6.73548
-12.51577, -6.92082
-11.24023, -4.71046
-13.32817, -4.43677
-13.86816, -2.10654
-3.20178, -2.31856
-5.26139, -2.97607
-5.90083, -0.51147
-5.79052, 1.33202
-7.68500, -1.95258
-8.61975, -0.37825
-10.28044, -0.93081
-9.15914, -3.08100
-2.67161, -6.98617
-3.17708, -4.12290
-4.89590, -4.73051
-6.69901, -4.34771
-4.94042, -6.50056
-7.02176, -6.16421
-5.40308, -9.34469
-3.75043, -10.17589
-16.08036, -3.45021
-17.30627, -1.77460
-18.23593, -4.05800
-15.81533, -5.39647
-16.21081, -9.17528
-2.04318, -11.05916
-2.55968, -8.92680
-0.37763, -8.34848
-13.16751, -11.71486
-12.13336, -13.67154
-11.41869, -11.13101
-4.76445, -16.70058
-3.31582, -15.63313
-3.48504, -12.33202
-5.50016, -14.05471
-6.82267, -12.15663
-10.18847, -13.61320
-9.43606, -11.17844
-7.09997, -10.40404
-8.01252, -8.78351
-9.72422, -8.71507
-12.05904, -9.48658
-13.76982, -8.82287
-15.13647, -10.62552
0.68242, -13.43485
-0.69266, -12.21579
-2.42312, -13.77513
-0.58041, -15.39033
-1.82027, -16.72842
-3.03600, -18.08873
-1.03310, -18.95521
0.80140, -17.78264
-7.22810, -14.56211
-8.52042, -12.85447
-9.00045, -14.93705
-11.43997, -16.12790
-7.53967, -17.72695
3.36307, -17.54040
1.68276, -16.24289
2.32885, -14.27955
