-1.871 0.485
0.677 -1.355
0.669 1.077
-1.244 -1.205
2.223 0.244
-2.471 2.224
-0.062 -3.117
2.652 2.501
-3.370 -0.473
2.823 -2.709
-0.183 3.452
-2.436 -2.767
3.910 0.886
-4.234 1.787
1.312 -4.664
1.504 3.915
-4.489 -1.934
5.636 -1.857
-2.615 4.685
-1.727 -5.160
4.546 2.542
-6.035 0.971
3.060 -4.504
0.002 6.219
-4.762 -4.259
6.045 0.674
-4.459 3.516
0.197 -6.042
3.132 4.784
-6.382 -1.691
4.817 -3.515
-1.772 6.650
-3.309 -6.027
6.371 2.442
-6.763 3.227
2.596 -6.220
1.870 7.210
-6.504 -3.718
7.854 -1.250
-4.653 6.833
-0.977 -8.067
5.186 5.364
-7.594 -0.327
5.272 -5.480
-0.488 8.108
-5.008 -6.606
7.876 1.369
-5.858 4.749
1.209 -8.148
3.627 7.536
-7.964 -2.583
8.084 -3.048
-3.365 8.084
-2.735 -7.953
7.148 4.049
-8.009 1.878
4.881 -7.206
1.377 8.959
-6.540 -5.619
9.657 -0.745
-6.674 6.386
0.743 -9.917
5.833 7.190
-9.588 -1.821
7.688 -5.755
-1.882 9.213
-5.585 -8.315
8.922 2.933
-8.676 3.972
3.224 -8.601
4.395 9.487
-9.401 -3.686
9.864 -3.190
-5.427 9.056
-2.756 -10.722
8.667 6.463
-10.461 0.681
6.579 -7.847
0.346 10.898
-7.357 -7.882
10.379 0.876
-8.523 6.644
2.465 -10.274
6.239 9.344
-11.299 -2.660
9.472 -6.199
-4.001 10.310
-4.771 -9.995
10.792 4.954
-10.390 3.508
6.111 -10.539
2.738 10.133
-10.148 -5.964
11.744 -1.913
-7.228 9.385
-0.476 -11.243
7.464 7.886
-11.348 -0.880
9.160 -7.958
-1.188 12.022
-6.881 -9.677
11.650 2.128
-10.392 6.354
4.042 -11.308
5.434 10.981
-11.231 -4.523
11.920 -4.963
-5.429 11.958
-3.913 -12.380
10.609 6.805
-11.861 2.373
7.878 -10.099
1.965 12.815
-9.102 -8.350
12.213 -0.099
-8.921 8.553
0.676 -12.616
8.045 9.972
-12.888 -1.805
11.121 -6.992
-3.143 12.124
-6.279 -11.397
12.389 4.220
-12.016 4.383
5.509 -12.257
4.647 12.601
-11.954 -6.123
13.590 -3.489
-7.166 11.455
-1.516 -12.653
11.052 8.502
-13.147 1.216
9.589 -9.683
-0.742 13.917
-9.164 -10.804
14.288 1.438
-10.807 8.399
2.144 -13.624
7.648 11.694
-13.024 -3.658
13.393 -6.012
-4.483 13.542
-5.599 -13.128
13.092 6.591
-14.116 3.548
7.267 -11.919
3.450 14.050
-12.008 -8.456
14.039 -1.155
-9.130 11.108
0.148 -14.751
10.561 10.742
-14.333 -0.656
11.464 -9.291
-2.312 15.397
-8.203 -12.297
14.825 3.990
-12.735 6.202
5.445 -14.046
6.606 13.924
-13.648 -5.283
14.823 -4.833
-7.409 13.448
-3.370 -14.156
12.877 8.467
-15.650 2.544
10.431 -12.499
0.963 14.824
-10.948 -10.485
15.820 0.590
-12.133 9.599
1.843 -15.332
9.193 13.077
-14.786 -3.313
12.726 -7.910
-4.824 15.795
-6.838 -14.368
14.901 5.765
-14.560 6.179
7.310 -14.156
4.806 15.577
-13.598 -7.592
16.172 -3.137
-9.833 12.762
-1.650 -16.678
12.383 10.533
-16.326 0.162
12.309 -10.854
-0.575 15.834
-9.908 -13.057
16.164 2.714
-13.846 10.009
4.520 -15.695
8.235 14.677
-15.600 -4.929
15.275 -7.165
-6.665 15.519
-5.373 -16.603
14.684 8.503
-15.702 4.462
8.792 -13.270
2.636 15.993
-13.698 -10.211
16.732 -1.218
-11.491 11.726
0.123 -16.932
10.961 13.474
-17.203 -2.771
14.223 -9.688
-2.916 17.326
-8.124 -15.590
16.713 5.581
-15.958 7.298
6.691 -15.910
6.267 16.620
-15.432 -7.371
16.619 -5.146
-9.680 14.510
-3.589 -16.992
14.122 10.198
-17.588 1.675
12.234 -12.989
-0.803 17.551
-12.262 -13.998
18.516 2.103
-15.108 11.345
3.254 -16.983
9.885 15.434
-17.842 -4.600
15.858 -8.910
-6.755 17.333
-7.179 -17.388
16.534 7.800
-17.204 5.336
8.499 -15.917
3.807 17.416
-15.662 -10.954
18.400 -3.402
-11.801 13.545
-1.197 -18.759
13.894 13.332
-17.589 -1.050
13.812 -12.095
-3.032 19.168
-10.797 -15.106
18.097 3.822
-16.383 9.602
6.334 -18.429
8.420 17.048
-18.061 -7.005
18.439 -5.986
-9.156 16.929
-5.744 -18.514
16.835 10.348
-18.760 2.936
12.068 -14.776
