1.932 0.009
-1.000 1.137
-0.372 -1.213
0.895 1.483
-2.087 -0.804
2.957 -1.519
-0.736 3.030
-1.925 -3.095
3.138 1.318
-3.421 1.898
1.059 -3.291
1.648 3.297
-3.554 -1.855
4.550 -0.646
-2.460 4.174
-0.454 -4.170
3.846 3.016
-5.923 0.355
3.725 -3.861
0.352 5.430
-3.746 -3.618
6.083 0.602
-4.109 3.573
1.586 -6.013
3.516 5.335
-5.672 -2.196
5.209 -2.260
-1.734 5.792
-1.807 -5.425
5.738 3.265
-5.555 2.168
3.412 -5.976
1.660 6.673
-5.536 -3.988
7.363 -1.393
-4.099 5.350
0.034 -7.449
5.338 5.256
-7.913 -0.798
6.244 -5.417
-1.116 8.049
-3.644 -6.510
7.259 2.256
-6.497 3.952
2.542 -7.714
3.154 7.666
-7.265 -3.335
6.876 -3.095
-3.250 7.569
-1.581 -8.212
7.040 4.532
-8.594 0.882
5.318 -6.956
0.613 8.387
-5.877 -5.740
8.223 0.231
-6.559 5.721
0.957 -9.013
4.888 7.103
-9.527 -1.747
8.083 -4.469
-3.252 9.398
-3.803 -8.441
8.805 4.210
-8.903 3.600
4.173 -8.427
3.276 9.466
-7.877 -5.114
9.403 -1.624
-5.314 7.492
-1.826 -10.295
8.148 5.965
-10.351 0.564
7.560 -7.369
-0.074 11.071
-6.728 -8.463
10.288 2.014
-8.365 5.907
2.449 -10.625
5.099 9.500
-9.811 -3.498
9.938 -4.246
-5.008 9.303
-3.645 -10.628
10.245 5.458
-10.741 3.574
6.502 -8.946
2.060 10.882
-9.168 -7.546
10.941 -0.738
-8.601 8.628
-0.059 -10.496
8.287 8.358
-11.843 -1.151
9.386 -7.227
-2.412 10.991
-5.202 -9.531
10.747 3.750
-10.889 5.354
4.220 -11.320
4.180 11.114
-10.720 -5.034
11.670 -3.489
-6.797 9.901
-2.449 -12.005
9.703 7.242
-12.793 1.754
8.303 -10.175
0.621 12.969
-8.518 -9.290
12.074 0.735
-10.197 7.751
1.374 -12.892
6.667 10.398
-11.833 -3.024
10.810 -5.990
-3.876 12.024
-5.231 -11.696
11.999 5.037
-12.539 3.920
6.136 -10.919
3.160 12.623
-10.900 -7.245
12.737 -1.168
-8.458 10.443
-1.274 -13.370
9.993 8.973
-14.030 -0.098
9.854 -9.244
-1.766 12.621
-8.513 -11.043
13.021 2.182
-11.745 6.912
4.273 -13.266
6.100 12.786
-13.447 -5.041
12.594 -5.360
-5.553 12.624
-4.407 -13.260
11.658 6.863
-14.485 2.391
7.794 -11.947
2.059 14.123
-10.974 -9.716
14.554 0.175
-10.071 9.667
0.253 -14.465
9.450 11.243
-13.868 -2.470
11.664 -8.407
-3.912 14.223
-7.466 -13.084
13.690 4.296
-13.457 6.055
6.168 -14.295
4.790 13.984
-13.314 -7.644
13.897 -2.743
-8.853 12.189
-2.830 -15.149
11.846 8.594
-15.565 0.886
10.599 -11.110
-0.358 14.547
-10.287 -11.475
15.780 1.538
-13.278 9.420
2.856 -14.579
7.906 12.934
-15.145 -4.612
14.183 -6.181
-5.698 14.353
-5.548 -14.992
13.449 6.980
-14.324 4.397
8.699 -14.038
2.941 15.639
-12.934 -9.380
15.655 -2.255
-10.683 11.819
-0.667 -16.288
11.207 10.813
-16.437 -1.098
12.766 -9.827
-2.665 16.547
-9.282 -13.346
15.826 4.014
-14.674 7.350
4.600 -15.162
6.244 15.155
-14.934 -6.753
15.943 -6.141
-8.379 14.020
-4.213 -16.294
13.824 8.750
-16.598 3.026
10.408 -13.301
0.954 17.425
-12.025 -11.972
16.321 -0.303
-11.890 10.584
1.537 -16.136
10.635 13.372
-16.488 -3.096
14.105 -8.402
-4.444 16.338
-7.156 -15.827
15.925 7.073
-16.226 5.734
7.245 -16.006
3.873 17.148
-14.733 -9.665
17.293 -2.979
-10.533 13.673
-1.814 -17.669
13.037 11.069
-17.382 0.731
13.065 -11.556
-0.871 17.345
-11.048 -13.467
17.432 2.873
-15.146 9.433
5.260 -16.764
8.279 16.666
-17.365 -6.763
17.505 -7.109
-7.484 15.588
-5.614 -17.447
16.075 9.005
-17.608 4.564
10.958 -15.032
2.499 18.645
-13.993 -11.765
17.997 -0.764
-12.283 13.218
0.768 -17.810
12.344 14.592
-18.658 -1.412
14.870 -10.081
-3.634 18.442
-10.027 -16.439
16.737 5.509
-16.444 8.165
7.828 -17.758
6.580 17.363
-16.520 -8.318
18.292 -5.098
-10.832 16.200
-3.786 -18.633
15.672 11.386
-19.356 1.078
13.177 -14.029
0.825 19.367
-13.633 -14.305
18.887 1.954
-15.442 11.204
