0.099 1.930
-1.192 -0.935
1.190 -0.439
-1.431 0.976
0.686 -2.128
1.682 2.868
-3.066 -0.566
2.983 -2.095
-1.141 3.206
-2.086 -3.310
3.345 0.873
-3.200 1.830
1.654 -3.652
0.899 4.507
-4.304 -2.223
4.138 -0.686
-2.797 4.008
-0.685 -5.894
4.063 3.503
-5.402 0.655
3.404 -3.942
-0.262 6.108
-3.797 -3.903
6.092 1.248
-5.130 3.809
1.876 -5.786
2.548 5.075
-5.879 -1.408
5.316 -2.107
-2.940 5.911
-2.475 -5.425
6.158 3.073
-6.570 2.030
3.673 -5.750
1.802 7.274
-5.571 -3.794
7.439 -0.382
-4.949 5.623
0.355 -7.945
5.757 5.932
-8.099 -0.665
6.297 -4.002
-1.847 7.373
-4.308 -6.266
7.844 2.108
-7.478 3.577
2.925 -7.440
3.474 6.693
-7.739 -2.822
8.111 -2.037
-4.132 7.281
-1.360 -8.532
7.243 4.922
-8.340 1.080
5.403 -6.188
0.229 8.223
-6.078 -6.230
9.053 0.452
-6.819 5.277
1.212 -9.610
4.914 7.821
-9.565 -2.722
8.216 -4.268
-3.712 9.026
-4.091 -8.688
8.646 3.696
-9.268 3.799
4.667 -8.150
2.147 9.298
-7.777 -4.887
10.177 -2.398
-5.501 8.468
-1.141 -10.304
7.780 7.137
-11.057 0.544
8.074 -7.190
-1.436 10.384
-6.364 -8.023
10.745 1.852
-9.200 5.622
2.945 -9.991
4.794 9.685
-9.568 -4.481
10.408 -4.232
-4.877 10.533
-4.168 -10.525
9.295 5.993
-10.750 2.664
7.023 -9.575
1.347 10.883
-9.095 -8.106
10.477 -0.645
-7.883 8.741
0.488 -11.889
7.740 8.968
-11.109 -1.794
9.226 -5.726
-3.144 10.939
-5.954 -10.573
11.538 3.581
-10.863 4.794
4.427 -10.984
4.135 11.457
-10.264 -6.233
11.849 -3.115
-6.689 10.092
-2.465 -12.675
10.622 7.722
-12.914 1.344
8.800 -9.024
-0.060 12.096
-8.308 -9.748
12.949 0.652
-10.010 7.237
2.359 -11.984
6.584 10.458
-12.222 -3.199
11.386 -5.876
-4.359 12.261
-4.613 -12.300
11.244 5.517
-12.427 3.859
6.625 -11.288
1.878 12.652
-10.899 -7.862
13.278 -2.019
-8.402 10.478
-0.685 -14.014
9.780 9.323
-12.700 -1.059
10.550 -9.117
-1.452 13.123
-7.557 -11.341
13.484 3.525
-12.426 6.804
4.282 -13.707
6.054 12.275
-12.914 -4.839
12.993 -5.140
-6.202 12.023
-3.196 -14.329
12.364 7.115
-13.986 2.844
9.088 -11.500
0.638 14.541
-10.214 -9.516
14.457 -0.555
-10.698 10.063
1.692 -13.984
9.046 11.177
-14.420 -3.111
12.646 -8.185
-3.525 13.908
-6.797 -13.098
14.617 5.360
-13.695 5.563
6.889 -13.720
3.515 13.722
-12.665 -8.159
14.968 -3.671
-7.919 12.307
-1.754 -15.492
11.684 9.962
-14.544 0.454
10.883 -10.912
-0.655 15.842
-10.146 -12.731
14.715 2.038
-12.472 8.616
3.759 -15.379
6.963 13.815
-14.649 -4.888
14.658 -6.376
-6.218 13.817
-5.189 -14.057
14.502 7.902
-15.450 3.809
8.643 -13.437
3.125 15.505
-12.397 -10.007
16.226 -1.575
-10.171 11.793
0.179 -16.473
10.524 12.198
-16.670 -1.737
12.807 -10.012
-3.124 16.025
-8.158 -14.240
15.395 3.747
-14.782 7.080
5.909 -15.288
7.021 15.576
-14.466 -7.583
16.033 -5.116
-7.965 14.291
-3.948 -16.404
13.862 9.649
-17.344 1.925
11.282 -12.674
1.213 16.278
-11.231 -11.281
16.197 0.634
-12.757 11.365
2.171 -16.636
9.176 13.614
-16.561 -3.525
15.403 -8.028
-6.173 16.295
-6.631 -15.881
16.386 6.341
-16.905 4.824
8.828 -15.250
3.940 17.100
-14.239 -9.753
17.540 -2.797
-10.324 13.635
-1.700 -17.314
12.267 12.400
-17.366 0.099
12.829 -11.783
-1.896 17.565
-10.264 -14.596
17.031 4.316
-16.178 9.196
5.783 -17.715
8.076 17.080
-15.982 -6.602
17.107 -6.580
-8.094 16.553
-5.540 -17.326
15.620 10.102
-18.476 3.536
10.965 -14.628
1.767 17.926
-13.883 -11.526
17.825 -0.227
-13.880 13.139
0.368 -18.708
10.895 14.284
-18.616 -2.599
15.853 -10.929
-4.566 17.018
-9.070 -15.962
18.167 6.824
-16.969 7.539
7.382 -16.959
6.111 17.979
-16.779 -9.911
18.393 -4.820
-10.494 16.283
-2.156 -19.266
14.742 12.374
-19.291 1.904
13.522 -14.410
-0.897 18.967
-12.048 -14.792
