-0.827 -1.746
1.458 0.411
-0.933 0.859
0.951 -1.448
0.176 2.229
-2.648 -2.010
3.051 -0.645
-1.959 3.074
-0.167 -3.399
3.190 2.265
-3.426 0.467
2.261 -2.911
-0.138 4.007
-2.549 -3.824
4.827 0.415
-3.564 2.211
1.058 -4.772
2.880 5.188
-5.092 -1.690
4.745 -2.664
-1.645 4.942
-2.085 -5.746
4.997 2.162
-6.108 1.168
3.292 -5.476
0.470 6.065
-4.289 -3.721
5.972 -0.938
-4.112 3.973
0.465 -6.585
4.356 4.073
-6.864 -0.494
5.301 -4.380
-1.205 6.716
-4.438 -6.038
6.596 1.385
-6.732 3.188
2.433 -7.085
2.699 7.481
-7.584 -3.290
7.741 -2.471
-4.297 6.100
-1.102 -7.521
6.371 4.152
-8.055 1.040
5.551 -6.157
0.131 7.993
-5.762 -4.864
8.230 -0.340
-6.723 4.974
1.045 -8.307
4.509 7.369
-8.572 -1.790
7.299 -4.177
-2.638 7.780
-3.345 -7.515
7.993 3.444
-8.542 3.032
4.294 -7.477
2.542 9.347
-7.523 -5.359
9.880 -1.128
-5.970 7.077
-0.007 -9.760
7.093 6.473
-9.403 -0.123
7.121 -7.044
-1.209 9.314
-5.528 -7.778
9.053 1.555
-8.495 6.095
1.859 -9.925
4.982 9.091
-9.912 -3.634
10.016 -4.717
-4.725 9.724
-2.629 -10.148
8.941 4.992
-10.640 2.382
6.364 -8.703
1.084 10.359
-8.123 -7.127
10.554 0.496
-8.010 7.879
0.495 -11.597
7.864 8.142
-10.877 -1.999
8.924 -6.559
-2.844 11.529
-5.393 -9.548
11.498 4.028
-9.441 4.588
3.957 -11.085
4.079 11.178
-10.573 -5.342
10.954 -2.574
-6.348 8.809
-1.262 -11.312
9.533 7.507
-12.032 1.086
8.216 -8.572
0.092 11.843
-8.189 -9.017
11.865 1.851
-9.768 7.395
2.339 -11.879
7.109 10.779
-12.763 -3.092
11.427 -6.163
-4.697 11.696
-4.554 -11.206
11.396 5.846
-12.220 4.332
6.497 -10.505
2.386 11.978
-10.073 -7.160
12.519 -1.700
-8.288 9.771
-0.642 -12.997
8.953 9.614
-12.498 -0.816
10.018 -8.304
-1.824 12.961
-6.557 -10.982
13.073 3.115
-11.507 6.926
3.775 -12.889
5.973 12.695
-12.595 -4.892
12.145 -3.860
-6.280 12.449
-3.658 -12.686
11.308 7.605
-13.810 1.879
8.895 -11.026
1.264 14.305
-10.275 -9.042
13.784 -0.447
-10.054 9.704
1.152 -13.479
8.415 12.030
-14.142 -1.867
11.846 -7.959
-4.021 14.095
-6.131 -13.201
13.070 4.905
-13.155 6.022
6.056 -13.380
3.765 13.574
-12.622 -6.887
14.517 -2.618
-8.573 12.387
-2.041 -14.202
11.275 9.520
-15.557 0.614
10.542 -10.362
-1.141 15.310
-8.478 -11.347
14.818 2.717
-12.439 9.098
2.632 -14.396
7.525 13.655
-14.598 -4.758
13.274 -5.963
-5.904 14.235
-5.431 -14.896
14.232 7.904
-14.381 3.724
8.248 -12.718
2.385 15.651
-11.703 -10.119
15.406 -1.063
-11.123 11.481
0.484 -15.145
10.154 11.018
-16.419 -1.779
12.833 -9.410
-2.870 15.717
-8.798 -13.144
15.275 4.528
-14.401 7.640
4.909 -14.779
6.112 15.298
-14.378 -7.267
16.074 -4.746
-8.026 14.137
-3.218 -16.007
12.969 10.057
-15.661 2.403
10.969 -12.179
0.362 16.386
-12.427 -11.725
16.264 1.498
-12.874 10.840
1.918 -16.248
9.901 13.662
-16.493 -3.639
15.302 -8.389
-5.601 16.017
-7.325 -14.588
14.683 6.150
-15.216 5.586
7.464 -15.369
4.332 16.208
-13.672 -9.090
16.655 -3.052
-11.181 13.292
-0.502 -17.418
12.182 12.156
-17.566 0.382
13.791 -10.902
-2.350 17.463
-10.159 -14.308
16.881 3.591
-15.151 9.270
4.349 -16.540
8.169 15.360
-16.066 -6.790
16.018 -6.709
-7.371 15.783
-4.941 -16.962
15.052 9.583
-17.391 2.500
11.453 -14.667
1.404 18.582
-13.975 -12.714
17.292 0.014
-13.309 12.602
1.176 -18.388
11.724 13.907
-18.291 -3.387
15.734 -10.310
-4.564 17.703
-8.465 -15.900
17.228 5.366
-16.394 7.003
7.826 -17.437
6.789 17.437
-15.516 -9.054
18.202 -4.691
-10.492 16.146
-2.264 -17.474
14.468 11.301
-19.397 0.614
12.815 -13.437
-0.363 18.492
-12.501 -14.294
19.290 2.769
-15.168 11.466
3.497 -19.054
9.335 16.990
-18.345 -5.822
17.109 -9.112
-7.011 18.476
-6.399 -17.877
16.776 9.085
