-0.456 -1.878
1.344 0.698
-1.088 0.652
1.225 -1.225
-0.279 2.219
-2.185 -2.505
3.118 -0.013
-2.542 2.612
0.526 -3.362
2.664 2.865
-3.449 -0.237
2.805 -2.392
-0.947 3.895
-1.721 -4.262
4.642 1.385
-3.939 1.442
2.004 -4.458
1.768 5.664
-4.643 -2.688
5.186 -1.646
-2.613 4.505
-0.877 -6.050
4.455 3.130
-6.218 -0.095
4.334 -4.695
-0.769 6.034
-3.446 -4.513
6.039 0.292
-4.832 3.057
1.791 -6.354
3.439 4.872
-6.621 -1.876
6.079 -3.214
-2.542 6.332
-3.121 -6.813
6.178 2.693
-7.239 1.756
3.819 -6.445
1.126 7.873
-6.759 -4.760
8.082 -0.850
-5.444 5.101
0.446 -7.588
5.397 5.357
-8.099 -0.615
6.684 -4.904
-1.492 7.853
-4.656 -5.931
8.128 1.337
-7.592 3.508
2.708 -7.922
2.921 8.131
-8.030 -3.491
7.995 -2.610
-4.161 7.084
-1.752 -8.037
7.129 4.993
-8.979 1.237
5.721 -6.451
0.593 9.668
-6.280 -6.773
9.904 0.899
-7.281 5.719
1.972 -9.558
5.633 7.777
-9.182 -2.027
8.402 -5.454
-3.072 8.875
-3.836 -8.738
8.549 3.358
-9.555 4.245
3.833 -9.342
3.034 9.913
-8.970 -5.568
10.764 -2.588
-6.599 8.564
-0.517 -10.470
7.743 6.701
-10.902 0.175
7.996 -7.232
-1.039 10.364
-6.509 -8.627
10.234 2.626
-9.441 6.091
2.837 -11.256
6.050 9.568
-10.246 -4.163
10.068 -4.613
-5.123 10.712
-3.344 -10.443
10.442 6.276
-10.175 2.578
6.123 -10.053
1.728 11.773
-9.270 -7.375
11.249 -0.299
-8.003 7.339
1.058 -11.333
7.813 9.284
-12.002 -1.377
9.784 -6.728
-2.311 11.615
-6.190 -10.490
11.243 4.219
-11.065 5.261
4.699 -11.158
4.776 11.997
-11.871 -5.616
12.440 -3.718
-6.971 10.501
-2.187 -11.897
9.974 8.036
-12.845 1.764
8.492 -8.970
-0.093 12.213
-8.411 -9.054
12.603 0.874
-10.097 7.888
2.007 -12.858
6.817 11.230
-12.073 -3.333
11.494 -6.099
-4.414 12.322
-4.194 -12.084
12.169 5.701
-12.672 4.449
6.310 -11.856
3.275 13.643
-11.341 -7.345
12.676 -1.317
-8.674 10.917
-1.010 -13.164
9.531 9.740
-13.904 -0.961
10.946 -8.993
-1.663 14.264
-8.228 -10.938
13.588 2.358
-11.813 7.463
3.862 -12.965
5.801 13.486
-13.470 -4.696
13.214 -5.392
-6.795 12.987
-3.326 -14.170
11.803 7.454
-14.103 3.229
8.644 -11.874
0.934 14.055
-10.963 -9.303
14.747 0.380
-10.907 10.391
0.881 -14.321
9.110 11.608
-15.358 -2.553
12.424 -8.009
-4.222 14.760
-6.001 -12.831
13.959 5.665
-14.026 6.386
5.497 -13.563
4.599 14.897
-13.330 -7.619
14.207 -3.147
-8.668 12.742
-2.298 -15.688
12.334 10.626
-14.838 0.730
10.656 -10.782
-0.838 15.809
-9.407 -12.282
15.302 2.083
-13.220 8.987
3.545 -14.732
7.709 12.849
-15.717 -5.072
14.474 -6.612
-5.998 14.808
-5.949 -14.655
14.039 7.531
-15.651 4.561
7.805 -13.477
2.883 16.219
-12.606 -10.032
16.702 -1.388
-10.726 12.216
0.095 -16.327
10.660 12.478
-15.823 -0.823
13.211 -9.702
-2.968 16.119
-9.791 -14.001
15.622 4.766
-14.805 8.004
5.173 -15.521
6.925 15.386
-15.412 -6.908
16.685 -5.112
-8.733 14.548
-4.215 -15.770
13.130 9.000
-16.033 2.384
10.425 -13.536
0.955 16.749
-11.544 -11.674
16.928 0.389
-13.644 10.748
3.041 -17.158
9.464 14.373
-17.278 -3.188
15.716 -7.879
-5.843 16.624
-7.046 -16.071
15.802 6.940
-16.716 6.005
7.613 -15.315
4.885 16.697
-14.356 -9.907
17.046 -3.321
-10.419 13.960
-1.398 -17.612
12.796 12.436
-17.536 -1.079
14.189 -12.040
-2.393 18.481
-11.106 -15.284
16.930 3.520
-15.588 9.641
4.880 -17.768
8.660 15.996
-17.224 -7.026
17.498 -6.905
-8.059 16.410
-5.065 -17.286
15.782 8.748
-17.473 3.533
11.199 -15.488
3.112 18.451
-13.358 -12.013
18.775 -0.903
-13.548 13.683
1.327 -17.570
11.876 14.001
-19.118 -3.333
15.274 -10.559
-4.105 18.035
-9.343 -16.532
18.327 6.623
-17.178 8.151
7.288 -17.949
5.696 18.531
-16.784 -9.421
18.602 -5.453
-10.612 16.670
-2.640 -18.804
14.585 12.298
