0.456 -1.878
0.875 1.237
-1.266 0.080
1.650 -0.527
-1.266 1.843
-0.793 -3.229
2.777 1.418
-3.457 1.156
2.010 -2.747
1.054 3.768
-2.956 -1.792
3.590 -0.839
-2.628 3.027
0.426 -4.576
3.490 3.360
-4.161 -0.525
3.825 -3.042
-1.027 5.844
-2.893 -4.518
5.363 0.916
-4.388 2.805
1.996 -5.778
2.523 4.825
-5.482 -2.937
6.004 -2.184
-3.451 5.009
-0.992 -5.591
5.232 3.029
-5.696 0.500
4.506 -4.825
0.822 5.906
-5.023 -4.704
6.876 -0.068
-5.163 4.461
0.351 -7.485
4.255 5.227
-7.238 -1.759
6.350 -3.975
-2.610 7.513
-3.823 -7.330
7.571 2.951
-7.178 2.036
3.877 -6.538
2.339 7.236
-6.915 -4.261
8.188 -1.292
-4.928 6.294
-1.417 -7.406
6.610 4.916
-8.355 -0.365
6.040 -5.798
-1.134 8.565
-5.535 -6.786
8.301 1.348
-6.946 4.387
2.130 -7.946
4.045 7.707
-8.546 -3.019
8.042 -3.109
-3.907 8.863
-2.474 -8.899
8.388 5.341
-9.093 1.743
6.136 -7.589
1.439 9.495
-7.230 -6.012
9.967 -0.993
-6.801 6.478
0.599 -9.524
6.057 6.905
-10.438 -0.610
7.691 -6.544
-1.850 10.200
-5.417 -9.062
10.752 2.637
-9.791 4.584
4.343 -9.541
3.807 9.506
-9.768 -4.845
10.423 -2.759
-5.677 8.733
-1.828 -10.651
7.889 7.027
-11.183 1.083
7.683 -8.701
0.988 11.277
-7.195 -8.398
11.063 0.518
-9.465 7.170
1.818 -10.814
6.400 10.366
-10.224 -2.375
10.051 -6.125
-3.864 11.254
-4.855 -10.805
10.133 4.893
-10.477 2.851
6.138 -9.585
2.685 11.833
-10.034 -6.728
11.780 -1.491
-7.381 9.261
-0.689 -12.161
8.056 8.906
-12.245 -0.400
9.294 -7.760
-1.259 12.851
-7.973 -10.435
12.760 2.402
-11.011 6.134
3.513 -11.575
5.177 11.715
-12.223 -4.324
11.660 -4.076
-5.684 10.810
-3.322 -11.903
10.799 6.557
-12.590 2.378
7.681 -10.505
0.907 13.106
-9.200 -8.499
13.011 -0.148
-9.574 8.925
1.815 -12.661
8.199 10.648
-13.301 -1.859
11.045 -7.641
-3.347 13.625
-6.709 -11.728
11.868 4.643
-12.715 5.723
5.140 -12.161
4.002 13.027
-11.915 -7.231
13.852 -2.971
-8.020 11.913
-2.295 -13.493
10.994 8.327
-13.920 1.214
9.378 -9.750
-1.031 14.645
-9.816 -10.350
14.215 1.270
-11.995 8.424
3.543 -14.117
7.070 12.037
-14.013 -3.599
13.127 -6.587
-5.616 12.918
-5.475 -13.295
12.930 7.101
-14.458 4.231
7.352 -12.321
2.771 14.494
-12.477 -9.313
14.714 -1.419
-10.522 11.180
0.552 -14.154
9.806 11.437
-15.393 -0.758
11.105 -9.532
-2.745 15.347
-8.351 -12.885
14.068 3.720
-13.547 7.348
5.153 -14.994
6.086 15.099
-13.520 -6.157
14.414 -4.694
-7.996 13.664
-2.726 -15.229
12.642 8.869
-15.869 1.923
9.907 -11.465
0.957 14.953
-11.640 -11.716
15.894 0.763
-12.122 10.408
1.435 -15.751
9.021 13.131
-15.999 -3.126
13.116 -8.396
-4.877 15.735
-6.601 -14.696
15.479 6.427
-15.134 5.936
7.572 -14.465
3.749 15.978
-13.683 -7.989
16.189 -2.562
-10.030 12.962
-2.279 -16.932
11.697 11.400
-16.827 0.322
11.716 -11.420
-0.903 16.848
-10.527 -13.207
17.171 3.111
-14.433 8.923
3.488 -15.947
7.540 14.020
-15.341 -5.235
15.472 -7.247
-6.833 15.322
-4.904 -15.669
14.864 8.110
-17.054 3.293
10.571 -13.852
1.817 17.113
-13.891 -10.758
17.579 0.207
-12.816 12.092
1.109 -17.513
10.859 13.415
-17.608 -2.330
13.789 -10.117
-3.318 17.078
-8.213 -15.388
16.671 4.867
-15.661 7.627
6.835 -16.292
5.666 16.920
-15.088 -9.002
18.131 -4.191
-10.603 15.325
-2.859 -18.676
13.430 10.893
-18.273 1.418
12.486 -13.550
0.359 18.186
-12.083 -14.144
18.716 1.889
-14.687 10.886
3.428 -17.684
10.011 15.012
-17.147 -4.875
17.055 -8.626
-5.697 17.823
-6.360 -16.801
17.098 7.809
-18.315 5.945
9.237 -15.004
4.132 17.888
-15.460 -11.730
18.415 -2.377
-11.920 14.143
-0.720 -18.976
13.248 14.291
-19.004 -0.635
14.708 -12.607
-3.437 19.079
-10.593 -16.070
19.031 3.686
-17.075 9.946
6.278 -17.920
7.320 17.618
