-0.397 -1.891
1.322 0.740
-1.108 0.617
1.262 -1.186
-0.349 2.209
-2.105 -2.573
3.117 0.085
-2.623 2.531
0.631 -3.344
2.573 2.947
-3.440 -0.345
2.879 -2.303
-1.069 3.864
-1.586 -4.314
4.597 1.531
-3.982 1.318
2.143 -4.393
1.589 5.717
-4.556 -2.832
5.235 -1.482
-2.753 4.421
-0.686 -6.074
4.355 3.268
-6.212 -0.291
4.479 -4.556
-0.959 6.007
-3.302 -4.620
6.026 0.482
-4.926 2.904
1.990 -6.295
3.284 4.977
-6.559 -2.083
6.177 -3.022
-2.739 6.249
-2.905 -6.908
6.091 2.886
-7.290 1.528
4.020 -6.321
0.878 7.905
-6.606 -4.970
8.104 -0.596
-5.602 4.928
0.684 -7.570
5.226 5.524
-8.076 -0.869
6.835 -4.691
-1.738 7.803
-4.468 -6.075
8.082 1.591
-7.698 3.267
2.955 -7.833
2.664 8.218
-7.917 -3.742
8.073 -2.357
-4.381 6.950
-1.498 -8.088
6.968 5.215
-9.013 0.954
5.920 -6.268
0.289 9.682
-6.065 -6.967
9.871 1.210
-7.457 5.488
2.271 -9.492
5.386 7.950
-9.114 -2.314
8.569 -5.187
-3.350 8.774
-3.559 -8.854
8.440 3.625
-9.683 3.943
4.125 -9.217
2.722 10.003
-8.790 -5.847
10.840 -2.248
-6.864 8.353
-0.187 -10.482
7.529 6.941
-10.902 -0.167
8.220 -6.977
-1.364 10.326
-6.235 -8.827
10.146 2.946
-9.628 5.792
3.189 -11.161
5.746 9.753
-10.110 -4.482
10.208 -4.295
-5.457 10.546
-3.015 -10.543
10.240 6.601
-10.251 2.258
6.435 -9.855
1.357 11.821
-9.034 -7.662
11.253 0.054
-8.229 7.084
1.414 -11.294
7.518 9.525
-11.953 -1.753
9.990 -6.417
-2.675 11.537
-5.858 -10.680
11.105 4.570
-11.225 4.911
5.047 -11.005
4.396 12.141
-11.689 -5.986
12.551 -3.325
-7.298 10.276
-1.812 -11.960
9.716 8.345
-12.894 1.359
8.770 -8.699
-0.476 12.204
-8.123 -9.314
12.570 1.270
-10.340 7.567
2.410 -12.788
6.461 11.438
-11.963 -3.711
11.680 -5.735
-4.799 12.177
-3.812 -12.209
11.984 6.081
-12.806 4.049
6.679 -11.652
2.845 13.739
-11.105 -7.697
12.711 -0.918
-9.013 10.639
-0.596 -13.189
9.220 10.035
-13.867 -1.397
11.223 -8.645
-2.110 14.205
-7.880 -11.191
13.508 2.783
-12.041 7.089
4.267 -12.838
5.374 13.662
-13.315 -5.116
13.377 -4.974
-7.200 12.767
-2.880 -14.267
11.563 7.821
-14.197 2.785
9.012 -11.597
0.492 14.078
-10.666 -9.643
14.727 0.843
-11.228 10.043
1.331 -14.286
8.741 11.889
-15.271 -3.034
12.670 -7.615
-4.684 14.620
-5.595 -13.013
13.774 6.101
-14.219 5.942
5.920 -13.384
4.129 15.034
-13.084 -8.034
14.299 -2.699
-9.064 12.464
-1.804 -15.752
11.994 11.008
-14.853 0.264
10.989 -10.442
-1.335 15.775
-9.017 -12.572
15.229 2.563
-13.496 8.567
4.006 -14.613
7.302 13.085
-15.550 -5.563
14.675 -6.154
-6.460 14.613
-5.486 -14.835
13.796 7.969
-15.787 4.067
8.224 -13.225
2.372 16.302
-12.285 -10.423
16.738 -0.863
-11.104 11.873
0.607 -16.316
10.263 12.807
-15.789 -1.320
13.509 -9.282
-3.473 16.018
-9.346 -14.302
15.465 5.254
-15.049 7.535
5.658 -15.351
6.438 15.595
-15.188 -7.389
16.838 -4.585
-9.185 14.267
-3.717 -15.895
12.841 9.408
-16.100 1.879
10.845 -13.202
0.429 16.771
-11.172 -12.031
16.907 0.921
-13.975 10.314
3.578 -17.054
9.008 14.664
-17.169 -3.729
15.955 -7.381
-6.362 16.432
-6.538 -16.284
15.577 7.433
-16.896 5.477
8.090 -15.068
4.358 16.842
-14.038 -10.353
17.142 -2.784
-10.852 13.626
-0.844 -17.647
12.399 12.832
-17.494 -1.629
14.560 -11.589
-2.973 18.396
-10.621 -15.625
16.811 4.050
-15.883 9.147
5.436 -17.605
8.154 16.260
-16.995 -7.564
17.706 -6.352
-8.570 16.148
-4.519 -17.437
15.499 9.240
-17.576 2.982
11.680 -15.128
2.531 18.540
-12.974 -12.426
18.794 -0.313
-13.971 13.250
1.878 -17.520
11.430 14.367
-19.004 -3.931
15.598 -10.074
-4.670 17.897
-8.819 -16.817
18.110 7.195
-17.426 7.608
7.848 -17.711
5.111 18.700
-16.479 -9.944
18.764 -4.866
-11.130 16.329
-2.049 -18.877
14.192 12.750
