-1.914 0.267
0.828 -1.269
0.541 1.147
-1.097 -1.340
2.180 0.498
-2.710 1.926
0.296 -3.104
2.347 2.789
-3.294 -0.857
3.115 -2.367
-0.578 3.409
-2.102 -3.029
3.782 1.329
-4.411 1.289
1.840 -4.482
1.044 4.062
-4.237 -2.437
5.812 -1.197
-3.136 4.353
-1.123 -5.324
4.224 3.047
-6.107 0.271
3.557 -4.122
-0.712 6.178
-4.241 -4.779
5.928 1.365
-4.833 2.980
0.891 -5.980
2.562 5.112
-6.145 -2.413
5.189 -2.938
-2.524 6.402
-2.594 -6.368
6.049 3.158
-7.089 2.429
3.294 -5.880
1.029 7.377
-6.033 -4.440
7.946 -0.338
-5.408 6.253
-0.043 -8.126
4.536 5.924
-7.506 -1.198
5.867 -4.838
-1.416 7.998
-4.216 -7.138
7.666 2.265
-6.365 4.044
2.137 -7.955
2.736 7.903
-7.614 -3.481
8.381 -2.099
-4.272 7.644
-1.803 -8.214
6.636 4.843
-8.172 0.945
5.676 -6.598
0.339 9.057
-5.851 -6.333
9.679 0.370
-7.363 5.577
1.878 -9.766
4.968 7.813
-9.315 -2.911
8.298 -4.833
-2.929 8.936
-4.592 -8.902
8.526 3.939
-9.075 2.949
4.191 -8.173
3.276 9.929
-8.915 -4.742
10.165 -2.035
-6.432 8.372
-1.506 -10.968
7.866 7.417
-10.470 -0.526
7.437 -7.039
-0.908 10.866
-6.402 -8.675
10.209 2.063
-9.230 5.620
3.630 -9.922
5.123 10.000
-10.918 -3.941
10.121 -5.070
-5.160 9.782
-3.591 -10.477
10.151 6.161
-10.724 2.290
7.282 -9.767
1.555 10.381
-9.395 -7.091
11.886 -0.550
-8.259 8.492
0.819 -11.223
6.508 8.692
-11.172 -2.179
10.014 -6.852
-2.562 11.806
-5.723 -10.404
11.328 3.453
-11.053 5.118
5.315 -10.769
4.136 11.533
-10.636 -5.784
12.412 -3.561
-6.767 11.255
-2.464 -12.748
9.756 7.980
-12.055 0.994
8.987 -9.126
0.479 12.956
-8.082 -9.341
12.144 1.305
-9.845 7.471
2.122 -12.454
6.846 10.831
-12.595 -3.274
11.851 -5.668
-4.516 11.682
-4.928 -12.043
11.822 5.616
-12.441 2.973
6.882 -11.543
3.168 13.051
-11.171 -7.456
13.900 -1.904
-8.435 10.555
-0.052 -12.744
10.001 9.715
-13.199 -0.303
10.639 -8.516
-2.337 13.740
-7.861 -11.785
14.028 3.071
-11.701 7.101
3.696 -13.287
6.253 12.496
-12.518 -5.130
13.996 -4.433
-6.010 12.937
-4.053 -13.684
12.248 8.052
-14.430 1.903
8.589 -11.005
1.813 14.354
-10.957 -9.780
14.079 0.466
-10.346 9.985
1.843 -14.636
9.256 11.885
-14.162 -2.299
12.456 -7.912
-4.066 15.029
-6.735 -13.158
14.268 5.667
-13.363 4.697
7.024 -13.327
4.962 14.591
-12.950 -6.817
15.280 -3.097
-8.906 12.508
-1.720 -14.449
11.819 9.891
-15.838 0.728
11.799 -11.217
-0.747 14.837
-9.670 -11.674
15.648 2.404
-13.156 8.141
3.593 -15.019
7.629 14.047
-14.307 -4.991
13.551 -6.395
-6.608 15.136
-5.141 -15.059
14.139 7.439
-15.174 4.464
8.888 -13.222
2.984 16.027
-12.635 -9.104
16.425 -1.258
-11.234 11.547
0.278 -16.758
11.091 11.886
-16.237 -1.716
13.475 -9.368
-2.391 15.663
-8.342 -14.109
15.745 4.554
-14.905 8.352
6.294 -15.072
6.494 15.526
-14.931 -6.689
15.997 -5.362
-8.405 14.650
-3.429 -17.110
13.609 10.134
-16.111 2.627
10.259 -12.172
0.780 16.190
-12.434 -11.718
16.762 0.713
-12.763 10.328
2.068 -16.805
9.340 14.644
-16.771 -4.730
15.242 -7.989
-4.888 16.876
-6.279 -16.420
15.961 7.465
-16.691 5.415
8.475 -15.035
4.315 17.230
-14.483 -9.096
17.100 -3.202
-11.284 13.301
-1.612 -17.292
12.856 11.754
-17.664 -0.358
13.646 -11.497
-2.815 17.343
-10.571 -15.315
18.152 4.217
-16.312 9.533
5.184 -16.496
8.045 16.468
-17.195 -6.621
16.777 -7.029
-8.702 16.441
-5.133 -18.097
15.528 9.649
-17.704 3.323
10.273 -14.835
1.780 17.738
-14.299 -12.682
18.669 -1.264
-13.280 12.098
0.967 -18.772
12.270 14.840
-17.351 -3.065
15.111 -10.427
-5.215 18.693
-8.989 -16.247
17.538 5.876
-17.378 7.655
8.410 -17.579
6.405 17.903
-17.136 -9.035
19.005 -3.827
-11.042 15.765
-3.578 -19.051
15.534 12.215
-18.973 0.760
13.686 -13.291
