14.80791, 6.66230
14.23661, 10.40653
10.79595, 15.23436
9.11513, 17.01672
9.29445, 14.13095
6.78958, 16.10300
5.24263, 15.25147
7.17031, 13.63361
14.34799, 13.14654
12.90783, 9.21671
11.60182, 10.41218
8.41066, 9.35690
9.40941, 7.60868
11.21034, 8.35322
11.78726, 5.43604
12.93468, 7.42252
1.34001, 15.43477
0.70025, 17.12389
-1.84880, 14.08344
1.05473, 13.71406
-2.94934, 12.50101
-0.41928, 12.23859
2.26849, 12.22481
4.25109, 13.77155
5.63332, 12.28487
7.00729, 11.15797
8.82944, 11.24064
10.55249, 12.78138
12.87374, 11.99845
4.85844, 17.39012
3.45870, 16.08826
1.15750, 18.91780
4.89647, 7.31255
6.69605, 6.67506
6.40292, 9.06620
9.29015, 5.75474
6.55062, 4.91912
4.55445, 5.18587
5.21006, 3.44498
4.09113, 0.93490
4.59072, 9.58000
3.88198, 11.21151
0.87226, 10.78769
1.66789, 9.11805
0.76132, 7.56667
0.50527, 5.70406
3.13695, 7.68060
2.49625, 4.76796
-7.88746, 17.32952
-8.27985, 15.61595
-4.89637, 15.62653
-6.46970, 14.49637
-6.18611, 11.67751
-4.52939, 11.23766
-4.79867, 13.80476
-2.83944, 15.60343
5.73514, 0.06905
7.03004, 2.44683
8.24713, 3.81209
10.35314, 1.62527
9.96367, 3.33360
-2.69820, 17.37204
-0.97215, 19.05366
-5.04029, 17.32951
-2.52208, 5.61102
-0.80052, 4.56959
-1.04380, 7.47354
-8.42766, 11.66641
-8.87054, 13.76648
-10.57434, 14.16179
-11.75953, 12.87481
-13.68191, 12.40021
-1.45222, 9.49445
-2.79012, 10.65483
-2.82341, 7.78749
-5.18973, 9.15376
-6.83215, 7.04704
-4.42605, 6.20469
-4.91516, 4.45101
-2.22078, 2.56885
-10.56677, 5.23532
-8.32348, 2.39138
-10.65133, 1.84904
-9.98190, 0.12149
-8.28515, 0.60328
-6.20654, 1.68892
-3.67372, 0.56306
-4.08583, 2.72122
-10.89726, 10.56257
-10.21987, 8.88999
-8.47066, 8.02688
-8.60245, 9.82640
-6.98307, 9.00949
-6.70407, 3.42539
-6.52495, 5.27283
-8.27158, 5.87005
-12.00960, 3.05573
-11.67953, 6.65360
-9.94419, 6.92506
-14.06158, 1.76969
-14.78835, 3.41158
-16.34945, 1.14268
-18.45467, 2.56329
-18.54391, 0.77540
-11.91302, 8.52102
-12.71884, 10.36547
-15.81704, 11.28522
-14.65875, 8.88897
-17.78515, 7.08145
-13.80613, 7.24369
-16.08333, 5.84135
-13.64041, 5.40313
-13.68262, -4.90283
-15.76322, -2.15628
-16.81680, -4.60205
-16.18056, -6.29653
-18.62507, -5.34325
-16.33353, -9.31356
-14.84553, -7.71829
-9.64480, -5.74245
-17.47234, -1.76849
-18.45008, -3.51628
-14.81922, 0.11764
-12.93129, -1.00678
-11.85902, 0.49067
-11.37167, -5.65057
-12.48362, -3.49406
-14.03263, -2.49386
-9.57776, -14.31390
-8.74960, -12.22045
-7.20391, -11.26861
-2.80093, -13.30561
-4.69729, -15.56544
-4.08584, -12.11019
-5.95224, -12.60370
-7.80282, -13.86302
-7.19812, -9.54470
-10.21169, -9.25583
-12.27401, -8.22191
-11.78298, -9.92082
-14.09033, -9.40675
-12.38166, -12.05223
-10.59020, -12.36408
-11.94126, -15.41392
-6.85922, -0.52082
-8.13814, -2.08564
-10.97650, -1.46617
-10.45101, -3.53649
-10.19304, -7.48654
-7.21142, -7.63677
-7.87875, -6.01850
-4.92270, -3.44645
-6.22478, -14.60242
-8.61947, -15.82082
-5.72706, -18.21388
-4.12973, -17.33156
-2.47496, -18.14017
-2.28281, -16.19510
-5.25225, -1.33386
-7.25388, -3.60646
-1.57804, -11.99203
-0.56333, -9.57095
0.07661, -11.26207
4.13451, -14.99219
2.42337, -12.62312
2.36584, -14.47134
0.27045, -13.08094
-1.47628, -14.69117
-1.69415, -7.39511
-2.09585, -4.99194
-3.77706, -5.55464
-3.34393, -8.01515
-6.15633, -5.46704
-5.41944, -7.39120
-5.41019, -10.89030
-2.94871, -9.75307
-1.68940, 0.39162
-2.65905, -1.61653
-0.74342, -1.26407
-3.14701, -3.59908
-0.70620, -3.81956
1.46097, -1.66416
3.54484, -0.78693
2.80571, 2.11420
0.38969, -14.95092
-0.28325, -17.16957
1.29417, -18.10787
2.45709, -16.67834
5.14123, -18.65586
1.26990, 0.12483
0.51023, 3.35548
-0.59574, 1.87499
4.91014, -10.81669
6.47351, -8.16093
8.21962, -8.52520
9.21030, -12.87127
9.06646, -11.06081
6.66215, -10.20524
6.76987, -12.30829
4.57540, -13.26006
2.85845, -2.73064
3.87696, -4.63771
1.56828, -5.71156
-0.26484, -5.93584
3.30779, -7.20627
1.92807, -8.40986
2.77134, -9.94352
4.68379, -8.45249
7.35367, -1.36658
4.62869, -2.38062
5.53660, -3.96152
5.48558, -5.80411
7.28561, -3.68578
7.33050, -5.79365
10.16653, -3.62742
10.68574, -1.85187
6.29634, -15.19336
4.86956, -16.70160
7.28326, -17.20379
8.16279, -14.58134
11.95090, -14.28817
11.24630, -0.01323
9.24222, -0.90617
8.27950, 1.13564
13.89939, -10.83643
15.63724, -9.46605
13.00944, -9.22174
17.28629, -1.67140
15.97487, -0.43927
12.75854, -1.20162
14.81669, -2.87265
13.18854, -4.51607
15.22877, -7.56365
12.69819, -7.26311
11.51480, -5.10520
10.08562, -6.29530
10.32731, -7.99123
11.50761, -10.14842
11.16364, -11.95090
13.18338, -12.96969
13.09095, 3.09646
12.14014, 1.52391
13.98625, 0.10336
15.24227, 2.20737
16.78219, 1.22944
18.33961, 0.27923
18.83029, 2.40565
17.34583, 3.99834
15.62769, -4.48062
14.18139, -6.05996
16.31641, -6.15616
17.92808, -8.34063
18.79677, -4.21575
16.64514, 6.47420
15.67227, 4.58727
13.62456, 4.86832
