1.199 1.516
-1.513 -0.072
0.716 -1.047
-0.601 1.625
-0.673 -2.132
3.032 1.363
-2.827 1.315
1.218 -3.436
0.927 3.275
-3.618 -1.489
3.233 -1.226
-1.549 3.345
-0.767 -3.935
3.344 3.153
-4.797 0.681
2.976 -2.956
0.042 4.887
-3.973 -4.407
5.342 0.502
-4.024 3.663
0.491 -5.185
3.324 5.130
-5.355 -0.982
5.689 -2.512
-1.975 6.076
-1.822 -5.803
5.016 2.661
-5.608 2.258
3.113 -4.796
1.028 6.521
-5.160 -2.989
6.799 -1.062
-4.179 5.460
-0.337 -6.815
5.682 4.885
-6.738 0.135
5.843 -4.620
-0.777 7.451
-4.313 -6.682
8.129 1.500
-6.987 4.149
2.815 -6.910
2.765 7.080
-7.142 -2.612
7.615 -2.826
-4.023 7.248
-1.926 -7.759
6.709 3.443
-7.943 2.182
5.431 -6.359
0.850 8.329
-6.051 -6.166
8.755 -0.184
-6.173 5.712
0.820 -8.174
4.950 6.570
-8.563 -1.557
7.641 -4.875
-2.502 8.251
-4.579 -8.535
8.536 3.529
-9.373 3.322
4.225 -8.238
2.203 9.508
-8.368 -4.712
9.189 -1.996
-5.354 8.466
-0.917 -9.347
7.136 6.335
-9.170 0.521
6.906 -7.850
0.421 10.089
-6.899 -7.738
10.476 1.311
-8.698 6.849
2.416 -10.538
4.845 9.297
-9.835 -2.853
9.832 -4.715
-4.243 9.912
-3.387 -9.850
9.518 5.117
-10.395 1.890
6.032 -9.479
2.126 11.411
-9.494 -6.165
11.048 -0.499
-7.219 8.399
0.178 -11.873
7.402 8.090
-12.109 -1.339
8.166 -6.594
-1.362 11.691
-6.489 -9.974
11.504 2.826
-10.094 4.973
4.204 -10.012
3.774 10.738
-10.978 -5.170
11.479 -3.764
-6.078 10.201
-2.754 -11.518
10.007 6.944
-11.978 0.865
7.854 -9.403
0.393 12.101
-9.352 -8.904
13.132 0.142
-9.748 8.576
1.946 -12.453
6.958 9.895
-12.419 -3.133
10.933 -6.970
-3.967 11.698
-5.019 -11.135
11.425 4.711
-11.816 4.472
5.877 -11.385
3.550 12.520
-10.886 -7.354
12.361 -2.017
-7.894 10.344
-1.139 -13.039
8.860 9.226
-13.438 -0.095
9.654 -9.337
-0.779 13.408
-8.676 -11.026
13.372 1.934
-10.965 6.493
3.319 -13.543
6.418 11.538
-12.729 -4.867
13.033 -4.937
-6.187 12.744
-4.450 -13.654
12.046 6.499
-13.330 3.536
7.613 -11.717
1.909 13.393
-10.906 -9.828
14.199 -1.363
-9.752 10.420
0.747 -14.639
8.943 11.484
-13.838 -1.840
11.463 -8.827
-2.891 14.400
-6.722 -12.379
13.848 3.871
-13.556 5.817
5.567 -13.998
5.183 13.379
-13.127 -6.739
15.020 -4.098
-7.941 12.468
-2.332 -15.174
10.814 9.149
-15.049 0.686
10.074 -11.663
0.674 14.619
-10.403 -11.612
15.294 1.352
-11.592 8.796
2.550 -15.199
8.643 13.292
-15.646 -4.500
13.175 -6.863
-5.175 14.248
-5.844 -14.713
13.679 7.228
-14.772 4.501
8.255 -13.689
2.935 14.865
-12.373 -8.452
16.398 -1.960
-10.387 12.055
-0.739 -15.960
11.529 10.828
-15.902 -0.976
12.313 -10.683
-1.459 15.505
-9.397 -13.531
15.644 3.846
-14.594 8.240
4.640 -15.581
6.736 14.873
-14.899 -6.882
14.719 -5.864
-7.948 14.334
-4.039 -15.885
14.746 8.629
-16.184 2.199
10.106 -13.458
1.786 16.263
-12.720 -11.084
16.889 -0.164
-13.023 11.616
1.854 -16.866
10.419 12.566
-15.690 -2.690
13.570 -8.866
-3.815 16.654
-7.867 -14.818
15.366 5.782
-15.541 6.720
7.905 -15.466
4.407 16.858
-14.604 -9.104
17.029 -4.323
-10.986 13.725
-1.638 -17.544
13.117 11.656
-17.257 0.298
12.677 -12.441
-0.517 17.094
-11.415 -13.128
17.182 3.001
-14.099 10.140
3.632 -17.036
8.630 15.416
-16.822 -5.952
16.383 -6.348
-7.860 16.868
-5.548 -17.790
16.477 9.245
-16.852 3.876
10.133 -15.273
2.991 18.181
-14.552 -10.913
18.585 -0.814
-13.012 13.585
0.464 -18.276
11.825 13.588
-17.993 -1.353
14.398 -10.511
-3.703 18.750
-10.537 -15.463
17.155 5.332
-16.680 8.666
6.591 -18.092
6.137 16.517
-16.640 -7.757
18.762 -4.961
-9.464 15.975
-3.806 -18.100
15.396 11.115
-19.418 1.641
12.200 -14.584
0.879 19.352
-12.918 -14.455
19.185 1.546
-14.621 12.727
2.675 -19.579
10.256 15.980
-18.390 -5.079
