-0.950 1.683
-0.505 -1.428
1.240 0.267
-1.731 0.058
1.720 -1.429
-0.116 3.322
-2.286 -2.121
3.641 -0.171
-2.682 2.096
0.012 -3.912
2.357 2.530
-3.683 -0.170
3.353 -2.197
-1.656 4.287
-2.443 -4.184
3.861 1.638
-4.509 1.886
2.579 -5.344
1.554 5.135
-4.911 -2.342
4.986 -1.504
-3.494 5.016
-1.114 -5.329
4.475 4.318
-6.372 0.467
4.685 -3.880
-0.568 5.650
-4.209 -4.339
5.617 1.070
-5.649 3.416
0.817 -5.907
3.553 5.894
-6.635 -1.807
6.183 -2.887
-2.376 7.107
-2.671 -6.188
6.485 3.664
-7.192 2.096
4.557 -6.518
1.683 8.094
-6.482 -4.901
7.461 -0.005
-5.511 5.236
-0.280 -7.599
5.493 5.983
-8.231 -0.986
6.456 -4.715
-0.653 7.512
-5.022 -6.530
7.940 2.626
-7.390 3.934
3.423 -7.932
3.478 8.036
-7.621 -3.557
7.878 -2.330
-4.213 7.065
-1.794 -8.517
7.401 5.232
-8.585 0.801
6.173 -7.465
-0.042 9.237
-6.617 -7.424
9.224 0.799
-7.971 5.632
1.201 -9.528
5.320 7.754
-9.861 -1.759
8.308 -4.381
-3.170 9.001
-3.948 -8.294
9.877 3.429
-9.182 4.202
4.557 -9.311
2.744 10.194
-9.628 -5.465
10.670 -1.744
-6.777 7.998
-1.075 -10.184
8.080 7.321
-10.780 -0.183
7.840 -6.857
-1.142 10.746
-5.678 -8.910
11.056 2.003
-9.762 6.280
2.120 -11.120
4.637 10.040
-10.504 -3.511
11.060 -4.322
-4.694 9.910
-3.336 -11.717
9.191 5.069
-11.339 3.157
6.783 -9.777
1.730 11.719
-8.418 -7.467
10.858 0.109
-8.516 7.552
0.639 -12.117
7.823 9.206
-11.741 -1.773
9.624 -6.902
-2.648 11.889
-5.327 -10.763
11.674 3.719
-11.055 4.936
4.710 -12.023
4.831 12.212
-11.624 -5.785
12.265 -2.904
-6.532 10.181
-1.792 -12.682
10.584 7.489
-12.329 0.747
8.413 -8.854
-0.045 12.358
-8.605 -9.250
12.762 1.140
-10.251 8.017
2.696 -12.857
6.538 10.683
-12.560 -3.400
11.642 -5.981
-5.194 11.689
-4.990 -12.478
12.293 5.410
-12.708 4.345
6.930 -12.199
3.262 13.112
-10.155 -7.699
13.793 -2.044
-8.257 10.302
-0.304 -13.624
9.496 10.202
-14.137 -0.913
10.960 -9.279
-1.466 13.608
-8.311 -11.006
13.725 2.622
-11.678 6.828
4.979 -13.811
6.627 12.632
-13.333 -5.092
13.836 -4.840
-7.253 12.619
-3.525 -13.507
12.504 7.278
-14.424 2.764
8.921 -10.901
1.648 14.284
-10.508 -10.354
15.064 -0.135
-10.429 9.854
1.280 -14.701
9.470 12.358
-14.544 -2.641
13.168 -7.892
-4.385 13.469
-6.321 -13.674
14.605 4.920
-13.281 6.148
6.820 -14.020
4.527 14.672
-12.524 -7.410
15.036 -3.381
-9.041 13.025
-1.745 -16.186
11.333 9.605
-15.147 0.592
11.414 -10.970
-1.523 15.396
-9.749 -11.976
15.793 2.471
-12.654 8.334
3.150 -14.649
8.011 14.442
-15.086 -5.062
14.498 -6.714
-5.669 14.766
-5.105 -15.092
14.544 7.364
-14.907 4.507
8.977 -13.812
2.350 15.938
-13.144 -10.399
16.179 -1.591
-11.225 11.856
0.743 -16.395
10.991 11.412
-16.275 -1.943
13.181 -9.742
-2.418 16.913
-8.151 -14.154
16.279 4.272
-14.382 7.798
5.456 -15.965
6.533 15.575
-15.675 -7.668
16.317 -4.656
-7.698 14.394
-3.438 -15.543
13.336 9.214
-16.861 2.760
10.747 -12.883
0.453 16.412
-12.094 -11.850
17.306 1.475
-13.943 10.450
2.911 -16.961
10.437 14.133
-16.858 -4.985
15.625 -8.146
-5.836 16.549
-6.796 -15.865
16.309 7.037
-16.022 5.981
7.842 -15.529
3.713 17.042
-14.716 -9.222
17.146 -3.074
-11.013 13.815
-0.845 -17.823
12.067 12.770
-18.587 -0.904
14.375 -11.859
-2.334 18.749
-9.956 -14.138
17.969 3.611
-15.703 9.639
4.606 -17.597
7.776 16.899
-17.495 -6.914
17.096 -6.475
-8.113 16.082
-5.546 -17.171
15.172 9.360
-18.759 3.657
10.335 -15.599
1.545 17.898
-14.326 -12.169
19.242 -0.733
-12.974 11.922
0.895 -18.337
11.682 15.496
-18.367 -2.727
15.320 -10.363
-4.474 18.455
-8.857 -17.358
18.113 5.786
-17.585 8.126
8.502 -17.422
5.817 18.347
-17.308 -8.729
19.138 -4.921
-10.920 15.534
-2.246 -18.945
