5.99757, 15.08938
2.98164, 17.38064
-2.84893, 18.45323
-5.29634, 18.56349
-3.15932, 16.61593
-6.33051, 16.28895
-6.84882, 14.60089
-4.33862, 14.78057
1.15482, 19.42582
2.85543, 15.60149
1.08560, 15.55112
-0.47167, 12.57252
1.46217, 12.01212
2.23733, 13.80008
4.68174, 12.10667
4.12331, 14.33171
-9.77895, 12.01664
-11.41387, 12.78443
-11.12852, 8.82708
-8.78636, 10.58243
-10.81761, 6.92483
-8.81809, 8.49708
-6.87834, 10.35762
-6.53098, 12.84810
-4.50376, 12.74239
-2.73286, 12.88930
-1.48185, 14.21672
-1.31671, 16.52226
0.89509, 17.57540
-8.61304, 15.86935
-8.71224, 13.96036
-12.33391, 14.39089
-1.57262, 8.65885
0.16335, 9.45340
-1.71118, 10.96656
2.66670, 10.59776
1.28090, 8.09121
-0.33824, 6.89361
1.34407, 6.09968
2.28734, 3.51845
-3.37013, 10.07439
-5.01448, 10.75280
-6.88090, 8.35394
-5.14761, 7.70862
-4.71902, 5.96364
-3.60668, 4.44786
-3.09230, 7.69868
-1.52546, 5.16117
-17.72403, 6.95580
-16.81332, 5.45217
-14.39091, 7.81438
-14.73427, 5.90788
-12.56893, 4.08094
-11.07311, 4.91800
-13.05296, 6.57411
-12.89770, 9.22923
4.07050, 4.04075
3.34568, 6.64943
3.26960, 8.47685
6.30381, 8.37203
4.83528, 9.32779
-14.02707, 10.59760
-13.95782, 13.00640
-15.67939, 8.93718
-5.71595, 2.27428
-3.75491, 2.72445
-5.95051, 4.64055
-14.17093, 2.51304
-15.95044, 3.71295
-17.44908, 2.81113
-17.40457, 1.06213
-18.45480, -0.61650
-7.65018, 5.80760
-9.41849, 5.70983
-7.44698, 3.62756
-10.09710, 2.96196
-9.81047, 0.30608
-7.49639, 1.37560
-6.62722, -0.22413
-3.38249, 0.29929
-11.23160, -3.59392
-7.64150, -4.07510
-8.93577, -6.08456
-7.25281, -6.85929
-6.36961, -5.33251
-5.63242, -3.10635
-3.03004, -2.15224
-4.82788, -0.88920
-15.17624, 0.00172
-13.52581, -0.72800
-11.66901, -0.13053
-13.01596, 1.07004
-11.28454, 1.61035
-7.19814, -2.20559
-8.35517, -0.75424
-10.02508, -1.54087
-10.75093, -6.16324
-13.01770, -3.34981
-11.96042, -1.94722
-11.32954, -8.51478
-12.99407, -7.84146
-12.53617, -10.55720
-15.03661, -11.00208
-13.85648, -12.34810
-14.48494, -2.17126
-16.34720, -1.40749
-19.21216, -2.90307
-16.71278, -3.81781
-17.70006, -7.29154
-14.95552, -4.40598
-15.61493, -6.99777
-13.55564, -5.61241
-6.41391, -13.04276
-9.81940, -12.51830
-8.87396, -15.00788
-7.23785, -15.78196
-9.65671, -16.79855
-5.24812, -18.05502
-5.28971, -15.87390
-2.92994, -10.83574
-11.31663, -13.42923
-10.80246, -15.36478
-10.72394, -10.22840
-8.58567, -9.72204
-8.85774, -7.90048
-4.23400, -11.97151
-6.53326, -11.19669
-8.34169, -11.55640
3.08318, -16.94448
2.22105, -14.86478
2.66865, -13.10558
7.24812, -11.50431
7.45894, -14.44686
5.49348, -11.54003
4.49662, -13.19328
4.04404, -15.38548
1.47312, -11.86357
-0.89203, -13.75330
-3.09256, -14.44601
-1.55765, -15.32433
-3.57236, -16.56088
-0.50430, -17.27158
0.99922, -16.24883
2.15141, -19.37922
-4.56334, -5.14743
-4.39279, -7.16119
-6.86218, -8.69158
-5.04406, -9.81264
-2.10991, -12.46975
0.13582, -10.50269
-1.46959, -9.80496
-1.13669, -5.90075
5.69183, -14.81828
4.82004, -17.35975
8.56252, -17.06540
9.09559, -15.32018
10.84664, -14.74929
9.63103, -13.21877
-2.84353, -4.61298
-2.69942, -7.63797
7.21218, -9.70997
6.25600, -7.26519
7.89244, -8.03428
13.40236, -7.88902
10.52487, -7.37854
11.76976, -8.74583
9.29741, -9.20556
9.16362, -11.57748
3.92973, -6.48960
1.96887, -5.04337
1.15313, -6.61744
3.17648, -8.08297
-0.61644, -8.21029
1.25179, -9.07927
3.69350, -11.58563
4.66974, -9.05598
-1.48574, -0.89444
-0.78457, -3.01134
0.34582, -1.42512
0.24470, -4.77463
2.15094, -3.23438
2.20727, -0.17838
3.09328, 1.90179
0.54355, 3.47079
10.68439, -10.46546
11.74511, -12.52703
13.53088, -12.10311
13.37117, -10.26723
16.67491, -9.81941
0.82507, 0.97339
-1.96871, 2.76473
-1.73264, 0.93189
11.05357, -4.35072
10.32809, -1.35558
11.83552, -0.40203
15.57144, -2.83363
14.20822, -1.63360
11.88622, -2.69238
13.42711, -4.12767
12.51356, -6.33832
3.95301, 0.02829
6.01159, -0.63243
5.10097, -3.01023
3.94064, -4.44699
7.39034, -2.87308
7.23712, -4.69757
8.90999, -5.21210
9.24575, -2.81045
6.23188, 4.13614
4.98069, 1.51158
6.73285, 1.00812
7.97849, -0.35060
7.79697, 2.42329
9.29610, 0.94082
9.82522, 4.47007
8.96245, 6.10647
15.09482, -6.52905
15.11981, -8.60507
17.20264, -7.28598
16.00925, -4.79066
18.52558, -1.94393
8.08547, 7.81695
7.26769, 5.78104
5.15542, 6.57734
17.52273, 1.89084
17.81706, 4.08434
15.75994, 2.43106
13.57689, 10.82948
11.77767, 10.80167
9.99847, 8.01591
12.63938, 8.24820
12.61383, 5.93496
16.19982, 5.16624
14.17340, 3.62100
11.82185, 4.34712
11.62373, 2.49789
12.97751, 1.44820
15.32634, 0.72045
16.33369, -0.81334
18.49311, -0.13939
7.24609, 11.33380
7.65765, 9.54284
9.97196, 9.80743
9.40973, 12.19246
11.19615, 12.56183
12.97584, 12.96330
11.84841, 14.83180
9.67400, 14.94250
14.34077, 7.65786
14.40124, 5.51719
16.00139, 6.93389
18.67898, 6.48675
16.43226, 10.05347
7.44783, 16.23286
8.06233, 14.20078
6.39623, 12.97758
