1.556 1.146
-1.478 0.330
0.414 -1.199
-0.151 1.725
-1.212 -1.879
3.284 0.515
-2.380 2.015
0.268 -3.635
1.758 2.914
-3.882 -0.482
2.795 -2.036
-0.611 3.636
-1.778 -3.593
4.057 2.159
-4.447 1.923
2.090 -3.636
1.330 4.703
-4.995 -3.203
5.285 -0.925
-2.915 4.595
-0.895 -5.131
4.560 4.071
-5.425 0.466
4.825 -3.924
-0.302 6.382
-3.289 -5.117
5.541 1.243
-4.814 3.658
1.737 -5.448
2.712 6.019
-5.766 -1.521
6.278 -2.819
-2.591 6.369
-2.123 -6.485
6.770 3.213
-6.464 1.908
4.416 -5.998
1.217 7.392
-5.923 -5.307
8.237 -0.698
-5.645 5.846
0.891 -7.408
4.536 6.100
-7.578 -0.635
6.599 -4.735
-1.968 8.053
-3.905 -6.975
7.380 1.551
-7.086 4.201
3.561 -7.567
3.018 7.809
-7.464 -4.351
8.396 -2.487
-4.447 7.138
-1.366 -8.101
6.508 5.031
-8.671 0.757
6.083 -6.719
-0.236 8.619
-6.669 -7.025
9.165 1.151
-8.165 5.677
1.901 -9.061
4.633 8.590
-9.314 -2.337
8.337 -4.350
-2.931 9.578
-3.351 -8.774
8.555 4.228
-8.708 2.923
4.590 -9.394
3.069 9.620
-8.696 -5.643
10.450 -1.500
-6.582 8.901
-0.450 -10.802
7.126 7.689
-10.239 -0.156
8.239 -7.142
-1.477 10.680
-5.866 -8.607
10.531 2.424
-9.528 4.566
3.317 -10.735
5.062 10.446
-10.785 -3.441
10.524 -3.397
-4.747 10.006
-2.962 -11.499
9.275 5.850
-12.033 1.904
6.137 -8.515
1.771 11.636
-8.891 -7.908
11.842 -0.309
-8.425 7.460
1.413 -10.766
6.474 9.362
-11.953 -2.090
10.079 -6.660
-3.170 11.443
-5.696 -10.383
11.485 4.057
-11.325 3.995
5.095 -11.142
3.572 11.568
-11.370 -6.120
12.704 -3.329
-7.140 10.844
-1.409 -12.525
9.322 7.708
-12.806 0.255
8.706 -9.607
-0.740 12.330
-7.779 -9.415
12.263 1.529
-10.217 7.432
2.665 -12.532
6.727 11.140
-12.440 -4.221
11.391 -5.207
-4.884 12.061
-4.539 -12.276
10.980 6.561
-12.987 3.455
6.848 -11.554
2.787 13.138
-11.278 -8.346
13.409 -1.663
-8.863 9.157
-0.372 -13.938
9.235 9.435
-13.562 -1.335
11.269 -8.201
-2.605 13.925
-7.895 -11.996
13.334 3.090
-11.925 6.928
4.252 -13.310
5.376 12.414
-13.112 -6.602
13.337 -5.061
-6.657 12.624
-3.142 -14.317
11.656 8.717
-13.833 1.877
8.728 -11.539
1.011 14.652
-9.750 -10.166
14.378 0.079
-11.541 9.188
1.676 -14.971
8.530 11.537
-14.440 -3.036
13.406 -7.916
-4.369 14.121
-6.253 -14.021
12.845 5.972
-14.335 4.633
6.639 -13.908
4.508 13.923
-13.099 -8.455
15.109 -2.732
-8.861 11.543
-1.551 -15.333
11.844 10.541
-16.278 -0.212
10.897 -10.097
-1.232 15.108
-9.520 -12.649
15.101 3.362
-13.061 8.240
4.350 -15.382
6.754 13.564
-14.164 -4.887
15.300 -6.218
-6.838 14.369
-4.924 -15.199
13.978 7.402
-15.596 3.255
9.058 -13.554
2.684 15.340
-12.634 -10.572
16.105 -0.418
-11.902 11.799
0.364 -16.253
10.422 12.568
-16.187 -2.707
12.650 -9.540
-3.884 15.924
-8.088 -14.256
16.500 4.432
-15.031 6.391
6.196 -15.647
6.014 15.215
-15.194 -7.335
16.247 -4.615
-9.496 14.641
-2.662 -16.758
13.365 9.372
-15.843 1.546
10.749 -12.132
0.715 17.070
-11.498 -12.217
16.347 1.522
-13.217 10.583
3.543 -17.004
8.700 15.098
-16.489 -4.928
15.285 -8.664
-6.975 16.137
-6.210 -16.490
15.728 7.782
-16.566 4.841
8.945 -15.345
4.012 16.625
-14.475 -9.651
17.365 -1.639
-10.923 13.501
-0.992 -17.391
12.392 12.593
-17.796 -1.302
14.127 -10.446
-3.130 18.344
-10.046 -15.695
18.332 4.569
-15.232 8.186
5.743 -17.405
7.682 16.748
-16.916 -6.687
17.711 -5.689
-8.966 16.537
-4.374 -17.751
14.991 9.986
-17.713 3.443
11.115 -13.938
1.376 19.063
-14.244 -12.134
17.954 0.616
-13.802 12.760
1.583 -19.190
10.278 14.312
-18.097 -3.091
16.788 -9.736
-4.913 17.906
-8.448 -16.454
17.784 6.658
-18.297 6.707
7.920 -17.286
5.954 18.434
-16.275 -10.534
18.913 -3.571
-10.745 16.134
-2.587 -19.591
14.109 12.707
-19.078 -0.046
