-1.088 1.597
-0.384 -1.465
1.213 0.370
-1.730 -0.087
1.834 -1.280
-0.394 3.301
-2.100 -2.305
3.643 0.135
-2.848 1.864
0.339 -3.898
2.137 2.718
-3.655 -0.477
3.525 -1.909
-2.008 4.134
-2.084 -4.373
3.711 1.955
-4.651 1.502
3.018 -5.109
1.119 5.247
-4.698 -2.744
5.094 -1.082
-3.901 4.706
-0.664 -5.404
4.098 4.678
-6.389 -0.068
4.993 -3.474
-1.039 5.583
-3.832 -4.676
5.508 1.536
-5.915 2.931
1.309 -5.818
3.047 6.170
-6.460 -2.355
6.402 -2.359
-2.963 6.883
-2.144 -6.390
6.156 4.194
-7.342 1.487
5.087 -6.114
1.000 8.206
-6.049 -5.427
7.435 0.619
-5.929 4.756
0.357 -7.596
4.974 6.421
-8.119 -1.672
6.828 -4.158
-1.279 7.431
-4.458 -6.927
7.692 3.281
-7.693 3.302
4.075 -7.618
2.793 8.299
-7.296 -4.182
8.045 -1.662
-4.789 6.688
-1.075 -8.637
6.937 5.833
-8.622 0.080
6.776 -6.922
-0.815 9.201
-5.973 -7.951
9.125 1.568
-8.414 4.945
1.994 -9.394
4.652 8.172
-9.679 -2.578
8.645 -3.671
-3.912 8.704
-3.240 -8.595
9.556 4.243
-9.502 3.419
5.321 -8.897
1.882 10.388
-9.137 -6.252
10.778 -0.846
-7.423 7.403
-0.219 -10.238
7.439 7.972
-10.727 -1.085
8.386 -6.177
-2.037 10.613
-4.912 -9.354
10.849 2.921
-10.253 5.441
3.043 -10.903
3.780 10.393
-10.173 -4.377
11.383 -3.381
-5.507 9.483
-2.344 -11.955
8.735 5.821
-11.564 2.197
7.577 -9.175
0.743 11.822
-7.764 -8.146
10.811 1.017
-9.118 6.813
1.650 -12.021
7.025 9.828
-11.551 -2.749
10.168 -6.072
-3.633 11.626
-4.407 -11.171
11.321 4.683
-11.430 3.994
5.700 -11.586
3.792 12.573
-11.099 -6.737
12.465 -1.867
-7.361 9.598
-0.724 -12.788
9.920 8.348
-12.349 -0.287
9.124 -8.119
-1.079 12.311
-7.801 -9.938
12.622 2.204
-10.886 7.131
3.762 -12.587
5.621 11.193
-12.232 -4.439
12.102 -4.986
-6.154 11.213
-3.928 -12.852
11.797 6.420
-13.027 3.267
7.927 -11.576
2.154 13.339
-9.475 -8.522
13.915 -0.883
-9.090 9.575
0.837 -13.602
8.609 10.960
-14.011 -2.093
11.698 -8.329
-2.599 13.438
-7.361 -11.663
13.457 3.761
-12.209 5.827
6.117 -13.346
5.546 13.142
-12.860 -6.190
14.192 -3.665
-8.284 11.968
-2.383 -13.755
11.851 8.299
-14.605 1.547
9.802 -10.116
0.447 14.372
-9.604 -11.197
15.022 1.126
-11.217 8.947
2.505 -14.542
8.402 13.107
-14.272 -3.849
13.783 -6.763
-5.497 13.055
-5.155 -14.156
14.142 6.125
-13.749 5.015
7.970 -13.400
3.284 14.999
-11.860 -8.432
15.266 -2.111
-10.100 12.222
-0.384 -16.275
10.489 10.520
-15.143 -0.678
12.292 -9.977
-2.806 15.214
-8.713 -12.750
15.531 3.784
-13.307 7.246
4.365 -14.334
6.774 15.062
-14.610 -6.307
15.009 -5.478
-6.885 14.239
-3.824 -15.466
13.877 8.555
-15.232 3.244
10.102 -13.013
1.008 16.079
-12.228 -11.462
16.255 -0.232
-12.177 10.876
2.112 -16.275
9.997 12.292
-16.055 -3.298
13.950 -8.604
-3.825 16.651
-6.938 -14.786
15.864 5.619
-14.985 6.567
6.773 -15.453
5.207 16.067
-14.979 -8.953
16.649 -3.274
-8.875 13.700
-2.125 -15.776
12.518 10.297
-17.033 1.340
11.787 -11.938
-0.922 16.392
-11.060 -12.821
17.122 2.918
-14.769 9.247
4.320 -16.658
9.218 14.957
-16.382 -6.379
16.252 -6.810
-7.200 16.003
-5.445 -16.378
15.663 8.377
-16.467 4.619
9.114 -14.819
2.274 17.293
-13.892 -10.421
17.343 -1.629
-12.130 12.845
0.649 -17.832
10.956 13.735
-18.446 -2.456
15.317 -10.614
-3.894 18.488
-8.738 -14.921
17.604 5.102
-16.455 8.291
6.062 -17.150
6.334 17.491
-16.855 -8.354
17.578 -5.022
-9.430 15.347
-4.089 -17.575
14.336 10.596
-19.000 2.074
11.604 -14.679
0.042 17.965
-13.257 -13.325
19.235 0.879
-13.926 10.795
2.426 -18.198
10.345 16.420
-18.074 -4.254
16.134 -9.045
-6.002 18.016
-7.373 -18.039
17.565 7.281
-18.204 6.626
9.930 -16.650
4.262 18.769
-16.517 -10.146
19.483 -3.303
-12.182 14.566
-0.653 -19.067
