1.925 0.167
-1.090 1.052
-0.271 -1.239
0.770 1.551
-2.014 -0.972
3.072 -1.272
-0.982 2.959
-1.665 -3.242
3.019 1.571
-3.565 1.611
1.325 -3.193
1.373 3.421
-3.390 -2.140
4.588 -0.271
-2.794 3.958
-0.111 -4.193
3.586 3.321
-5.932 -0.131
4.028 -3.543
-0.094 5.440
-3.437 -3.913
6.014 1.099
-4.388 3.224
2.074 -5.863
3.067 5.605
-5.473 -2.654
5.377 -1.826
-2.203 5.630
-1.356 -5.555
5.451 3.724
-5.714 1.706
3.890 -5.677
1.107 6.786
-5.191 -4.429
7.453 -0.785
-4.523 4.996
0.644 -7.421
4.890 5.675
-7.821 -1.444
6.667 -4.888
-1.772 7.931
-3.098 -6.787
7.049 2.843
-6.799 3.406
3.166 -7.480
2.516 7.899
-6.967 -3.919
7.107 -2.521
-3.859 7.277
-0.903 -8.314
6.645 5.093
-8.638 0.175
5.870 -6.497
-0.076 8.409
-5.387 -6.203
8.176 0.904
-7.006 5.164
1.692 -8.904
4.289 7.479
-9.352 -2.521
8.422 -3.792
-4.011 9.100
-3.098 -8.725
8.430 4.918
-9.168 2.858
4.850 -8.056
2.489 9.703
-7.432 -5.743
9.505 -0.848
-5.910 7.032
-0.976 -10.410
7.632 6.613
-10.363 -0.286
8.138 -6.725
-0.981 11.027
-6.012 -8.985
10.088 2.850
-8.821 5.201
3.311 -10.389
4.304 9.886
-9.491 -4.290
10.252 -3.418
-5.753 8.862
-2.762 -10.891
9.763 6.279
-10.998 2.682
7.213 -8.383
1.161 11.014
-8.519 -8.272
10.965 0.161
-9.279 7.895
0.802 -10.466
7.575 9.009
-11.709 -2.117
9.946 -6.434
-3.304 10.757
-4.403 -9.925
10.403 4.618
-11.291 4.444
5.133 -10.936
3.256 11.419
-10.271 -5.895
11.917 -2.521
-7.585 9.310
-1.457 -12.165
9.076 8.013
-12.893 0.700
9.109 -9.460
-0.444 12.976
-7.729 -9.956
11.973 1.722
-10.797 6.890
2.425 -12.736
5.793 10.910
-11.546 -3.983
11.264 -5.084
-4.848 11.666
-4.255 -12.085
11.546 6.003
-12.818 2.879
7.010 -10.379
2.115 12.839
-10.270 -8.114
12.790 -0.121
-9.285 9.715
-0.175 -13.429
9.224 9.762
-13.975 -1.248
10.578 -8.406
-2.795 12.434
-7.580 -11.703
12.799 3.242
-12.271 5.926
5.345 -12.871
5.032 13.243
-12.989 -6.126
12.991 -4.310
-6.569 12.127
-3.306 -13.576
11.056 7.795
-14.632 1.196
8.747 -11.268
0.895 14.244
-10.141 -10.583
14.491 1.367
-10.829 8.809
1.438 -14.396
8.497 11.979
-13.619 -3.598
12.314 -7.423
-5.064 13.855
-6.369 -13.651
13.292 5.403
-13.908 4.932
7.318 -13.742
3.628 14.330
-12.643 -8.710
14.075 -1.595
-9.822 11.423
-1.579 -15.330
11.102 9.536
-15.586 -0.392
11.473 -10.204
-1.549 14.469
-9.312 -12.280
15.601 2.826
-14.005 8.300
4.041 -14.296
6.820 13.538
-14.716 -5.837
14.641 -4.998
-6.855 13.838
-4.301 -15.396
12.832 8.059
-14.636 3.208
9.820 -13.279
1.650 15.827
-12.122 -10.408
15.787 -0.964
-11.616 10.904
0.670 -16.288
10.283 11.695
-16.292 -2.441
13.529 -8.748
-4.012 16.273
-8.157 -14.062
15.444 5.297
-15.227 6.123
5.827 -14.734
4.981 15.615
-14.330 -7.954
16.393 -4.814
-9.499 13.286
-2.864 -16.584
13.060 9.854
-16.791 1.656
11.463 -12.404
-0.477 17.444
-11.003 -12.917
16.291 1.036
-12.718 9.574
2.854 -15.956
9.504 14.198
-16.179 -4.437
14.746 -7.218
-5.768 15.919
-5.835 -16.360
15.292 8.354
-16.641 4.385
8.533 -15.359
2.454 17.408
-13.892 -10.840
17.479 -1.552
-11.618 12.763
-0.360 -17.758
12.087 12.100
-17.383 -0.696
13.968 -10.446
-2.289 17.215
-9.908 -14.327
17.138 4.292
-15.868 8.161
6.616 -16.276
6.886 17.288
-16.752 -8.163
18.028 -5.651
-8.736 14.923
-4.166 -17.849
15.283 10.292
-17.923 3.106
12.153 -14.084
0.963 18.787
-12.982 -12.872
17.999 0.713
-13.325 12.167
2.225 -17.687
11.107 15.554
-18.480 -2.936
15.646 -8.828
-5.133 18.082
-8.647 -17.205
16.229 6.861
-17.057 6.790
9.257 -17.057
5.135 17.844
-15.783 -9.643
18.648 -3.582
-12.123 15.258
-2.246 -18.881
14.687 12.632
-19.380 -0.512
14.282 -12.902
-0.765 19.369
-12.415 -15.374
18.664 3.495
-16.308 9.901
