-1.790 0.729
0.491 -1.433
0.806 0.979
-1.392 -1.030
2.236 -0.052
-2.155 2.532
-0.474 -3.082
2.960 2.128
-3.403 -0.023
2.440 -3.059
0.276 3.446
-2.781 -2.420
3.993 0.361
-3.960 2.332
0.684 -4.796
2.009 3.682
-4.705 -1.323
5.341 -2.586
-1.972 4.989
-2.395 -4.886
4.842 1.918
-5.854 1.761
2.437 -4.869
0.825 6.164
-5.284 -3.592
6.081 -0.131
-3.955 4.075
-0.603 -6.015
3.738 4.327
-6.549 -0.832
4.310 -4.121
-0.877 6.826
-4.077 -5.537
6.638 1.578
-6.277 4.094
1.751 -6.508
2.807 6.900
-6.938 -2.825
7.620 -2.277
-3.709 7.388
-2.035 -7.867
5.850 4.631
-7.571 0.680
4.501 -6.129
0.589 8.101
-5.838 -5.886
7.988 0.315
-5.178 5.482
0.120 -8.237
4.591 6.990
-8.235 -1.507
7.610 -4.090
-2.266 8.458
-3.763 -7.521
7.621 3.068
-7.690 2.920
3.885 -7.789
2.550 8.698
-7.226 -4.704
9.474 -2.016
-5.770 7.213
-0.575 -9.928
6.732 6.355
-9.745 -0.537
6.859 -6.721
-0.647 9.381
-6.636 -7.504
9.232 1.727
-8.075 5.085
2.058 -8.952
5.611 8.822
-9.806 -2.410
9.355 -4.466
-4.181 9.694
-4.150 -10.263
9.445 5.260
-10.279 2.058
5.483 -8.649
1.785 10.757
-8.335 -6.840
10.404 -0.504
-7.570 7.713
1.085 -10.510
7.420 8.437
-11.551 -1.142
8.569 -7.398
-2.603 10.748
-6.051 -9.276
11.352 3.483
-9.834 4.851
4.664 -11.255
4.054 9.682
-10.847 -4.570
11.388 -3.449
-5.924 10.258
-1.959 -11.081
8.441 6.830
-11.365 0.628
8.027 -9.100
0.412 12.073
-8.100 -8.682
11.829 0.569
-9.460 7.673
2.511 -11.743
6.838 10.166
-11.730 -2.998
11.159 -6.496
-3.800 12.571
-5.516 -11.754
11.416 5.343
-11.443 3.921
6.473 -11.052
3.643 12.443
-10.126 -7.073
12.093 -1.714
-7.711 9.657
-0.998 -12.594
9.293 8.820
-13.013 -0.084
10.099 -8.402
-1.512 12.433
-7.731 -10.466
12.839 2.544
-11.331 5.934
3.840 -12.878
6.273 11.875
-12.658 -4.488
13.009 -5.255
-5.588 12.302
-3.176 -12.342
12.079 6.965
-12.870 2.945
8.225 -10.866
1.105 13.893
-10.512 -9.497
14.353 -0.464
-9.601 9.754
0.323 -13.788
9.127 10.580
-13.394 -1.903
12.481 -7.731
-2.653 14.016
-7.286 -12.272
13.849 4.801
-13.523 5.384
5.627 -12.775
5.278 13.470
-13.021 -6.794
13.763 -3.002
-7.580 12.218
-1.804 -14.641
11.889 9.251
-14.294 1.245
10.134 -10.726
-0.255 15.567
-9.757 -11.104
15.222 1.994
-11.803 7.832
3.540 -14.643
8.389 12.928
-14.227 -3.431
14.053 -6.751
-5.565 14.310
-5.212 -13.586
13.884 6.689
-15.176 4.591
8.686 -13.769
2.915 14.567
-12.238 -8.945
15.759 -1.508
-10.757 11.120
-0.201 -15.441
10.842 11.746
-15.094 -1.329
11.568 -9.523
-2.693 16.294
-8.678 -13.338
15.532 3.743
-13.615 8.050
5.374 -14.998
6.824 14.805
-14.482 -5.727
15.615 -5.248
-8.058 13.950
-3.842 -16.314
13.667 8.802
-16.161 2.320
10.766 -12.387
1.525 15.771
-11.548 -11.632
16.381 0.553
-12.400 11.753
2.404 -16.155
10.104 13.459
-16.115 -2.822
14.193 -9.123
-4.554 16.264
-7.522 -15.746
15.679 6.486
-14.974 6.499
6.960 -14.316
4.728 15.504
-14.928 -8.310
16.424 -3.421
-9.839 13.143
-2.117 -16.799
12.647 11.906
-17.419 -0.471
12.817 -11.484
-0.599 17.559
-10.115 -14.378
17.305 3.322
-14.853 9.344
4.528 -16.655
8.410 15.645
-16.272 -5.265
15.792 -7.299
-7.676 15.662
-5.804 -16.368
15.347 8.241
-17.212 3.986
10.409 -14.493
1.525 17.503
-14.005 -12.254
18.631 -0.365
-13.475 13.244
0.979 -17.264
11.839 13.991
-18.294 -2.200
14.540 -10.930
-4.403 18.074
-9.416 -16.285
17.420 5.545
-16.347 7.564
6.320 -16.901
6.076 16.759
-16.973 -8.787
17.788 -5.805
-9.906 14.986
-3.668 -18.435
15.535 11.377
-17.573 1.285
12.091 -13.815
-0.470 19.401
-12.700 -13.545
18.443 1.395
-14.969 11.684
3.841 -19.105
10.601 15.785
-18.829 -4.555
17.485 -8.372
-6.837 17.992
-8.143 -17.591
18.056 8.031
-18.207 5.391
10.007 -16.243
