-0.788 1.765
-0.637 -1.374
1.259 0.149
-1.718 0.220
1.578 -1.585
0.197 3.319
-2.475 -1.896
3.609 -0.513
-2.473 2.339
-0.356 -3.896
2.584 2.297
-3.682 0.178
3.132 -2.503
-1.245 4.424
-2.826 -3.935
3.998 1.267
-4.312 2.302
2.065 -5.563
2.030 4.966
-5.110 -1.869
4.822 -1.967
-3.006 5.323
-1.611 -5.201
4.862 3.878
-6.300 1.064
4.299 -4.304
-0.034 5.678
-4.599 -3.924
5.693 0.536
-5.303 3.932
0.258 -5.958
4.091 5.533
-6.775 -1.174
5.883 -3.456
-1.697 7.299
-3.241 -5.909
6.801 3.037
-6.963 2.764
3.924 -6.918
2.437 7.899
-6.914 -4.270
7.427 -0.707
-4.993 5.731
-0.994 -7.539
6.032 5.439
-8.287 -0.208
5.983 -5.301
0.057 7.541
-5.614 -6.028
8.152 1.867
-6.987 4.612
2.661 -8.219
4.219 7.673
-7.922 -2.824
7.624 -3.061
-3.529 7.431
-2.587 -8.310
7.861 4.513
-8.471 1.606
5.443 -8.012
0.827 9.200
-7.286 -6.768
9.258 -0.073
-7.405 6.357
0.299 -9.598
6.026 7.219
-9.983 -0.823
7.858 -5.143
-2.308 9.259
-4.711 -7.885
10.156 2.484
-8.746 5.048
3.661 -9.699
3.692 9.891
-10.099 -4.535
10.458 -2.741
-5.994 8.600
-2.028 -10.038
8.733 6.528
-10.750 0.832
7.160 -7.565
-0.125 10.806
-6.491 -8.336
11.195 0.954
-9.128 7.171
1.064 -11.270
5.561 9.559
-10.788 -2.507
10.604 -5.343
-3.740 10.308
-4.424 -11.351
9.627 4.182
-10.992 4.210
5.832 -10.372
2.825 11.504
-9.083 -6.642
10.820 -0.913
-7.768 8.320
-0.504 -12.124
8.654 8.429
-11.855 -0.660
8.932 -7.777
-1.517 12.086
-6.316 -10.214
11.972 2.604
-10.542 5.955
3.558 -12.413
5.959 11.703
-12.116 -4.666
11.937 -4.045
-5.545 10.750
-2.977 -12.457
11.242 6.460
-12.204 1.904
7.542 -9.607
1.119 12.308
-9.438 -8.399
12.812 -0.066
-9.451 8.946
1.474 -13.054
7.514 10.020
-12.824 -2.203
11.028 -7.050
-4.071 12.126
-6.142 -11.953
12.747 4.229
-12.243 5.522
5.752 -12.797
4.482 12.747
-10.835 -6.709
13.539 -3.333
-7.251 11.033
-1.584 -13.535
10.414 9.263
-14.160 0.421
10.038 -10.269
-0.178 13.686
-9.310 -10.175
13.911 1.319
-10.984 7.897
3.657 -14.218
7.786 11.952
-13.753 -3.815
13.319 -6.120
-6.033 13.246
-4.781 -13.116
13.133 6.069
-14.100 4.109
7.856 -11.692
2.985 14.065
-11.435 -9.319
14.984 -1.552
-9.455 10.792
-0.110 -14.756
10.591 11.412
-14.728 -1.261
12.367 -9.097
-3.098 13.822
-7.580 -13.019
15.003 3.524
-12.643 7.370
5.471 -14.599
5.888 14.180
-13.165 -6.198
14.651 -4.781
-7.776 13.818
-3.260 -15.950
12.186 8.496
-15.024 2.014
10.331 -11.996
-0.068 15.471
-10.833 -11.006
15.956 0.974
-11.814 9.488
1.758 -14.880
9.334 13.624
-15.495 -3.620
13.802 -8.049
-4.255 15.234
-6.502 -14.544
15.172 5.963
-14.416 5.890
7.638 -14.596
3.839 15.646
-14.064 -9.115
15.957 -3.107
-10.059 12.860
-0.803 -16.392
12.016 10.327
-16.385 -0.403
12.206 -10.939
-0.816 17.066
-9.446 -13.324
16.608 2.721
-13.585 9.117
3.930 -16.408
7.970 14.891
-16.328 -6.159
15.806 -6.171
-6.309 15.055
-4.886 -15.150
14.144 7.918
-16.526 4.335
9.487 -13.837
1.995 16.296
-13.155 -10.660
17.368 -0.160
-12.898 11.716
1.302 -17.160
11.721 13.089
-17.253 -3.377
14.789 -9.580
-4.253 17.025
-8.259 -15.155
16.898 5.471
-15.388 7.462
6.346 -16.198
5.300 16.617
-15.518 -7.796
16.780 -4.674
-9.664 14.790
-2.519 -17.665
13.216 11.578
-18.590 0.849
13.195 -13.159
-0.559 18.885
-11.243 -13.138
18.229 1.904
-14.726 11.074
2.930 -17.952
9.332 16.093
-18.068 -5.237
16.411 -8.055
-6.563 16.774
-7.137 -16.573
15.985 7.890
-18.332 5.406
8.821 -16.502
3.223 17.673
-15.407 -10.767
19.087 -2.541
-11.794 13.090
-0.835 -18.340
13.089 14.328
-18.542 -0.986
14.277 -11.759
-2.717 18.794
-10.451 -16.448
18.577 4.055
-16.742 9.745
6.825 -18.145
7.518 17.718
-18.053 -7.061
18.590 -6.701
-9.410 16.493
-4.019 -18.650
