0.570 1.847
-1.385 -0.614
1.046 -0.717
-1.148 1.297
0.143 -2.232
2.334 2.367
-3.111 0.204
2.378 -2.763
-0.320 3.388
-2.834 -2.697
3.457 0.026
-2.654 2.559
0.708 -3.946
1.978 4.149
-4.718 -1.099
3.843 -1.680
-1.728 4.572
-2.110 -5.546
4.799 2.399
-5.076 1.960
2.333 -4.656
1.244 5.985
-4.638 -2.852
6.212 -0.285
-4.039 4.951
0.400 -6.070
3.715 4.295
-6.045 0.077
4.637 -3.346
-1.400 6.452
-3.730 -4.652
6.723 1.468
-5.871 3.579
2.150 -6.476
3.531 6.610
-6.331 -2.311
7.118 -2.195
-3.419 6.666
-1.605 -7.790
7.037 4.338
-8.015 1.342
5.123 -5.424
0.018 7.601
-5.714 -5.018
8.121 0.119
-6.372 5.303
1.010 -7.930
5.010 5.636
-8.195 -0.838
7.364 -3.965
-2.219 8.073
-3.412 -7.937
8.229 2.995
-7.820 3.093
3.720 -7.325
2.239 7.916
-7.420 -4.549
8.887 -1.782
-5.316 6.788
-1.182 -9.614
6.682 6.377
-9.940 -0.293
6.918 -6.153
-1.385 9.661
-6.098 -7.419
9.289 1.462
-8.053 5.956
2.525 -9.046
4.362 8.487
-8.738 -2.830
9.278 -4.821
-3.256 9.559
-3.634 -9.709
9.293 5.010
-10.586 3.240
6.063 -8.951
1.155 10.419
-8.138 -6.216
10.871 -0.841
-7.540 7.707
0.404 -10.408
7.024 8.213
-10.375 -1.997
9.052 -6.656
-2.144 11.408
-6.623 -9.181
10.481 3.529
-9.768 5.219
4.459 -11.005
3.976 10.220
-10.806 -5.627
9.998 -3.195
-5.498 10.408
-2.443 -11.646
9.703 6.795
-11.209 0.986
7.540 -7.814
-0.364 11.376
-8.365 -8.790
12.063 0.642
-9.355 7.312
1.598 -11.735
6.819 10.093
-11.480 -3.525
10.723 -5.926
-4.009 11.424
-5.499 -11.683
12.192 4.881
-12.190 4.471
6.317 -10.906
2.909 11.741
-10.446 -7.412
12.713 -2.544
-7.929 9.471
-0.653 -12.196
8.949 8.524
-12.633 -0.103
9.597 -8.489
-1.218 12.956
-7.490 -10.793
12.254 2.590
-11.100 6.790
3.654 -12.568
4.924 11.805
-12.495 -4.948
12.377 -5.214
-5.575 12.219
-4.102 -13.417
11.768 6.639
-12.571 2.089
7.991 -11.426
1.812 13.078
-10.108 -9.140
13.937 0.110
-10.377 9.644
0.789 -14.339
8.880 10.415
-13.707 -1.524
11.335 -8.171
-3.063 13.177
-6.613 -13.107
13.731 3.865
-12.861 6.188
5.990 -13.378
4.185 13.940
-12.236 -6.719
13.879 -4.084
-7.903 12.380
-1.791 -13.972
11.511 8.617
-14.742 0.521
10.252 -11.037
-0.006 14.348
-9.802 -11.030
15.486 1.611
-11.912 8.752
3.313 -14.991
6.773 12.441
-14.279 -4.803
13.610 -7.230
-4.658 13.874
-5.500 -14.588
13.771 6.791
-13.989 4.008
7.874 -13.248
3.251 15.518
-12.959 -9.853
14.765 -1.634
-9.977 11.412
-0.128 -15.831
10.140 11.685
-15.400 -1.145
12.646 -9.777
-2.639 14.921
-8.479 -12.354
15.997 4.103
-14.043 7.483
5.083 -15.147
6.833 14.265
-14.473 -6.660
15.343 -5.508
-6.967 13.928
-3.868 -16.013
13.195 9.243
-16.586 2.405
9.960 -12.848
0.902 16.302
-11.402 -11.804
15.844 -0.144
-12.594 10.490
1.978 -16.270
10.627 13.378
-15.884 -3.803
14.288 -8.893
-4.216 15.808
-7.851 -14.934
15.805 5.954
-16.342 6.121
7.828 -15.054
5.169 15.483
-13.655 -8.181
15.857 -3.359
-9.579 14.147
-1.976 -16.660
12.236 10.947
-16.920 0.645
12.963 -11.561
-1.987 17.311
-10.324 -13.769
17.440 2.127
-15.205 8.823
4.817 -16.949
8.014 15.611
-16.197 -5.962
16.318 -7.014
-6.663 15.751
-5.895 -16.368
14.934 9.012
-16.811 4.356
9.547 -14.570
2.471 17.494
-13.531 -11.632
17.570 0.006
-13.428 12.884
1.261 -18.592
12.019 14.578
-17.113 -2.480
14.970 -10.575
-3.786 18.032
-9.621 -15.437
17.621 5.962
-17.044 7.961
7.042 -16.871
6.111 16.945
-16.286 -7.769
17.225 -4.593
-10.233 16.143
-4.233 -18.227
14.066 11.175
-18.685 2.047
12.688 -14.484
-0.251 17.618
-12.709 -13.249
19.286 2.159
-14.601 11.471
2.997 -18.252
10.335 15.931
-18.698 -5.492
16.649 -9.185
-6.179 18.360
-6.817 -18.148
17.327 8.379
-18.234 6.578
9.574 -17.287
3.783 18.607
-15.309 -11.385
