1.051 -1.622
0.417 1.456
-1.221 -0.342
1.731 0.048
-1.804 1.321
0.319 -3.309
2.152 2.256
-3.645 -0.052
2.805 -1.928
-0.251 3.904
-2.198 -2.669
3.665 0.394
-3.481 1.988
1.914 -4.178
2.183 4.325
-3.754 -1.871
4.616 -1.607
-2.901 5.176
-1.237 -5.220
4.759 2.637
-5.069 1.197
3.793 -4.794
0.787 5.388
-4.203 -4.583
6.389 -0.077
-4.913 3.587
0.912 -5.605
3.937 4.588
-5.541 -1.411
5.847 -3.065
-1.177 5.846
-3.186 -6.100
6.512 2.208
-6.347 2.504
2.806 -6.949
2.288 6.340
-6.250 -4.053
7.307 -1.653
-4.947 6.228
-1.185 -8.181
6.171 5.288
-7.447 -0.451
5.820 -4.889
-0.184 7.602
-5.118 -6.307
8.155 1.487
-6.732 4.312
1.110 -7.459
4.614 6.824
-7.765 -3.106
7.616 -3.476
-3.901 7.709
-2.981 -8.234
7.389 4.016
-8.006 1.844
4.636 -6.795
1.270 8.610
-7.068 -5.674
8.618 -0.276
-6.617 7.074
0.606 -9.217
6.151 7.814
-9.158 -1.360
8.300 -5.135
-1.780 9.437
-4.836 -8.064
9.735 2.357
-8.560 3.866
3.713 -8.790
3.434 8.519
-9.649 -4.025
9.422 -3.634
-5.117 9.016
-2.117 -10.343
9.276 6.043
-10.756 1.090
7.253 -7.569
0.451 10.230
-7.618 -7.801
10.749 0.841
-8.244 6.366
1.796 -10.657
5.123 9.240
-10.913 -2.675
10.127 -5.673
-2.795 10.970
-4.015 -10.304
10.270 4.146
-11.303 3.638
5.290 -9.605
2.614 11.899
-8.864 -5.621
11.511 -2.458
-7.367 9.345
-1.011 -11.802
7.946 7.967
-10.831 -0.772
8.961 -7.018
-1.377 12.056
-7.246 -9.666
11.611 2.486
-10.027 6.301
3.369 -11.705
4.660 11.068
-11.425 -4.425
11.336 -4.252
-5.435 11.713
-4.076 -12.484
11.249 6.484
-12.419 2.150
7.142 -9.763
1.014 12.768
-10.107 -8.121
12.352 0.007
-8.938 8.324
0.799 -12.332
8.025 9.758
-12.668 -1.917
10.721 -7.376
-3.476 12.669
-5.874 -11.062
12.329 4.161
-11.985 5.259
5.898 -11.350
4.219 12.759
-11.939 -6.150
12.950 -3.561
-7.662 11.753
-2.456 -13.286
9.666 8.305
-13.892 1.198
8.871 -9.779
-0.529 13.617
-8.855 -10.762
14.055 1.774
-11.506 8.593
2.294 -13.493
7.623 11.493
-13.539 -3.455
12.074 -6.102
-5.813 13.481
-5.843 -13.013
12.997 5.897
-14.105 3.986
8.010 -12.153
2.694 13.697
-12.036 -8.028
14.566 -1.878
-9.570 10.336
-0.773 -14.358
9.856 10.976
-15.044 -0.785
11.011 -9.199
-2.175 14.595
-8.698 -12.913
14.355 3.524
-13.626 7.074
5.199 -13.176
5.475 14.035
-14.277 -5.803
13.631 -5.326
-7.663 13.577
-3.623 -14.921
12.048 8.160
-15.214 2.457
9.820 -12.448
0.754 16.262
-10.725 -10.279
15.155 0.334
-12.063 10.253
2.460 -15.274
9.000 12.549
-15.613 -3.430
13.139 -7.546
-4.039 14.429
-7.114 -14.904
14.749 5.974
-14.881 5.817
6.560 -14.392
4.174 15.375
-14.067 -8.238
15.154 -3.589
-9.804 13.239
-1.372 -16.052
12.484 11.182
-16.246 0.601
11.928 -11.149
-1.742 16.319
-10.274 -12.062
16.126 2.933
-13.751 8.919
3.446 -16.734
7.271 14.625
-15.987 -5.257
14.832 -6.906
-6.421 15.602
-5.570 -15.945
15.178 8.611
-16.571 3.651
8.562 -13.898
2.483 15.724
-12.748 -10.011
16.998 -1.726
-11.513 12.202
0.550 -16.409
11.348 12.566
-17.184 -2.529
14.555 -9.580
-3.941 16.752
-9.555 -14.744
16.522 6.005
-16.093 7.177
6.835 -16.162
5.815 16.250
-15.849 -8.019
16.358 -4.991
-8.776 15.022
-2.666 -17.237
14.125 10.103
-17.301 2.022
11.836 -13.117
-0.244 17.842
-11.265 -13.483
18.497 2.037
-15.072 10.959
3.474 -18.571
9.075 14.719
-17.715 -4.701
16.262 -8.662
-5.672 17.283
-6.729 -17.342
17.040 7.969
-17.460 5.419
9.080 -15.557
4.487 17.477
-14.572 -10.268
18.948 -2.505
-11.268 14.939
-0.450 -17.959
13.556 13.021
-19.250 -0.443
13.677 -11.108
-2.013 18.248
-10.715 -16.181
18.166 3.843
-15.924 9.409
5.592 -18.147
7.781 17.867
-17.726 -6.881
18.048 -7.037
-9.550 16.871
-4.687 -18.668
16.743 9.769
-19.403 3.744
11.848 -14.838
1.086 19.047
