1.913 -0.274
-0.823 1.271
-0.545 -1.145
1.102 1.336
-2.182 -0.491
2.703 -1.935
-0.286 3.105
-2.357 -2.781
3.297 0.846
-3.107 2.378
0.566 -3.411
2.112 3.021
-3.787 -1.316
4.407 -1.304
-1.824 4.488
-1.058 -4.059
4.245 2.422
-5.808 1.217
3.121 -4.364
1.141 5.320
-4.234 -3.032
6.106 -0.293
-3.543 4.135
0.691 -6.180
4.258 4.764
-5.932 -1.344
4.823 -2.997
-0.870 5.983
-2.580 -5.103
6.153 2.392
-5.179 2.956
2.502 -6.411
2.617 6.359
-6.060 -3.137
7.081 -2.454
-3.273 5.892
-1.054 -7.374
6.049 4.419
-7.945 0.366
5.386 -6.271
0.072 8.126
-4.556 -5.908
7.510 1.172
-5.850 4.858
1.388 -8.003
4.240 7.123
-7.674 -2.238
6.350 -4.066
-2.109 7.963
-2.764 -7.893
7.626 3.455
-8.373 2.128
4.245 -7.659
1.832 8.208
-6.652 -4.820
8.168 -0.973
-5.653 6.617
-0.370 -9.056
5.873 6.313
-9.680 -0.336
7.344 -5.602
-1.844 9.772
-4.995 -7.795
9.325 2.879
-8.281 4.862
2.897 -8.946
4.623 8.886
-8.540 -3.909
9.065 -2.981
-4.162 8.188
-3.310 -9.918
8.932 4.711
-10.158 2.070
6.402 -8.395
1.544 10.963
-7.892 -7.389
10.472 0.489
-7.413 7.065
0.870 -10.869
6.432 8.653
-10.217 -2.027
9.211 -5.652
-3.595 9.935
-5.158 -9.982
10.932 3.903
-10.104 5.105
5.126 -9.800
3.627 10.464
-10.172 -6.126
10.716 -2.328
-7.248 9.792
-1.591 -10.375
9.419 7.058
-11.884 0.592
8.229 -8.520
-0.780 11.226
-6.538 -8.669
11.179 2.140
-9.990 6.887
2.521 -11.815
5.759 10.384
-11.340 -3.414
11.035 -5.156
-5.277 10.787
-4.176 -11.518
10.656 5.747
-12.399 3.604
6.728 -11.278
2.509 12.739
-9.784 -7.946
12.052 -1.036
-8.955 9.158
-0.524 -12.955
8.114 9.313
-12.148 -1.263
9.819 -7.505
-2.078 12.462
-6.883 -10.807
12.606 3.230
-11.832 5.709
4.475 -11.698
4.970 12.026
-11.842 -5.575
12.430 -3.017
-6.841 11.567
-3.214 -13.040
11.197 7.417
-13.894 1.952
8.398 -10.585
0.096 12.743
-10.035 -9.680
13.200 0.257
-10.609 8.553
2.289 -13.748
7.902 11.758
-14.039 -3.022
11.676 -7.142
-3.649 13.300
-6.297 -12.474
12.535 5.087
-13.980 4.482
5.965 -12.958
4.100 13.670
-12.276 -8.009
14.423 -1.953
-8.551 11.035
-1.863 -14.347
10.991 9.742
-14.080 -0.417
10.311 -10.021
-1.792 14.642
-9.298 -11.853
14.170 2.250
-12.428 7.956
4.013 -15.043
6.781 13.134
-14.288 -5.618
13.347 -4.744
-6.977 13.352
-5.012 -14.573
12.974 6.771
-15.269 3.150
8.862 -12.539
1.771 14.443
-11.853 -9.849
15.836 -0.784
-11.759 11.258
0.696 -14.839
9.711 11.640
-15.656 -2.350
13.127 -8.187
-3.540 15.031
-7.678 -14.020
14.324 4.941
-13.528 6.442
6.555 -15.159
5.194 15.041
-14.165 -7.390
15.158 -4.517
-8.842 13.253
-3.040 -16.016
12.667 9.060
-16.421 1.315
11.194 -11.586
-0.219 16.758
-11.132 -11.847
16.242 1.659
-13.443 9.415
2.336 -15.671
8.391 14.080
-15.760 -4.499
14.875 -8.404
-6.241 15.094
-6.548 -15.504
14.954 6.637
-15.978 5.418
8.353 -14.679
3.489 17.098
-13.644 -10.087
16.101 -2.684
-10.217 12.207
-0.837 -16.187
12.475 11.674
-16.764 -0.654
12.727 -10.372
-2.010 16.812
-9.391 -14.612
16.787 4.671
-15.214 8.043
4.830 -16.893
6.336 16.398
-15.987 -7.409
16.672 -5.474
-8.423 15.065
-4.375 -17.215
14.514 9.045
-17.089 3.262
11.237 -13.340
1.672 17.286
-12.897 -11.709
17.665 0.296
-13.606 11.545
2.755 -17.352
10.625 15.278
-18.166 -4.154
16.278 -9.590
-5.126 16.514
-8.103 -16.440
17.218 6.560
-16.752 7.087
8.645 -16.472
5.196 18.079
-15.562 -9.594
17.692 -3.385
-10.221 14.870
-1.842 -17.731
14.343 12.632
-18.664 1.329
13.238 -12.145
-0.901 18.775
-12.321 -14.797
17.362 3.004
-15.074 10.480
5.150 -18.711
9.046 16.216
-17.558 -5.815
17.351 -7.716
-8.349 17.608
-6.467 -17.880
17.167 8.975
-18.991 3.894
10.986 -15.803
3.645 19.039
-15.576 -12.160
18.970 -0.826
-13.640 13.339
