0.735 -1.787
0.678 1.355
-1.263 -0.112
1.711 -0.271
-1.530 1.631
-0.295 -3.311
2.530 1.822
-3.592 0.619
2.402 -2.411
0.472 3.884
-2.651 -2.219
3.675 -0.287
-3.056 2.595
1.113 -4.459
2.941 3.850
-4.034 -1.148
4.241 -2.429
-1.899 5.622
-2.176 -4.904
5.163 1.717
-4.762 2.109
2.847 -5.410
1.765 5.151
-4.975 -3.732
6.266 -1.251
-4.169 4.429
-0.135 -5.677
4.714 3.786
-5.706 -0.367
5.184 -4.088
-0.081 5.963
-4.254 -5.409
6.807 0.973
-5.778 3.629
1.480 -7.346
3.415 5.810
-6.889 -2.834
6.878 -2.969
-3.717 7.031
-2.670 -7.823
7.038 4.063
-7.403 0.927
4.821 -5.877
1.217 7.506
-6.191 -5.258
8.290 -0.038
-5.824 5.476
-0.281 -7.536
5.790 5.859
-8.204 -1.625
6.847 -4.817
-2.416 8.295
-4.445 -7.545
8.002 2.588
-7.530 3.285
3.307 -7.532
2.832 8.230
-7.991 -4.277
8.420 -1.856
-5.203 8.170
-1.100 -9.171
7.484 6.549
-9.252 0.347
7.214 -6.574
-0.014 9.603
-6.237 -7.037
10.003 0.526
-7.702 5.374
2.033 -9.323
4.943 7.742
-10.225 -2.181
8.592 -5.305
-3.372 9.803
-3.983 -9.777
10.229 4.233
-10.372 3.050
5.737 -8.774
2.325 9.973
-8.923 -6.266
10.720 -1.151
-6.932 7.774
-0.195 -10.805
6.736 8.140
-11.219 -0.621
8.911 -7.439
-0.730 11.297
-5.842 -9.390
10.857 2.186
-10.441 5.656
3.433 -10.415
4.759 11.215
-9.747 -3.895
10.862 -4.534
-5.522 10.540
-3.165 -11.415
9.276 6.370
-10.788 1.234
7.517 -8.546
0.864 12.103
-8.900 -8.168
11.870 0.308
-8.697 8.038
1.158 -12.125
6.616 10.022
-12.044 -2.248
10.360 -6.265
-3.188 12.513
-6.303 -11.521
12.249 4.304
-11.812 4.398
5.224 -10.910
3.346 12.364
-11.428 -6.123
12.143 -2.265
-7.254 9.826
-1.483 -12.269
9.683 8.115
-12.805 0.446
9.181 -9.222
-1.086 13.092
-7.808 -9.793
12.884 1.822
-10.814 7.374
3.710 -12.241
6.494 11.765
-12.867 -3.849
12.074 -5.883
-5.370 12.962
-4.858 -12.608
11.029 6.385
-13.434 3.733
6.921 -11.243
1.985 13.482
-10.684 -8.950
14.142 -0.841
-9.729 10.563
-0.228 -13.685
9.607 9.894
-13.944 -0.905
10.745 -8.219
-3.234 14.320
-8.137 -11.716
13.860 3.405
-13.131 6.513
5.638 -13.419
5.168 12.968
-13.307 -5.677
13.972 -4.526
-7.506 11.920
-3.401 -13.971
11.707 8.975
-14.931 1.995
9.131 -11.068
0.547 14.746
-10.925 -11.093
14.759 0.823
-12.092 9.460
2.687 -13.908
7.963 12.788
-15.101 -3.078
12.419 -7.742
-5.035 14.755
-6.306 -13.999
13.344 5.805
-14.502 5.214
7.362 -14.042
3.732 15.846
-12.433 -8.131
14.958 -2.459
-9.971 12.297
-0.391 -15.466
11.155 10.679
-15.977 -0.500
11.527 -9.835
-1.316 14.926
-9.734 -13.341
15.596 3.159
-13.557 8.455
3.801 -15.353
6.931 14.345
-15.343 -5.510
14.235 -6.315
-7.201 14.816
-4.302 -15.525
14.328 8.694
-15.858 3.579
9.673 -13.153
1.289 16.361
-12.317 -9.966
16.390 -0.084
-11.876 11.296
0.309 -17.082
9.838 13.038
-16.682 -2.227
13.308 -9.516
-3.441 16.517
-8.408 -14.648
16.503 5.672
-15.616 6.637
5.860 -15.236
5.333 14.999
-14.372 -7.495
16.390 -4.823
-9.072 14.112
-2.478 -16.230
13.466 10.265
-17.356 0.676
12.545 -12.094
-0.792 17.191
-12.104 -12.735
17.345 2.863
-14.498 10.014
3.746 -17.143
8.705 14.903
-17.053 -4.967
15.160 -7.915
-5.863 16.380
-5.791 -16.453
15.743 7.332
-16.634 5.170
9.221 -15.070
3.042 17.582
-13.553 -11.180
18.556 -1.401
-12.799 13.544
-0.002 -18.893
11.627 12.799
-18.278 -1.362
14.391 -11.506
-2.396 18.031
-9.805 -15.809
18.215 4.699
-16.165 8.539
6.063 -16.962
7.625 16.354
-16.213 -7.413
18.164 -5.947
-8.328 16.756
-3.746 -17.570
15.720 10.305
-19.003 3.106
11.401 -13.435
1.379 18.307
-13.508 -13.934
18.563 0.436
-13.922 12.177
2.158 -18.866
10.934 16.131
-18.689 -3.502
16.446 -10.237
-6.284 18.340
-8.041 -17.487
18.254 6.522
-18.383 7.249
8.916 -16.764
4.571 18.522
