1.375 -1.358
0.094 1.512
-1.119 -0.597
1.681 0.419
-2.046 0.903
1.022 -3.163
1.617 2.666
-3.549 -0.833
3.153 -1.281
-1.083 3.759
-1.573 -3.079
3.495 1.172
-3.827 1.194
2.767 -3.670
1.203 4.693
-3.265 -2.633
4.853 -0.578
-3.945 4.433
-0.087 -5.364
4.082 3.598
-5.207 0.081
4.734 -3.867
-0.388 5.431
-3.121 -5.379
6.256 1.297
-5.568 2.448
2.094 -5.278
2.860 5.327
-5.109 -2.568
6.369 -1.738
-2.404 5.457
-1.802 -6.642
5.886 3.555
-6.737 1.083
4.232 -6.184
0.873 6.683
-5.234 -5.300
7.491 -0.045
-6.169 5.020
0.599 -8.245
4.891 6.490
-7.177 -2.039
6.734 -3.526
-1.812 7.385
-3.644 -7.259
7.646 3.204
-7.500 2.766
2.686 -7.046
3.041 7.656
-6.917 -4.701
8.185 -1.759
-5.465 6.691
-1.143 -8.682
6.355 5.509
-8.215 0.082
5.987 -5.641
-0.608 8.682
-5.685 -7.060
8.476 1.581
-7.981 5.488
2.571 -8.872
4.330 8.952
-8.652 -3.295
9.209 -3.233
-3.765 8.834
-2.992 -8.915
9.002 4.393
-9.190 1.938
5.514 -7.788
1.525 9.058
-8.560 -6.003
9.982 -1.526
-6.934 7.706
0.153 -10.556
7.762 7.894
-10.739 -1.245
8.709 -5.835
-1.756 10.089
-5.765 -9.255
10.318 3.130
-9.419 4.447
4.042 -10.023
3.020 10.125
-10.084 -4.956
11.109 -3.366
-5.085 10.114
-1.709 -10.926
9.140 6.254
-11.821 1.126
7.229 -8.245
-0.002 12.183
-7.451 -7.394
11.770 0.071
-9.201 7.545
1.547 -11.744
6.050 9.488
-10.413 -3.080
10.259 -4.930
-3.934 11.479
-5.001 -10.997
10.806 4.921
-11.146 4.001
5.804 -10.709
2.174 11.810
-10.208 -6.775
11.985 -1.719
-7.824 10.272
-1.300 -13.068
9.594 8.748
-12.591 -0.567
9.071 -8.002
-1.751 12.688
-8.127 -10.102
12.062 2.659
-10.517 6.211
3.429 -11.873
5.742 11.253
-11.961 -4.592
12.055 -4.902
-6.115 11.627
-3.361 -12.065
11.148 6.711
-12.835 2.562
8.198 -9.819
1.381 13.368
-10.340 -8.571
13.412 -0.697
-10.007 9.834
0.455 -13.504
7.657 10.187
-13.825 -1.813
10.764 -7.646
-3.440 13.186
-6.338 -12.413
13.346 4.751
-13.083 5.921
5.138 -12.686
4.978 12.862
-12.481 -6.282
13.102 -3.367
-8.572 11.918
-2.912 -13.964
11.427 8.550
-14.632 0.864
10.433 -10.149
-0.310 13.956
-10.031 -10.425
14.630 1.293
-11.567 8.040
2.328 -14.189
7.269 12.836
-14.524 -3.997
12.729 -6.620
-5.258 13.788
-5.722 -14.480
13.264 6.525
-14.827 3.983
7.907 -11.752
2.333 14.883
-12.698 -8.733
14.457 -2.274
-10.400 11.615
-0.335 -15.350
10.015 10.557
-15.387 -0.867
12.264 -10.049
-2.756 16.045
-8.268 -12.342
14.730 3.581
-13.983 7.424
5.683 -14.390
6.095 14.189
-14.512 -6.703
14.453 -4.549
-7.043 13.225
-3.748 -16.084
13.122 9.001
-15.783 2.486
9.498 -12.648
0.775 15.913
-11.970 -11.067
15.571 -0.251
-12.418 10.825
2.106 -15.972
9.792 13.602
-15.996 -2.902
14.043 -8.328
-5.206 15.564
-7.444 -13.987
15.120 6.327
-15.345 5.758
6.959 -15.604
3.961 15.845
-14.486 -8.568
15.969 -3.560
-9.622 13.860
-2.017 -16.769
12.975 11.669
-16.968 0.008
11.347 -11.735
-0.952 15.890
-10.301 -12.515
16.972 1.964
-13.865 9.446
4.061 -15.908
8.385 14.710
-16.240 -6.160
16.273 -6.231
-7.446 15.515
-6.166 -16.452
14.847 9.413
-17.259 3.553
10.146 -14.317
2.190 17.120
-13.757 -11.236
17.048 -1.362
-11.797 12.787
1.098 -17.408
11.626 12.901
-17.332 -1.741
14.376 -10.269
-4.070 17.373
-8.107 -15.587
17.628 5.961
-17.074 7.467
7.381 -17.392
5.702 16.325
-16.292 -8.396
17.743 -4.968
-9.251 15.662
-2.848 -18.383
14.931 11.442
-18.216 1.544
12.208 -13.244
0.629 18.033
-12.027 -13.158
19.043 1.623
-14.213 12.171
3.417 -17.637
10.444 15.628
-18.706 -4.566
15.744 -7.912
-5.884 17.391
-6.990 -18.104
16.917 7.654
-17.573 5.770
9.358 -16.523
3.762 19.121
-15.835 -10.526
19.139 -2.997
-12.950 14.426
-0.569 -19.239
14.255 13.136
-19.755 -0.510
14.758 -11.948
-3.030 18.836
