-0.547 1.853
-0.813 -1.278
1.268 -0.019
-1.674 0.446
1.354 -1.779
0.634 3.263
-2.704 -1.552
3.509 -0.985
-2.141 2.645
-0.868 -3.815
2.865 1.935
-3.626 0.663
2.773 -2.895
-0.649 4.550
-3.322 -3.527
4.131 0.728
-3.969 2.852
1.311 -5.787
2.669 4.654
-5.312 -1.177
4.520 -2.588
-2.276 5.674
-2.285 -4.942
5.332 3.201
-6.104 1.888
3.692 -4.834
0.717 5.633
-5.078 -3.281
5.714 -0.221
-4.736 4.599
-0.532 -5.939
4.787 4.944
-6.871 -0.268
5.375 -4.204
-0.717 7.459
-3.994 -5.429
7.143 2.111
-6.536 3.660
2.974 -7.376
3.460 7.508
-7.418 -3.318
7.269 -1.683
-4.192 6.341
-1.982 -7.341
6.699 4.594
-8.242 0.890
5.230 -6.046
1.054 7.467
-6.362 -5.233
8.327 0.773
-6.316 5.496
1.551 -8.499
5.197 7.048
-8.225 -1.751
7.152 -4.042
-2.515 7.832
-3.663 -7.895
8.388 3.433
-8.184 2.712
4.335 -8.662
2.037 9.009
-8.117 -5.745
9.167 -1.296
-6.500 7.280
-0.973 -9.553
6.928 6.358
-10.004 0.505
7.109 -6.138
-1.064 9.483
-5.712 -7.193
10.395 1.119
-8.001 6.160
2.346 -10.098
4.967 9.316
-10.610 -3.160
10.004 -4.100
-4.804 9.318
-3.338 -9.681
9.520 5.316
-10.545 2.247
6.096 -8.445
1.305 10.728
-7.537 -7.404
11.223 -0.535
-8.099 8.315
-0.436 -11.312
6.776 8.740
-11.024 -1.058
9.804 -6.699
-2.344 10.712
-5.886 -10.667
10.096 2.872
-10.338 5.626
4.409 -11.052
4.321 11.029
-9.882 -5.382
10.604 -2.336
-6.599 9.274
-2.104 -11.950
9.693 7.210
-11.839 0.914
7.825 -8.890
0.095 12.180
-7.611 -9.289
12.211 0.998
-9.662 7.297
1.885 -12.774
7.454 10.812
-12.627 -3.022
11.297 -5.588
-4.075 11.389
-4.599 -11.954
11.997 4.916
-11.845 3.501
6.205 -10.520
2.737 12.052
-10.465 -7.077
12.691 -1.760
-8.185 10.117
-0.266 -13.134
8.774 8.938
-13.003 -0.488
9.998 -8.446
-2.432 12.558
-7.669 -11.036
13.195 2.506
-11.405 7.093
4.009 -13.445
6.128 12.042
-11.627 -5.217
12.979 -5.095
-5.728 11.895
-3.361 -13.207
11.547 7.804
-13.980 2.291
8.592 -11.507
1.633 13.589
-10.574 -8.854
13.963 -0.533
-9.843 9.280
1.745 -14.577
9.298 10.818
-14.136 -1.963
12.392 -7.828
-4.229 13.927
-6.473 -12.368
13.820 4.279
-13.433 5.938
6.241 -12.629
4.819 13.547
-12.567 -7.724
14.647 -3.520
-7.945 11.948
-2.060 -14.612
12.007 9.911
-14.765 0.698
11.055 -10.652
-1.243 14.110
-9.236 -11.902
15.337 1.509
-11.558 8.978
3.492 -15.195
7.712 13.277
-13.870 -4.403
13.890 -6.677
-5.880 14.725
-5.341 -15.379
13.203 6.810
-14.626 3.984
8.654 -13.257
1.979 15.344
-12.193 -9.476
15.944 -1.145
-10.455 10.967
-0.226 -14.982
11.054 12.270
-15.838 -1.539
12.616 -9.803
-2.203 15.663
-8.369 -13.556
15.828 3.903
-13.511 7.745
5.640 -15.478
5.875 15.001
-15.146 -7.175
15.406 -5.190
-8.270 14.078
-2.964 -16.142
13.276 8.648
-16.295 1.768
10.652 -12.457
1.449 17.023
-11.126 -11.958
16.822 0.500
-12.260 10.834
1.725 -16.784
9.870 13.706
-16.999 -3.946
14.851 -8.207
-4.263 15.757
-6.846 -14.371
15.066 5.978
-15.808 6.482
7.573 -14.970
4.133 15.889
-14.450 -8.826
17.195 -2.456
-11.235 13.319
-0.979 -17.181
13.349 11.423
-17.548 -1.065
13.392 -11.452
-1.964 17.438
-10.191 -13.929
17.473 3.188
-14.266 9.432
4.148 -16.895
7.452 15.770
-16.413 -5.675
16.015 -6.852
-7.623 15.938
-4.833 -17.177
14.631 9.728
-18.314 3.301
11.339 -14.788
1.944 18.793
-12.881 -11.536
18.321 -0.524
-13.133 12.924
0.530 -18.182
11.378 14.717
-18.602 -2.801
15.202 -10.155
-4.287 17.495
-9.266 -15.483
16.889 5.707
-17.456 7.783
6.561 -17.524
5.532 17.092
-16.696 -8.635
18.583 -5.043
-9.959 14.535
-3.253 -18.069
14.869 12.471
-18.509 1.475
12.596 -13.544
-0.208 18.988
-12.535 -14.921
18.950 1.563
-15.307 11.873
4.365 -18.888
9.795 16.568
-18.828 -4.611
17.541 -9.100
-7.146 17.592
-6.451 -17.954
