1.020 -1.641
0.445 1.448
-1.227 -0.319
1.732 0.015
-1.778 1.356
0.255 -3.315
2.195 2.215
-3.645 0.018
2.767 -1.982
-0.176 3.908
-2.249 -2.626
3.672 0.324
-3.442 2.055
1.834 -4.214
2.266 4.282
-3.789 -1.798
4.584 -1.695
-2.801 5.231
-1.337 -5.196
4.809 2.545
-5.045 1.294
3.701 -4.866
0.890 5.371
-4.290 -4.502
6.386 -0.200
-4.843 3.680
0.804 -5.621
4.024 4.512
-5.567 -1.304
5.787 -3.176
-1.064 5.867
-3.303 -6.037
6.553 2.083
-6.298 2.625
2.672 -7.001
2.409 6.294
-6.326 -3.932
7.274 -1.793
-4.826 6.321
-1.342 -8.157
6.271 5.168
-7.455 -0.308
5.725 -5.000
-0.038 7.604
-5.238 -6.208
8.182 1.330
-6.648 4.440
0.967 -7.478
4.744 6.734
-7.823 -2.956
7.548 -3.621
-3.752 7.782
-3.138 -8.175
7.465 3.873
-7.969 1.998
4.505 -6.883
1.435 8.584
-7.175 -5.538
8.611 -0.441
-6.480 7.200
0.429 -9.227
6.300 7.694
-9.182 -1.184
8.200 -5.293
-1.599 9.469
-4.990 -7.970
9.779 2.170
-8.484 4.029
3.544 -8.860
3.597 8.452
-9.725 -3.839
9.350 -3.814
-4.943 9.112
-2.315 -10.300
9.390 5.864
-10.733 1.296
7.106 -7.707
0.647 10.220
-7.767 -7.653
10.763 0.634
-8.120 6.523
1.591 -10.689
5.300 9.140
-10.962 -2.465
10.016 -5.866
-2.584 11.021
-4.212 -10.225
10.348 3.948
-11.231 3.855
5.105 -9.705
2.842 11.847
-8.971 -5.450
11.461 -2.679
-7.186 9.484
-1.237 -11.781
8.098 7.813
-10.844 -0.564
8.825 -7.188
-1.146 12.080
-7.430 -9.525
11.656 2.263
-9.904 6.493
3.143 -11.768
4.871 10.977
-11.508 -4.205
11.252 -4.469
-5.209 11.815
-4.315 -12.403
11.371 6.267
-12.376 2.388
6.953 -9.898
1.259 12.746
-10.261 -7.925
12.350 -0.230
-8.776 8.494
0.562 -12.346
8.210 9.602
-12.703 -1.673
10.577 -7.581
-3.232 12.733
-6.085 -10.947
12.407 3.923
-11.882 5.488
5.679 -11.461
4.463 12.676
-12.055 -5.920
12.879 -3.809
-7.435 11.898
-2.710 -13.237
9.824 8.118
-13.866 1.465
8.681 -9.947
-0.267 13.625
-9.060 -10.590
14.087 1.504
-11.339 8.812
2.034 -13.535
7.843 11.344
-13.603 -3.194
11.954 -6.333
-5.553 13.590
-6.092 -12.898
13.108 5.646
-14.026 4.256
7.775 -12.304
2.957 13.643
-12.188 -7.795
14.528 -2.158
-9.370 10.518
-1.049 -14.340
10.065 10.784
-15.056 -0.496
10.832 -9.409
-1.894 14.634
-8.944 -12.744
14.420 3.248
-13.487 7.334
4.945 -13.274
5.743 13.927
-14.386 -5.528
13.527 -5.586
-7.401 13.722
-3.909 -14.848
12.202 7.928
-15.164 2.749
9.579 -12.635
1.066 16.245
-10.921 -10.071
15.159 0.043
-11.864 10.483
2.167 -15.319
9.239 12.374
-15.676 -3.130
12.992 -7.797
-3.761 14.504
-7.399 -14.765
14.861 5.689
-14.766 6.101
6.283 -14.515
4.468 15.292
-14.223 -7.966
15.082 -3.879
-9.548 13.424
-1.680 -16.022
12.697 10.940
-16.231 0.912
11.711 -11.376
-1.429 16.349
-10.503 -11.863
16.179 2.623
-13.577 9.181
3.124 -16.797
7.551 14.483
-16.085 -4.949
14.696 -7.189
-6.120 15.723
-5.875 -15.835
15.341 8.318
-16.497 3.969
8.294 -14.059
2.784 15.673
-12.938 -9.764
16.962 -2.052
-11.277 12.421
0.235 -16.416
11.587 12.346
-17.229 -2.198
14.369 -9.857
-3.619 16.825
-9.836 -14.558
16.635 5.687
-15.952 7.484
6.524 -16.290
6.126 16.135
-16.000 -7.714
16.259 -5.304
-8.486 15.187
-2.996 -17.183
14.317 9.830
-17.259 2.354
11.582 -13.342
0.098 17.843
-11.522 -13.264
18.533 1.681
-14.859 11.246
3.117 -18.634
9.356 14.542
-17.802 -4.360
16.093 -8.973
-5.339 17.389
-7.061 -17.210
17.190 7.641
-17.353 5.754
8.779 -15.728
4.822 17.388
-14.767 -9.987
18.896 -2.868
-10.979 15.152
-0.794 -17.947
13.803 12.759
-19.255 -0.073
13.462 -11.369
-1.662 18.284
-11.023 -15.972
18.237 3.493
-15.741 9.713
5.243 -18.251
8.122 17.714
-17.854 -6.539
17.910 -7.382
-9.225 17.051
-5.044 -18.574
16.927 9.446
-19.328 4.116
11.561 -15.063
1.451 19.023
