-0.450 1.879
-0.879 -1.234
1.265 -0.085
-1.648 0.533
1.259 -1.848
0.804 3.226
-2.782 -1.408
3.453 -1.168
-2.000 2.754
-1.067 -3.764
2.963 1.782
-3.587 0.852
2.618 -3.036
-0.410 4.578
-3.502 -3.348
4.163 0.510
-3.815 3.055
1.007 -5.848
2.909 4.508
-5.367 -0.897
4.378 -2.821
-1.976 5.785
-2.540 -4.816
5.492 2.917
-5.997 2.205
3.434 -5.021
1.011 5.588
-5.242 -3.011
5.694 -0.520
-4.489 4.841
-0.842 -5.903
5.039 4.686
-6.876 0.092
5.147 -4.479
-0.325 7.487
-4.273 -5.212
7.244 1.734
-6.336 3.997
2.584 -7.522
3.848 7.316
-7.582 -2.925
7.171 -2.061
-3.854 6.552
-2.364 -7.228
6.930 4.237
-8.184 1.320
4.906 -6.311
1.443 7.401
-6.627 -4.893
8.356 0.336
-6.019 5.819
1.104 -8.569
5.558 6.766
-8.306 -1.319
6.931 -4.411
-2.102 7.953
-4.072 -7.692
8.557 2.990
-8.031 3.137
3.876 -8.877
2.505 8.890
-8.407 -5.312
9.087 -1.774
-6.110 7.611
-1.472 -9.489
7.251 5.987
-9.964 1.027
6.778 -6.501
-0.566 9.526
-6.081 -6.884
10.440 0.573
-7.668 6.570
1.814 -10.207
5.448 9.043
-10.761 -2.600
9.775 -4.618
-4.310 9.556
-3.840 -9.493
9.785 4.811
-10.413 2.795
5.646 -8.753
1.865 10.645
-7.914 -7.000
11.180 -1.122
-7.653 8.728
-1.027 -11.273
7.225 8.373
-11.065 -0.480
9.440 -7.203
-1.780 10.820
-6.436 -10.344
10.232 2.340
-10.030 6.160
3.825 -11.268
4.893 10.788
-10.150 -4.858
10.467 -2.888
-6.105 9.606
-2.726 -11.824
10.057 6.693
-11.775 1.532
7.349 -9.287
0.732 12.159
-8.087 -8.878
12.246 0.357
-9.266 7.792
1.214 -12.855
8.010 10.407
-12.768 -2.357
10.989 -6.172
-3.473 11.587
-5.218 -11.697
12.238 4.281
-11.646 4.116
5.646 -10.830
3.363 11.892
-10.822 -6.520
12.582 -2.422
-7.644 10.532
-0.953 -13.102
9.229 8.467
-13.011 0.194
9.543 -8.958
-1.771 12.668
-8.236 -10.619
13.308 1.812
-11.018 7.680
3.300 -13.637
6.750 11.705
-11.884 -4.602
12.695 -5.767
-5.098 12.179
-4.047 -13.013
11.940 7.189
-13.841 3.019
7.978 -11.941
2.342 13.485
-11.023 -8.289
13.916 -1.263
-9.344 9.783
0.980 -14.648
9.852 10.316
-14.220 -1.220
11.966 -8.466
-3.494 14.130
-7.112 -12.012
14.025 3.550
-13.104 6.633
5.571 -12.938
5.522 13.276
-12.954 -7.056
14.443 -4.281
-7.308 12.347
-2.822 -14.484
12.509 9.269
-14.708 1.470
10.483 -11.216
-0.503 14.156
-9.846 -11.402
15.395 0.704
-11.072 9.570
2.692 -15.356
8.396 12.855
-14.081 -3.671
13.521 -7.395
-5.101 15.012
-6.139 -15.078
13.541 6.109
-14.397 4.744
7.948 -13.692
2.779 15.219
-12.673 -8.825
15.862 -1.978
-9.867 11.499
-1.010 -14.950
11.681 11.675
-15.897 -0.708
12.085 -10.450
-1.380 15.756
-9.067 -13.100
16.010 3.070
-13.087 8.442
4.822 -15.752
6.652 14.673
-15.501 -6.373
15.113 -5.989
-7.522 14.491
-3.805 -15.964
13.711 7.941
-16.180 2.618
9.985 -12.997
2.338 16.924
-11.736 -11.359
16.825 -0.381
-11.676 11.460
0.844 -16.851
10.573 13.171
-17.182 -3.051
14.401 -8.973
-3.432 15.959
-7.589 -13.993
15.359 5.181
-15.447 7.301
6.780 -15.346
4.959 15.651
-14.892 -8.058
17.042 -3.353
-10.523 13.889
-1.877 -17.107
13.929 10.709
-17.579 -0.146
12.774 -12.137
-1.048 17.517
-10.906 -13.377
17.616 2.269
-13.753 10.165
3.258 -17.089
8.267 15.359
-16.688 -4.809
15.634 -7.681
-6.778 16.315
-5.725 -16.900
15.120 8.949
-18.116 4.255
10.549 -15.361
2.924 18.666
-13.468 -10.846
18.268 -1.482
-12.438 13.594
-0.423 -18.185
12.133 14.101
-18.723 -1.824
14.649 -10.937
-3.366 17.695
-10.064 -14.977
17.164 4.815
-17.025 8.686
5.635 -17.843
6.419 16.779
-17.125 -7.749
18.294 -6.009
-9.185 15.037
-4.194 -17.874
15.501 11.676
-18.407 2.442
11.870 -14.185
0.786 18.973
-13.298 -14.245
19.006 0.569
-14.664 12.658
3.371 -19.091
10.649 16.033
-19.044 -3.620
17.041 -10.006
-6.215 17.942
-7.381 -17.592
