-1.849 -0.560
1.284 -0.804
0.010 1.268
-0.434 -1.677
1.770 1.367
-3.268 0.611
1.571 -2.693
0.961 3.516
-2.630 -2.160
3.821 -0.842
-1.955 2.852
-0.638 -3.631
2.876 2.793
-4.545 -0.680
3.550 -3.297
-0.756 4.126
-2.824 -3.989
5.778 1.352
-4.673 2.636
1.214 -5.304
2.556 4.538
-5.658 -2.315
4.958 -2.250
-3.238 5.309
-1.846 -6.117
4.808 3.725
-5.638 0.678
3.317 -5.055
0.181 5.715
-4.566 -4.768
5.943 -0.491
-4.977 4.753
0.316 -6.869
4.166 5.404
-7.454 -0.769
5.456 -3.956
-2.161 7.128
-3.614 -6.562
7.355 3.026
-7.532 3.408
3.369 -7.395
1.632 7.280
-6.312 -4.236
7.355 -1.931
-4.640 6.666
-0.833 -8.248
6.009 5.272
-7.474 1.002
5.277 -6.325
-0.831 8.322
-5.451 -6.354
8.488 1.610
-7.084 5.147
1.809 -8.213
3.992 7.180
-7.814 -2.570
7.920 -3.608
-3.492 8.364
-2.655 -8.203
8.631 4.396
-9.023 1.974
5.801 -8.077
1.232 9.176
-7.235 -6.550
9.560 -0.907
-6.407 6.883
-0.435 -10.007
6.088 7.152
-9.475 -1.130
7.233 -5.662
-1.191 10.387
-6.104 -8.044
10.081 2.417
-9.350 4.902
3.234 -10.588
4.030 10.032
-9.284 -4.869
9.704 -3.270
-5.382 9.483
-2.173 -10.561
8.403 6.155
-10.737 1.230
7.457 -7.485
0.457 11.226
-8.259 -8.157
11.314 -0.357
-8.787 6.715
1.135 -11.017
6.630 9.851
-10.696 -2.419
10.707 -5.812
-2.942 10.076
-5.554 -10.378
11.021 4.486
-11.059 4.244
5.451 -9.844
2.262 10.620
-9.227 -6.664
11.965 -2.020
-7.278 9.642
-0.831 -11.845
8.835 7.886
-12.181 0.009
9.342 -7.546
-1.083 12.204
-7.229 -9.712
12.761 1.974
-10.864 7.378
3.110 -12.606
5.509 11.336
-11.360 -4.154
11.986 -4.515
-5.000 11.962
-3.418 -11.870
10.476 6.279
-12.070 2.652
7.150 -10.416
1.671 12.703
-10.060 -8.255
13.136 -0.174
-8.999 8.711
0.578 -12.999
8.376 10.057
-12.540 -2.519
11.089 -7.592
-2.598 13.177
-7.013 -11.454
13.417 4.102
-12.084 6.044
5.298 -11.590
5.004 13.015
-11.855 -5.811
13.230 -3.268
-7.885 11.493
-2.193 -13.996
11.446 8.672
-13.600 1.538
8.928 -10.512
0.435 13.966
-9.211 -9.908
14.564 1.847
-10.882 9.223
2.061 -14.122
7.741 12.447
-13.897 -4.326
12.413 -6.387
-4.375 13.790
-5.844 -13.474
12.585 6.329
-13.580 4.725
7.812 -12.513
3.417 14.671
-11.892 -8.028
14.626 -1.958
-9.995 11.938
-0.595 -14.770
10.575 11.129
-14.101 -1.341
11.966 -9.152
-1.616 15.326
-8.897 -11.620
15.170 3.598
-13.331 7.619
4.499 -13.838
6.580 13.936
-14.683 -5.982
15.416 -5.234
-6.902 13.155
-3.882 -14.653
13.196 8.746
-15.357 1.872
9.561 -12.127
1.034 15.952
-10.894 -10.531
14.983 -0.121
-12.347 10.968
1.649 -15.827
9.715 12.684
-15.647 -2.312
13.615 -8.274
-4.014 15.800
-7.651 -13.564
15.438 5.748
-15.042 5.770
7.281 -15.096
5.082 15.442
-14.020 -8.368
16.162 -2.852
-8.740 13.216
-1.654 -16.307
12.382 10.738
-17.033 1.330
12.035 -11.042
-0.618 16.818
-10.748 -12.335
16.771 1.842
-13.774 9.774
4.064 -16.971
8.103 14.908
-15.727 -4.373
14.419 -6.746
-6.083 15.024
-6.372 -15.853
14.917 7.678
-15.918 4.022
8.927 -14.388
2.336 17.211
-13.240 -11.328
17.188 -0.859
-11.516 13.269
1.188 -17.540
11.358 13.472
-17.424 -2.085
14.000 -10.094
-3.310 17.451
-9.332 -14.332
16.866 4.266
-15.822 7.341
5.790 -16.373
6.740 16.062
-15.885 -7.734
17.210 -4.713
-9.830 14.562
-3.173 -18.337
14.709 11.442
-18.806 1.812
11.625 -12.801
0.396 18.324
-12.832 -13.222
18.178 0.657
-14.796 11.275
2.931 -18.582
10.049 15.272
-17.465 -4.409
15.548 -9.158
-5.825 16.848
-7.661 -17.510
17.477 6.683
-17.130 5.412
8.751 -16.635
4.913 18.618
-14.465 -10.060
18.091 -3.127
-12.575 14.781
-1.346 -18.519
13.456 12.691
-18.986 -0.340
15.008 -12.430
-1.695 18.938
-11.766 -15.389
18.857 4.497
-16.636 9.680
4.743 -18.795
8.978 17.604
-17.542 -7.268
17.999 -6.325
