-0.301 -1.909
1.283 0.806
-1.138 0.561
1.321 -1.120
-0.460 2.188
-1.973 -2.676
3.109 0.242
-2.747 2.395
0.800 -3.308
2.421 3.073
-3.418 -0.519
2.991 -2.154
-1.263 3.805
-1.366 -4.388
4.513 1.761
-4.044 1.115
2.362 -4.279
1.298 5.790
-4.407 -3.059
5.304 -1.216
-2.973 4.276
-0.378 -6.101
4.184 3.485
-6.189 -0.604
4.704 -4.324
-1.261 5.951
-3.064 -4.781
5.994 0.786
-5.066 2.651
2.306 -6.186
3.028 5.137
-6.445 -2.412
6.322 -2.705
-3.052 6.103
-2.552 -7.046
5.937 3.191
-7.358 1.157
4.334 -6.110
0.477 7.939
-6.346 -5.298
8.124 -0.185
-5.844 4.638
1.067 -7.526
4.940 5.781
-8.021 -1.276
7.063 -4.339
-2.131 7.705
-4.155 -6.293
7.991 1.998
-7.854 2.874
3.348 -7.673
2.245 8.343
-7.717 -4.138
8.182 -1.946
-4.727 6.719
-1.087 -8.154
6.696 5.560
-9.050 0.497
6.230 -5.961
-0.201 9.684
-5.704 -7.265
9.797 1.708
-7.725 5.103
2.748 -9.365
4.977 8.212
-8.985 -2.772
8.821 -4.747
-3.789 8.594
-3.107 -9.023
8.245 4.048
-9.870 3.448
4.586 -8.997
2.212 10.128
-8.483 -6.285
10.940 -1.697
-7.278 7.995
0.343 -10.478
7.168 7.313
-10.880 -0.719
8.562 -6.553
-1.885 10.244
-5.780 -9.131
9.984 3.456
-9.909 5.297
3.750 -10.985
5.245 10.031
-9.870 -4.988
10.412 -3.773
-5.983 10.257
-2.477 -10.682
9.893 7.111
-10.352 1.736
6.926 -9.517
0.757 11.875
-8.635 -8.109
11.235 0.623
-8.577 6.659
1.983 -11.208
7.026 9.893
-11.849 -2.356
10.302 -5.903
-3.255 11.387
-5.310 -10.962
10.860 5.126
-11.459 4.336
5.598 -10.736
3.777 12.348
-11.371 -6.570
12.703 -2.686
-7.808 9.894
-1.204 -12.036
9.282 8.826
-12.946 0.705
9.199 -8.244
-1.093 12.165
-7.641 -9.713
12.489 1.904
-10.709 7.034
3.054 -12.650
5.874 11.751
-11.759 -4.311
11.955 -5.137
-5.409 11.918
-3.190 -12.387
11.661 6.679
-12.994 3.396
7.260 -11.299
2.146 13.865
-10.701 -8.249
12.741 -0.274
-9.539 10.169
0.072 -13.202
8.701 10.489
-13.779 -2.097
11.646 -8.066
-2.826 14.080
-7.304 -11.575
13.349 3.463
-12.385 6.470
4.911 -12.605
4.676 13.916
-13.040 -5.784
13.612 -4.291
-7.837 12.387
-2.154 -14.395
11.153 8.396
-14.320 2.063
9.587 -11.126
-0.221 14.085
-10.164 -10.170
14.666 1.587
-11.722 9.462
2.052 -14.200
8.128 12.316
-15.098 -3.803
13.039 -6.964
-5.418 14.365
-4.930 -13.279
13.448 6.790
-14.502 5.215
6.589 -13.067
3.363 15.224
-12.661 -8.686
14.417 -1.972
-9.683 11.989
-1.005 -15.823
11.421 11.601
-14.848 -0.488
11.503 -9.872
-2.131 15.687
-8.369 -13.012
15.079 3.330
-13.912 7.873
4.740 -14.392
6.630 13.437
-15.249 -6.343
14.967 -5.404
-7.191 14.267
-4.729 -15.093
13.375 8.656
-15.972 3.263
8.883 -12.792
1.544 16.401
-11.741 -11.031
16.760 -0.015
-11.691 11.296
1.432 -16.264
9.602 13.310
-15.702 -2.117
13.961 -8.586
-4.279 15.822
-8.611 -14.757
15.179 6.030
-15.411 6.764
6.428 -15.045
5.641 15.901
-14.794 -8.148
17.048 -3.727
-9.895 13.784
-2.908 -16.062
12.349 10.045
-16.174 1.063
11.499 -12.636
-0.420 16.771
-10.549 -12.581
16.839 1.775
-14.479 9.594
4.436 -16.851
8.254 15.101
-16.959 -4.593
16.308 -6.564
-7.185 16.089
-5.706 -16.594
15.181 8.211
-17.152 4.615
8.842 -14.639
3.500 17.041
-13.496 -11.050
17.261 -1.913
-11.527 13.059
0.049 -17.667
11.734 13.443
-17.389 -2.512
15.128 -10.837
-3.900 18.222
-9.817 -16.143
16.584 4.895
-16.325 8.332
6.319 -17.308
7.321 16.652
-16.591 -8.414
18.005 -5.448
-9.376 15.694
-3.631 -17.643
15.012 10.012
-17.704 2.089
12.430 -14.518
1.590 18.644
-12.328 -13.067
18.786 0.639
-14.624 12.527
2.762 -17.402
10.689 14.927
-18.781 -4.888
16.088 -9.272
-5.569 17.638
-7.957 -17.242
17.723 8.102
-17.788 6.716
8.734 -17.291
4.158 18.935
-15.955 -10.765
18.986 -3.910
-11.942 15.745
-1.091 -18.957
13.528 13.452
