0.177 -1.924
1.046 1.096
-1.240 0.264
1.555 -0.762
-0.983 2.009
-1.256 -3.078
2.954 0.997
-3.251 1.648
1.587 -3.011
1.593 3.573
-3.187 -1.341
3.428 -1.355
-2.158 3.379
-0.247 -4.589
3.943 2.814
-4.193 0.089
3.340 -3.568
-0.162 5.932
-3.522 -4.047
5.440 0.123
-3.931 3.416
1.130 -6.008
3.201 4.404
-5.852 -2.104
5.621 -3.038
-2.682 5.459
-1.798 -5.386
5.618 2.233
-5.562 1.327
3.753 -5.432
1.676 5.723
-5.656 -3.920
6.792 -1.072
-4.456 5.168
-0.746 -7.457
4.973 4.549
-7.417 -0.683
5.701 -4.860
-1.485 7.813
-4.853 -6.692
7.921 1.814
-6.803 3.063
2.880 -7.034
3.371 6.817
-7.463 -3.205
7.912 -2.474
-3.956 6.947
-2.484 -7.120
7.257 3.897
-8.319 0.859
5.128 -6.618
0.130 8.638
-6.466 -5.904
8.409 0.120
-6.231 5.354
0.946 -8.171
5.127 7.033
-8.895 -1.739
7.502 -4.250
-2.570 9.339
-3.748 -8.442
9.079 4.059
-8.741 3.052
4.962 -8.404
2.810 9.182
-8.031 -4.892
9.716 -2.438
-5.782 7.402
-0.799 -9.509
7.001 5.947
-10.415 0.922
6.653 -7.597
-0.340 10.361
-6.682 -8.174
11.022 1.038
-9.017 5.965
2.903 -10.073
5.155 8.848
-10.371 -3.366
9.908 -4.252
-4.340 9.469
-3.364 -10.270
8.831 5.800
-10.905 2.705
6.330 -9.730
2.624 11.012
-8.345 -7.257
11.020 -1.103
-8.316 8.476
0.219 -10.964
7.846 9.320
-10.461 -0.856
9.049 -7.527
-2.179 11.698
-6.381 -9.980
10.739 3.360
-9.948 4.351
4.672 -10.379
4.385 11.314
-10.909 -5.190
11.436 -3.196
-5.949 10.240
-2.459 -11.930
9.270 7.634
-12.172 1.393
8.060 -9.034
0.632 12.897
-9.412 -9.158
12.974 0.512
-9.997 7.676
1.785 -11.964
6.833 10.833
-12.723 -2.492
10.940 -5.735
-4.044 11.525
-5.025 -11.290
11.641 4.910
-12.108 4.192
6.064 -11.514
2.812 12.833
-10.343 -7.064
12.850 -2.047
-8.167 10.227
-0.054 -12.791
9.667 9.336
-13.430 0.104
9.810 -9.173
-1.321 13.968
-8.350 -10.622
12.419 2.860
-11.743 7.519
3.309 -12.781
5.862 12.302
-12.843 -5.413
13.269 -4.962
-6.193 12.956
-4.242 -13.013
12.092 6.632
-13.593 3.235
7.853 -11.015
1.120 14.638
-11.222 -8.805
14.248 -0.821
-10.636 10.086
1.443 -14.483
8.753 10.875
-14.388 -1.513
12.024 -8.434
-3.669 13.600
-7.359 -12.353
13.828 5.136
-13.685 6.298
5.473 -13.263
4.859 13.933
-13.703 -7.390
14.348 -3.553
-8.776 12.597
-1.521 -14.083
11.371 9.881
-15.338 1.499
9.594 -11.052
-0.474 15.583
-10.144 -11.526
14.461 1.625
-12.328 9.248
2.908 -15.586
8.227 14.048
-14.274 -4.116
13.573 -6.749
-5.914 14.685
-4.922 -14.667
13.802 6.927
-15.418 4.220
8.126 -12.789
3.131 14.653
-13.227 -9.889
15.835 -1.567
-10.471 12.067
-0.882 -15.792
10.843 11.673
-16.284 -0.755
11.749 -10.222
-2.526 16.279
-8.677 -13.574
16.251 4.097
-14.105 8.083
5.378 -15.416
6.043 15.258
-14.703 -5.904
15.641 -4.899
-8.029 14.289
-4.728 -16.418
13.236 9.569
-16.599 2.777
9.922 -13.009
1.568 16.799
-12.344 -11.528
17.441 0.569
-12.974 10.935
1.121 -16.285
9.507 12.768
-15.941 -2.938
14.248 -9.429
-4.522 16.156
-7.141 -14.784
15.889 5.851
-16.390 5.749
8.434 -15.248
4.298 16.664
-15.314 -8.613
17.420 -2.363
-10.913 13.835
-1.461 -17.487
12.702 11.685
-17.760 0.267
12.163 -12.023
-0.787 17.379
-10.373 -14.023
17.203 2.379
-14.379 9.832
4.382 -17.115
8.077 15.911
-16.242 -6.701
17.324 -6.795
-8.251 16.709
-5.557 -18.058
14.877 8.814
-17.870 4.072
10.372 -15.229
3.012 17.939
-14.020 -12.227
18.791 -0.865
-12.940 12.914
0.807 -17.995
12.097 13.389
-17.675 -2.318
15.612 -11.025
-3.032 18.464
-8.746 -15.692
18.055 5.228
-17.250 8.557
6.946 -16.193
6.701 17.093
-17.008 -9.346
17.870 -5.042
-9.726 15.733
-3.484 -18.667
15.194 12.202
-18.892 2.148
12.709 -14.620
-0.613 19.377
-12.827 -14.350
19.365 0.866
-15.439 12.334
3.593 -18.645
9.815 16.360
