0.321 1.906
-1.291 -0.792
1.132 -0.573
-1.309 1.134
0.437 -2.193
2.000 2.655
-3.111 -0.210
2.722 -2.424
-0.765 3.316
-2.453 -3.048
3.423 0.483
-2.969 2.186
1.223 -3.818
1.412 4.374
-4.531 -1.714
4.032 -1.157
-2.318 4.303
-1.358 -5.776
4.439 3.013
-5.291 1.271
2.928 -4.307
0.442 6.097
-4.220 -3.441
6.195 0.540
-4.658 4.373
1.199 -5.963
3.114 4.748
-6.002 -0.723
5.038 -2.704
-2.241 6.210
-3.082 -5.105
6.470 2.345
-6.293 2.771
2.988 -6.134
2.626 7.019
-5.970 -3.128
7.346 -1.234
-4.270 6.155
-0.560 -7.934
6.401 5.231
-8.122 0.270
5.795 -4.699
-0.988 7.537
-5.000 -5.729
8.034 1.192
-7.017 4.413
2.050 -7.727
4.220 6.249
-8.012 -1.914
7.823 -2.956
-3.267 7.708
-2.332 -8.319
7.760 4.057
-8.161 2.032
4.656 -6.768
1.172 8.142
-6.754 -5.490
9.044 -0.591
-6.167 6.025
0.099 -9.686
5.780 7.205
-9.814 -1.605
7.671 -5.184
-2.650 9.393
-5.063 -8.160
9.014 2.678
-8.770 4.839
3.699 -8.633
3.201 8.990
-8.287 -3.961
9.834 -3.551
-4.491 9.044
-2.318 -10.104
8.548 6.195
-10.922 1.811
7.194 -8.070
-0.233 10.481
-7.244 -7.238
10.887 0.605
-8.493 6.642
1.777 -10.263
5.876 9.070
-10.020 -3.351
9.853 -5.401
-3.634 11.024
-5.350 -9.976
9.922 4.885
-10.372 3.882
5.876 -10.319
2.589 10.656
-9.966 -7.007
10.333 -1.844
-6.826 9.589
-0.882 -11.866
8.719 8.019
-11.241 -0.506
8.507 -6.748
-1.866 11.228
-7.129 -9.819
11.873 2.231
-10.240 6.011
3.136 -11.420
5.424 10.906
-10.913 -5.012
11.413 -4.456
-5.485 10.794
-3.906 -12.308
11.439 6.450
-12.674 2.819
7.704 -9.975
1.330 12.023
-9.374 -8.728
12.938 -0.841
-9.112 8.340
0.966 -12.175
7.743 9.632
-12.509 -1.773
10.635 -7.145
-2.921 12.681
-5.997 -11.689
11.804 4.188
-11.901 5.262
5.284 -11.974
3.319 12.353
-11.731 -6.557
12.958 -3.532
-7.142 11.374
-2.291 -13.842
10.787 8.137
-12.737 0.408
9.432 -10.269
0.066 13.203
-8.810 -10.397
13.800 1.952
-11.561 8.187
2.678 -14.109
7.425 11.498
-13.385 -3.323
12.316 -6.600
-4.779 12.656
-4.822 -13.866
13.099 5.647
-13.566 4.433
7.707 -12.468
2.305 14.371
-11.240 -8.279
14.297 -2.213
-9.470 11.226
0.073 -14.086
10.270 10.063
-14.682 -1.434
11.622 -9.584
-1.903 14.221
-8.257 -12.230
15.137 3.645
-12.965 7.100
5.267 -14.421
5.068 13.227
-13.518 -6.649
14.446 -5.367
-6.452 13.136
-3.522 -15.187
12.751 8.553
-14.396 2.123
9.557 -12.090
1.170 15.812
-11.542 -11.481
14.852 0.333
-11.399 9.992
1.967 -15.709
8.505 12.924
-15.113 -3.172
13.828 -8.019
-4.589 14.441
-6.771 -13.367
15.314 6.183
-14.910 5.560
7.041 -14.342
4.886 15.043
-13.465 -8.516
15.937 -3.430
-8.748 12.884
-1.716 -16.384
11.856 10.907
-16.759 0.190
11.572 -11.418
-1.262 16.278
-9.740 -13.208
15.724 1.952
-13.871 8.732
4.113 -15.866
8.765 14.666
-15.242 -5.870
15.339 -6.925
-6.270 15.111
-5.807 -15.841
14.879 7.992
-17.008 3.905
9.751 -13.887
3.076 16.031
-12.453 -9.915
16.162 -1.232
-11.366 12.756
0.245 -16.775
10.680 12.469
-16.856 -1.598
14.378 -9.745
-4.259 16.896
-8.412 -15.013
17.006 4.415
-16.239 6.735
7.016 -16.163
5.879 16.534
-15.266 -8.052
17.103 -4.795
-8.688 14.731
-3.678 -17.004
13.611 10.908
-17.240 2.094
11.390 -13.179
0.136 17.667
-11.874 -13.319
17.414 2.330
-15.014 10.995
3.709 -18.262
9.985 16.039
-16.635 -4.721
16.237 -8.502
-6.138 17.373
-7.494 -16.574
16.678 8.240
-17.947 5.636
9.211 -15.791
3.816 17.604
-15.116 -9.854
17.681 -2.274
-12.278 14.647
-1.785 -18.626
12.464 12.937
-18.792 -0.442
14.492 -12.679
-2.579 17.430
-10.845 -14.814
18.831 4.691
-15.990 9.440
5.384 -17.695
8.137 17.157
-17.807 -7.916
17.717 -6.902
-8.553 17.382
-4.357 -18.890
16.067 10.597
-18.944 4.109
11.776 -15.869
1.289 18.944
-13.668 -13.310
