-1.723 0.876
0.370 -1.469
0.885 0.909
-1.474 -0.910
2.223 -0.239
-1.935 2.703
-0.730 -3.031
3.127 1.873
-3.393 0.262
2.175 -3.252
0.563 3.411
-2.973 -2.179
4.009 0.026
-3.751 2.655
0.280 -4.837
2.310 3.501
-4.799 -0.925
5.106 -3.024
-1.548 5.137
-2.795 -4.668
4.986 1.506
-5.686 2.245
2.021 -5.056
1.338 6.073
-5.566 -3.137
6.049 -0.639
-3.600 4.392
-1.105 -5.944
4.087 3.999
-6.596 -0.281
3.950 -4.468
-0.303 6.875
-4.526 -5.176
6.747 1.017
-5.912 4.604
1.200 -6.632
3.374 6.641
-7.150 -2.234
7.403 -2.907
-3.077 7.672
-2.686 -7.669
6.217 4.125
-7.487 1.311
3.972 -6.484
1.265 8.023
-6.310 -5.377
7.986 -0.354
-4.701 5.896
-0.569 -8.218
5.160 6.581
-8.332 -0.813
7.241 -4.713
-1.550 8.618
-4.379 -7.180
7.851 2.419
-7.419 3.554
3.219 -8.086
3.269 8.454
-7.594 -4.083
9.272 -2.802
-5.147 7.670
-1.403 -9.845
7.241 5.770
-9.756 0.280
6.273 -7.271
0.140 9.402
-7.240 -6.922
9.344 0.948
-7.621 5.743
1.301 -9.093
6.330 8.322
-9.973 -1.581
8.949 -5.233
-3.356 10.010
-4.995 -9.880
9.852 4.451
-10.071 2.911
4.740 -9.077
2.679 10.570
-8.878 -6.118
10.325 -1.373
-6.898 8.319
0.202 -10.563
8.100 7.787
-11.606 -0.171
7.920 -8.089
-1.694 10.929
-6.806 -8.737
11.604 2.521
-9.394 5.657
3.706 -11.606
4.850 9.309
-11.191 -3.646
11.060 -4.390
-5.044 10.718
-2.879 -10.878
8.983 6.099
-11.272 1.577
7.238 -9.739
1.421 11.997
-8.798 -7.974
11.835 -0.423
-8.785 8.438
1.519 -11.912
7.665 9.558
-11.940 -2.006
10.576 -7.407
-2.734 12.845
-6.480 -11.251
11.823 4.369
-11.075 4.865
5.526 -11.555
4.671 12.094
-10.683 -6.201
11.907 -2.719
-6.876 10.269
-2.049 -12.466
9.999 8.012
-12.974 1.005
9.360 -9.218
-0.466 12.516
-8.580 -9.783
13.007 1.461
-10.795 6.861
2.749 -13.155
7.245 11.309
-12.990 -3.413
12.523 -6.326
-4.539 12.726
-4.198 -12.033
12.619 5.930
-12.579 4.011
7.287 -11.516
2.264 13.752
-11.270 -8.584
14.264 -1.663
-8.751 10.524
-0.832 -13.766
9.981 9.779
-13.506 -0.775
11.790 -8.748
-1.471 14.189
-8.287 -11.620
14.202 3.625
-13.025 6.497
4.539 -13.201
6.387 12.982
-13.544 -5.680
13.463 -4.143
-6.532 12.810
-3.023 -14.439
12.621 8.224
-14.139 2.437
9.201 -11.536
1.049 15.534
-10.652 -10.248
15.336 0.713
-11.106 8.792
2.302 -14.888
9.441 12.180
-14.464 -2.229
13.439 -7.903
-4.348 14.726
-6.331 -13.102
14.395 5.504
-14.738 5.845
7.504 -14.447
4.124 14.272
-12.944 -7.889
15.578 -2.821
-9.789 11.981
-1.493 -15.370
11.787 10.798
-15.152 -0.061
10.731 -10.458
-1.320 16.462
-9.764 -12.565
15.791 2.431
-12.893 9.161
4.100 -15.395
8.039 14.182
-14.911 -4.495
15.121 -6.537
-6.863 14.576
-5.193 -15.935
14.356 7.628
-15.911 3.664
9.691 -13.245
2.839 15.588
-12.481 -10.625
16.370 -0.820
-11.373 12.749
1.044 -16.300
11.195 12.566
-16.295 -1.464
13.380 -10.278
-3.177 16.588
-8.813 -15.062
16.167 5.152
-14.378 7.729
5.738 -14.849
6.009 15.054
-15.571 -7.031
16.080 -4.783
-8.705 13.920
-3.515 -16.563
13.599 10.806
-17.397 0.988
11.811 -12.517
0.872 17.548
-11.283 -13.482
17.522 1.862
-14.019 10.555
3.119 -16.975
9.690 14.886
-16.655 -3.885
15.126 -8.595
-6.338 16.250
-7.154 -15.825
15.982 6.928
-16.818 5.412
9.159 -15.313
2.984 17.314
-14.981 -11.039
18.536 -1.922
-12.319 14.325
-0.469 -17.285
12.969 12.951
-18.414 -0.662
13.574 -12.108
-2.875 18.379
-10.745 -15.440
17.823 4.068
-15.657 8.906
4.883 -17.371
7.458 16.192
-17.649 -7.336
17.240 -7.273
-8.618 15.763
-5.198 -18.064
16.433 10.037
-17.404 2.751
10.893 -14.778
1.155 19.372
-13.789 -12.435
18.495 -0.154
-13.939 12.896
2.229 -19.359
11.885 14.842
-19.144 -2.963
16.723 -9.806
-5.307 18.501
-9.586 -16.848
18.664 6.492
-17.692 6.895
8.613 -17.023
