-1.037 1.631
-0.429 -1.453
1.224 0.332
-1.732 -0.033
1.792 -1.337
-0.290 3.312
-2.172 -2.237
3.645 0.020
-2.788 1.952
0.217 -3.906
2.221 2.650
-3.669 -0.362
3.464 -2.019
-1.878 4.195
-2.221 -4.306
3.770 1.838
-4.602 1.647
2.856 -5.202
1.283 5.209
-4.782 -2.596
5.058 -1.241
-3.752 4.827
-0.834 -5.380
4.243 4.547
-6.388 0.133
4.881 -3.630
-0.863 5.612
-3.977 -4.554
5.553 1.362
-5.820 3.116
1.125 -5.856
3.239 6.072
-6.531 -2.151
6.325 -2.559
-2.745 6.973
-2.343 -6.319
6.285 3.998
-7.292 1.717
4.892 -6.271
1.257 8.171
-6.216 -5.234
7.451 0.386
-5.777 4.940
0.118 -7.603
5.173 6.262
-8.168 -1.416
6.694 -4.370
-1.045 7.468
-4.673 -6.784
7.792 3.038
-7.586 3.542
3.833 -7.742
3.053 8.207
-7.424 -3.951
7.989 -1.914
-4.577 6.835
-1.345 -8.599
7.117 5.612
-8.615 0.351
6.555 -7.131
-0.525 9.222
-6.219 -7.760
9.169 1.281
-8.255 5.207
1.698 -9.452
4.907 8.022
-9.756 -2.272
8.525 -3.940
-3.636 8.823
-3.508 -8.489
9.684 3.941
-9.389 3.716
5.039 -9.060
2.207 10.324
-9.328 -5.962
10.746 -1.184
-7.186 7.632
-0.540 -10.226
7.686 7.734
-10.756 -0.747
8.188 -6.438
-1.702 10.672
-5.204 -9.195
10.936 2.579
-10.077 5.761
2.699 -10.994
4.105 10.269
-10.306 -4.056
11.271 -3.737
-5.206 9.651
-2.718 -11.876
8.913 5.544
-11.489 2.559
7.285 -9.408
1.114 11.793
-8.016 -7.898
10.837 0.677
-8.900 7.096
1.272 -12.067
7.330 9.603
-11.632 -2.385
9.972 -6.389
-3.266 11.734
-4.756 -11.027
11.463 4.325
-11.299 4.351
5.333 -11.760
4.185 12.448
-11.305 -6.386
12.400 -2.258
-7.056 9.825
-1.126 -12.759
10.177 8.032
-12.352 0.101
8.865 -8.402
-0.691 12.339
-8.109 -9.688
12.685 1.806
-10.656 7.469
3.365 -12.699
5.970 11.011
-12.365 -4.053
11.939 -5.363
-5.799 11.401
-4.330 -12.722
11.993 6.046
-12.918 3.674
7.559 -11.820
2.571 13.264
-9.738 -8.220
13.881 -1.320
-8.785 9.856
0.410 -13.621
8.949 10.685
-14.070 -1.652
11.431 -8.693
-2.176 13.513
-7.723 -11.426
13.569 3.337
-12.020 6.208
5.695 -13.531
5.956 12.961
-13.048 -5.783
14.070 -4.109
-7.904 12.222
-2.814 -13.673
12.106 7.923
-14.549 2.005
9.480 -10.419
0.899 14.351
-9.951 -10.889
15.050 0.654
-10.930 9.295
2.047 -14.614
8.810 12.837
-14.386 -3.399
13.563 -7.192
-5.084 13.221
-5.597 -13.987
14.327 5.678
-13.584 5.444
7.545 -13.643
3.753 14.888
-12.119 -8.055
15.192 -2.590
-9.711 12.534
-0.895 -16.255
10.814 10.185
-15.157 -0.202
11.973 -10.358
-2.327 15.295
-9.109 -12.470
15.642 3.294
-13.073 7.661
3.913 -14.464
7.244 14.842
-14.800 -5.845
14.829 -5.946
-6.434 14.449
-4.308 -15.338
14.139 8.115
-15.122 3.721
9.688 -13.324
1.513 16.039
-12.582 -11.072
16.240 -0.742
-11.830 11.253
1.600 -16.333
10.379 11.972
-16.151 -2.792
13.673 -9.038
-3.300 16.763
-7.399 -14.561
16.033 5.118
-14.771 7.035
6.285 -15.658
5.709 15.895
-15.253 -8.478
16.538 -3.796
-8.441 13.972
-2.620 -15.702
12.835 9.899
-16.982 1.874
11.406 -12.303
-0.407 16.413
-11.457 -12.467
17.205 2.379
-14.471 9.706
3.795 -16.786
9.683 14.660
-16.574 -5.861
16.030 -7.317
-6.694 16.221
-5.957 -16.199
15.918 7.881
-16.313 5.134
8.644 -15.098
2.816 17.213
-14.213 -9.980
17.283 -2.173
-11.721 13.220
0.089 -17.843
11.383 13.384
-18.514 -1.875
14.976 -11.090
-3.312 18.601
-9.203 -14.639
17.755 4.546
-16.186 8.804
5.521 -17.332
6.881 17.283
-17.109 -7.820
17.412 -5.572
-8.943 15.636
-4.639 -17.438
14.661 10.141
-18.925 2.670
11.137 -15.036
0.606 17.954
-13.669 -12.903
19.254 0.275
-13.580 11.227
1.853 -18.265
10.855 16.087
-18.199 -3.684
15.842 -9.547
-5.433 18.195
-7.936 -17.798
17.785 6.726
-17.986 7.194
9.403 -16.953
4.849 18.626
-16.828 -9.622
19.370 -3.913
-11.718 14.941
-1.252 -19.037
