1.614 -1.062
-0.204 1.501
-0.980 -0.804
1.566 0.740
-2.183 0.485
1.622 -2.902
1.064 2.931
-3.316 -1.512
3.343 -0.638
-1.799 3.474
-0.940 -3.327
3.198 1.834
-3.987 0.421
3.432 -3.056
0.261 4.838
-2.685 -3.222
4.872 0.384
-4.737 3.574
0.965 -5.277
3.298 4.328
-5.122 -0.941
5.400 -2.865
-1.445 5.249
-2.006 -5.886
5.881 2.497
-5.940 1.310
3.088 -4.765
1.760 5.784
-4.507 -3.519
6.586 -0.456
-3.427 4.880
-0.466 -6.866
5.075 4.639
-6.818 -0.258
5.362 -5.235
-0.453 6.725
-4.094 -6.223
7.355 1.423
-7.033 3.714
2.203 -7.968
3.525 7.322
-6.638 -3.406
7.294 -2.138
-3.224 6.887
-2.151 -7.832
6.870 4.640
-7.897 1.242
4.015 -6.383
1.482 8.103
-5.862 -5.965
8.371 -0.121
-6.670 5.491
0.580 -8.737
5.152 6.647
-8.072 -1.529
6.977 -4.358
-2.298 8.395
-4.191 -8.037
8.002 3.211
-8.902 3.818
4.259 -8.196
2.492 9.627
-7.839 -4.927
9.664 -1.366
-5.423 7.925
-1.187 -9.328
7.967 6.072
-9.391 0.099
6.933 -6.557
-0.280 9.181
-7.218 -7.564
10.088 0.460
-8.310 6.198
2.219 -10.322
6.065 9.262
-10.287 -3.325
9.684 -4.016
-3.699 9.549
-3.840 -10.205
9.504 5.091
-10.108 2.516
5.928 -9.036
0.977 10.520
-8.917 -6.835
11.553 -1.124
-6.969 8.921
0.465 -11.049
7.737 7.924
-11.812 -1.212
8.705 -6.669
-2.389 11.946
-5.857 -8.710
11.528 2.376
-10.501 5.595
3.818 -11.213
4.074 10.489
-9.607 -5.060
11.026 -2.824
-6.107 10.485
-2.750 -11.763
9.632 6.943
-11.714 1.740
7.790 -9.364
-0.182 12.008
-8.683 -8.644
12.089 0.663
-9.685 8.540
1.286 -13.070
7.694 10.458
-12.236 -3.023
10.463 -6.069
-4.203 12.099
-5.990 -11.498
11.307 4.971
-11.530 4.030
5.689 -10.971
3.426 12.160
-10.830 -6.847
12.782 -2.445
-8.275 10.203
-0.932 -12.490
9.617 8.765
-13.088 -0.002
9.963 -8.022
-1.265 13.379
-8.460 -10.431
13.289 1.944
-11.740 7.682
3.092 -13.153
5.513 11.490
-13.202 -4.486
12.053 -5.388
-5.957 12.256
-3.783 -13.414
12.157 7.274
-13.990 3.243
7.524 -11.433
2.361 13.588
-11.009 -8.606
13.508 -0.735
-10.741 10.007
-0.120 -14.264
9.531 10.623
-14.518 -2.020
12.219 -7.908
-3.039 13.625
-7.794 -12.189
14.093 4.135
-12.918 5.618
5.063 -13.458
4.613 14.012
-13.459 -6.766
13.780 -3.998
-7.858 12.490
-2.774 -15.320
11.728 8.997
-15.320 1.000
10.057 -9.975
-0.628 15.052
-10.740 -11.052
14.622 0.603
-12.474 9.352
2.680 -15.118
7.752 12.315
-14.919 -3.865
13.995 -7.452
-5.847 15.194
-5.689 -13.723
13.743 6.397
-15.166 4.540
8.392 -12.997
3.197 15.108
-12.917 -9.417
15.064 -1.629
-9.498 11.589
-0.523 -16.507
11.104 11.398
-15.964 -0.655
11.792 -10.541
-2.358 15.756
-9.570 -13.198
15.319 2.805
-14.298 8.181
5.195 -15.250
6.937 15.257
-15.117 -5.980
15.403 -5.415
-8.155 14.242
-4.559 -15.174
13.587 9.167
-16.176 2.639
9.881 -13.938
0.780 16.314
-12.526 -11.240
16.357 -0.362
-12.151 11.706
1.308 -16.839
10.437 13.986
-16.641 -3.317
13.426 -9.284
-4.047 15.396
-7.649 -14.291
16.258 5.252
-15.447 6.546
7.099 -14.804
5.340 16.068
-14.718 -9.222
17.178 -2.921
-10.342 13.755
-2.823 -17.341
12.715 12.140
-17.620 0.103
12.755 -12.051
-1.207 17.217
-11.289 -13.713
16.984 2.005
-14.073 10.227
4.488 -16.855
8.873 14.929
-16.655 -5.103
16.110 -7.253
-7.395 16.239
-4.896 -16.874
16.119 9.300
-18.206 3.976
10.646 -15.609
2.393 17.125
-14.331 -11.425
18.373 -1.395
-12.140 13.546
0.809 -18.585
12.400 14.146
-18.166 -2.056
14.567 -10.595
-2.916 17.807
-9.216 -15.260
18.356 5.323
-16.322 9.150
6.807 -16.625
7.179 17.372
-17.449 -8.143
16.989 -4.674
-9.178 15.901
-3.307 -19.123
15.089 10.821
-18.363 2.214
12.415 -14.369
-0.057 19.487
-13.465 -13.425
19.355 0.811
-15.526 11.609
3.212 -18.977
11.404 15.675
-19.272 -4.371
16.813 -8.825
-6.662 17.877
