1.871 0.482
-1.249 0.857
-0.063 -1.267
0.504 1.657
-1.826 -1.291
3.239 -0.748
-1.457 2.757
-1.107 -3.473
2.718 2.048
-3.782 1.001
1.834 -2.931
0.789 3.601
-2.990 -2.670
4.570 0.489
-3.409 3.443
0.583 -4.154
2.988 3.867
-5.829 -1.108
4.558 -2.830
-0.991 5.350
-2.744 -4.427
5.750 2.076
-4.859 2.456
3.013 -5.440
2.100 6.034
-4.960 -3.521
5.604 -0.914
-3.102 5.189
-0.421 -5.702
4.762 4.573
-5.917 0.739
4.773 -4.957
-0.028 6.876
-4.389 -5.225
7.480 0.456
-5.286 4.181
1.860 -7.213
3.886 6.405
-7.475 -2.715
7.382 -3.720
-3.057 7.530
-1.936 -7.205
6.483 3.968
-7.268 2.237
4.357 -6.855
1.177 8.206
-6.225 -5.016
7.425 -1.314
-5.008 6.541
0.482 -8.349
5.713 6.120
-8.548 -1.253
6.862 -5.439
-1.463 8.282
-4.289 -7.007
7.915 2.241
-7.762 3.937
3.138 -8.503
2.996 8.085
-8.808 -4.030
8.933 -2.350
-5.458 8.313
-1.616 -9.116
7.503 6.242
-9.514 1.306
6.113 -7.145
0.853 9.980
-6.382 -6.891
9.514 0.732
-6.989 5.960
0.755 -10.428
6.436 7.782
-10.174 -1.992
9.137 -5.289
-2.787 10.714
-4.447 -9.855
9.480 4.476
-9.559 3.674
4.981 -9.700
2.613 10.460
-8.653 -5.798
10.676 -1.679
-7.137 7.791
-0.926 -11.197
8.593 7.804
-11.290 0.830
8.498 -7.077
-0.673 11.055
-7.037 -9.565
10.788 1.969
-10.455 6.255
2.518 -10.190
5.984 10.136
-11.199 -4.021
10.872 -4.704
-5.034 10.064
-2.705 -10.516
9.498 6.271
-11.870 2.519
6.867 -9.939
1.326 11.800
-9.158 -7.510
12.169 -0.520
-9.018 7.931
0.571 -12.238
7.629 9.401
-12.832 -1.438
10.546 -7.827
-2.580 12.725
-5.979 -11.095
11.524 3.675
-11.786 5.013
4.494 -12.161
3.913 11.716
-10.730 -5.834
11.949 -3.155
-6.707 10.706
-2.202 -12.622
10.397 7.826
-13.117 0.724
8.627 -9.080
-0.033 13.012
-8.790 -9.697
12.635 1.992
-10.761 8.050
2.044 -13.274
7.486 11.151
-13.577 -3.537
11.821 -6.545
-4.808 11.802
-5.544 -12.794
12.088 5.310
-13.081 3.819
7.396 -11.813
2.777 13.892
-11.800 -8.185
13.524 -2.106
-8.480 10.876
-1.020 -13.936
9.618 9.513
-14.629 -1.235
10.486 -9.670
-1.468 14.196
-8.256 -12.111
14.066 3.740
-12.135 6.901
3.794 -13.961
6.403 13.218
-12.839 -5.796
13.370 -5.289
-7.281 12.829
-4.029 -14.515
12.218 7.523
-14.531 2.569
9.486 -12.346
1.213 14.732
-11.032 -10.677
14.145 0.750
-11.572 9.645
0.973 -15.380
9.376 11.237
-15.307 -2.959
13.000 -8.170
-3.916 14.015
-7.158 -13.648
14.921 5.362
-15.183 5.875
6.345 -13.433
4.492 14.478
-13.551 -8.186
15.266 -2.513
-9.045 12.517
-1.701 -15.894
11.326 10.066
-14.965 0.748
11.877 -11.476
-0.985 15.882
-10.238 -12.266
15.730 1.655
-13.256 8.837
3.349 -15.954
8.212 13.232
-15.665 -5.097
14.787 -6.395
-6.642 15.387
-5.724 -15.216
14.358 7.774
-16.028 3.526
8.179 -13.570
2.336 16.223
-12.821 -10.210
16.963 -2.042
-11.562 11.536
-0.087 -16.829
11.255 11.874
-16.834 -1.138
13.353 -10.342
-3.350 17.126
-8.720 -14.556
15.896 3.710
-14.123 7.344
5.448 -15.266
7.030 15.572
-15.225 -7.046
15.735 -4.685
-8.316 14.749
-3.055 -17.098
13.703 10.764
-17.137 1.578
10.951 -13.740
-0.452 17.574
-11.912 -12.984
17.496 1.354
-13.565 10.671
2.576 -17.574
9.924 13.929
-17.030 -3.556
15.501 -7.997
-5.099 16.601
-7.407 -15.766
16.195 7.062
-16.997 5.430
9.212 -14.961
3.938 18.188
-15.175 -10.816
18.714 -2.598
-11.079 13.276
-1.163 -18.291
13.375 12.673
-18.189 0.105
14.311 -11.885
-2.151 18.688
-10.680 -14.838
17.634 3.674
-15.151 9.801
5.114 -17.077
8.387 17.174
-17.742 -5.945
16.888 -6.125
-8.047 16.987
-5.689 -18.396
14.874 9.446
-17.944 3.882
11.945 -15.295
2.120 18.447
-13.975 -12.116
18.984 -0.455
-14.475 13.048
0.901 -18.993
12.400 14.883
-19.029 -3.704
16.216 -10.368
-3.951 18.977
-9.707 -17.213
17.831 6.527
-17.718 7.073
