-0.885 -1.718
1.471 0.362
-0.904 0.889
0.902 -1.479
0.250 2.222
-2.713 -1.921
3.027 -0.746
-1.856 3.137
-0.279 -3.392
3.263 2.158
-3.408 0.581
2.164 -2.985
-0.005 4.009
-2.674 -3.738
4.838 0.255
-3.489 2.328
0.900 -4.804
3.050 5.090
-5.145 -1.521
4.654 -2.819
-1.480 4.993
-2.275 -5.674
5.066 1.995
-6.066 1.370
3.108 -5.582
0.671 6.046
-4.410 -3.577
5.938 -1.136
-3.978 4.107
0.247 -6.597
4.488 3.926
-6.876 -0.267
5.153 -4.553
-0.981 6.752
-4.635 -5.888
6.638 1.165
-6.623 3.409
2.197 -7.162
2.946 7.388
-7.688 -3.037
7.655 -2.727
-4.092 6.239
-1.350 -7.480
6.505 3.938
-8.016 1.307
5.343 -6.338
0.396 7.984
-5.920 -4.670
8.215 -0.612
-6.554 5.194
0.769 -8.337
4.751 7.216
-8.626 -1.505
7.157 -4.417
-2.378 7.863
-3.592 -7.400
8.103 3.177
-8.437 3.313
4.043 -7.615
2.850 9.257
-7.697 -5.106
9.838 -1.455
-5.732 7.271
-0.331 -9.754
7.304 6.234
-9.401 0.189
6.884 -7.276
-0.899 9.349
-5.783 -7.591
9.099 1.254
-8.288 6.373
1.529 -9.982
5.280 8.921
-10.027 -3.303
9.854 -5.046
-4.400 9.875
-2.964 -10.055
9.102 4.693
-10.555 2.734
6.072 -8.910
1.427 10.318
-8.355 -6.854
10.564 0.146
-7.744 8.141
0.111 -11.607
8.130 7.877
-10.937 -1.637
8.701 -6.852
-2.460 11.617
-5.706 -9.364
11.625 3.645
-9.283 4.899
3.587 -11.210
4.448 11.037
-10.744 -4.988
10.863 -2.936
-6.052 9.015
-1.636 -11.264
9.777 7.187
-11.989 1.484
7.928 -8.840
0.485 11.833
-8.483 -8.741
11.920 1.457
-9.517 7.715
1.944 -11.950
7.463 10.537
-12.859 -2.667
11.217 -6.539
-4.307 11.845
-4.923 -11.049
11.584 5.465
-12.070 4.734
6.145 -10.715
2.782 11.893
-10.305 -6.822
12.456 -2.114
-7.959 10.041
-1.073 -12.969
9.266 9.312
-12.518 -0.401
9.738 -8.631
-1.393 13.014
-6.918 -10.759
13.169 2.680
-11.271 7.304
3.345 -13.007
6.391 12.490
-12.750 -4.472
12.010 -4.261
-5.864 12.650
-4.077 -12.557
11.554 7.226
-13.740 2.336
8.525 -11.315
1.738 14.255
-10.569 -8.696
13.762 -0.904
-9.727 10.032
0.705 -13.510
8.809 11.744
-14.196 -1.397
11.576 -8.348
-3.551 14.221
-6.565 -12.990
13.225 4.469
-12.948 6.455
5.609 -13.574
4.213 13.442
-12.844 -6.464
14.423 -3.098
-8.158 12.664
-2.511 -14.127
11.584 9.141
-15.528 1.130
10.192 -10.706
-0.633 15.339
-8.850 -11.060
14.900 2.224
-12.131 9.505
2.153 -14.476
7.973 13.398
-14.748 -4.271
13.069 -6.399
-5.429 14.423
-5.922 -14.708
14.486 7.428
-14.250 4.198
7.822 -12.985
2.902 15.563
-12.032 -9.726
15.362 -1.573
-10.736 11.843
-0.019 -15.152
10.514 10.676
-16.469 -1.234
12.514 -9.830
-2.348 15.804
-9.229 -12.845
15.416 4.019
-14.140 8.113
4.417 -14.934
6.616 15.087
-14.611 -6.786
15.907 -5.277
-7.553 14.396
-3.747 -15.891
13.295 9.622
-15.573 2.921
10.559 -12.536
0.905 16.365
-12.809 -11.307
16.305 0.958
-12.507 11.261
1.378 -16.302
10.348 13.326
-16.604 -3.090
15.015 -8.892
-5.067 16.194
-7.805 -14.337
14.878 5.660
-15.023 6.087
6.950 -15.608
4.867 16.055
-13.966 -8.632
16.544 -3.602
-10.734 13.655
-1.079 -17.391
12.578 11.745
-17.543 0.964
13.422 -11.353
-1.770 17.531
-10.628 -13.963
16.991 3.030
-14.835 9.767
3.798 -16.675
8.674 15.081
-16.283 -6.253
15.787 -7.236
-6.844 16.018
-5.500 -16.789
15.361 9.079
-17.298 3.075
10.960 -15.039
2.019 18.525
-14.389 -12.244
17.283 -0.560
-12.883 13.036
0.565 -18.417
12.179 13.511
-18.394 -2.779
15.384 -10.826
-3.974 17.844
-8.987 -15.610
17.396 4.792
-16.153 7.542
7.243 -17.687
7.363 17.202
-15.808 -8.535
18.036 -5.292
-9.951 16.485
-2.842 -17.389
14.835 10.815
-19.366 1.256
12.363 -13.854
0.250 18.494
-12.968 -13.871
19.371 2.128
-14.780 11.962
2.863 -19.159
9.894 16.672
-18.528 -5.211
16.798 -9.674
-6.394 18.698
-6.988 -17.655
17.068 8.524
