-1.930 -0.089
1.047 -1.095
0.320 1.227
-0.832 -1.519
2.051 0.891
-3.018 1.394
0.862 -2.996
1.794 3.173
-3.080 -1.449
3.497 -1.753
-1.195 3.244
-1.509 -3.364
3.473 2.002
-4.573 0.455
2.633 -4.067
0.279 4.185
-3.716 -3.175
5.933 -0.107
-3.883 3.702
-0.124 -5.440
3.591 3.772
-6.053 -0.857
4.255 -3.398
-1.837 5.941
-3.290 -5.477
5.575 2.432
-5.299 2.040
1.975 -5.714
1.578 5.496
-5.596 -3.502
5.641 -1.934
-3.659 5.828
-1.379 -6.736
5.364 4.217
-7.415 1.083
4.319 -5.174
-0.346 7.441
-5.114 -5.475
7.873 1.129
-6.465 5.151
1.452 -7.995
3.368 6.657
-7.158 -2.558
6.657 -3.676
-2.863 7.601
-2.831 -7.792
7.119 3.637
-7.000 2.804
3.564 -7.426
1.236 8.271
-6.844 -4.822
8.624 -0.521
-5.605 6.728
-0.261 -8.406
5.631 5.981
-8.206 -0.575
6.793 -5.441
-1.333 8.965
-4.586 -7.301
9.446 2.144
-8.263 4.127
3.643 -9.253
3.446 8.593
-8.621 -4.575
9.046 -3.224
-4.522 8.244
-2.876 -9.595
7.656 5.440
-9.463 1.229
5.623 -7.263
1.393 10.362
-7.891 -6.301
10.366 -0.130
-7.862 7.046
0.537 -11.058
6.368 8.737
-10.195 -2.443
8.605 -5.551
-2.892 10.513
-4.697 -9.705
9.656 3.906
-10.107 3.826
5.393 -9.085
3.197 10.771
-10.007 -5.882
10.881 -3.121
-6.871 8.666
-1.602 -10.958
8.844 7.923
-10.962 0.279
8.955 -8.261
-0.381 10.490
-7.930 -8.698
11.785 1.646
-9.680 6.828
2.870 -10.881
4.798 9.741
-10.580 -4.196
11.104 -4.893
-4.690 11.133
-3.711 -11.279
10.500 5.478
-11.806 2.997
7.205 -9.607
1.944 12.097
-9.391 -7.642
12.855 -1.217
-8.722 9.818
-0.077 -12.983
8.122 9.638
-12.032 -1.240
10.512 -7.317
-1.912 12.823
-6.226 -10.668
11.696 3.517
-11.051 5.532
4.376 -11.851
4.737 11.905
-11.778 -5.535
12.692 -3.391
-6.588 10.652
-2.628 -12.744
10.587 7.695
-12.775 0.634
8.888 -10.080
0.713 13.412
-9.608 -9.384
14.013 0.686
-10.232 8.824
2.293 -12.536
8.044 11.389
-12.918 -2.725
12.024 -6.414
-4.824 13.075
-5.559 -13.030
13.224 5.599
-12.807 4.828
6.077 -12.380
3.848 13.433
-11.360 -7.345
14.572 -1.783
-8.287 11.610
-1.466 -14.196
10.558 10.167
-14.534 -0.784
10.467 -9.237
-0.859 14.442
-8.971 -11.629
13.753 3.048
-12.006 7.912
4.504 -14.047
6.912 13.385
-13.498 -4.865
13.699 -5.486
-6.761 14.025
-4.200 -14.173
12.982 8.195
-13.999 2.159
9.355 -11.808
2.193 15.254
-11.476 -9.082
15.589 -0.233
-11.054 10.656
0.967 -14.519
9.797 11.896
-15.702 -2.198
13.661 -8.856
-3.464 14.446
-7.358 -13.253
14.938 5.242
-14.429 5.582
6.294 -14.102
4.915 15.211
-13.145 -7.537
14.496 -3.793
-9.279 13.662
-2.284 -15.748
12.530 9.913
-15.736 1.597
11.169 -11.361
-0.015 16.302
-10.744 -11.273
16.376 1.785
-13.167 9.284
3.355 -16.420
8.715 13.723
-15.644 -4.673
14.969 -6.729
-5.231 14.956
-5.604 -15.403
14.638 7.373
-16.187 5.468
8.959 -13.657
3.527 16.456
-13.445 -9.322
16.711 -2.328
-10.956 12.854
-0.223 -17.449
11.513 12.465
-16.319 -0.381
12.323 -10.077
-2.211 16.057
-10.066 -13.805
16.344 3.784
-14.445 7.804
5.124 -16.138
6.487 16.112
-15.615 -7.734
16.452 -5.049
-7.909 15.689
-3.151 -17.295
14.316 10.274
-17.403 2.253
11.096 -13.219
1.072 17.730
-12.562 -11.605
17.397 -0.002
-13.538 10.998
1.596 -17.293
10.475 13.918
-17.296 -3.601
15.528 -8.791
-5.957 16.529
-7.574 -16.998
17.066 7.484
-17.787 6.370
8.130 -15.261
4.879 17.667
-15.684 -9.671
17.784 -3.823
-11.578 14.560
-1.717 -18.733
13.488 12.340
-18.013 0.010
12.826 -12.692
-1.514 17.762
-11.722 -15.096
18.583 2.192
-15.279 9.449
4.403 -18.274
9.330 16.844
-16.491 -6.205
16.771 -7.469
-8.565 17.414
-5.847 -17.623
16.158 9.002
-18.490 4.328
11.501 -15.732
3.002 18.776
-15.182 -12.033
19.384 -0.266
-13.753 13.465
-0.013 -19.385
13.022 14.864
-18.789 -2.743
15.898 -10.547
