13.32116, -9.28478
16.24057, -6.87175
18.61623, -1.44015
19.28244, 0.91742
16.89836, -0.71842
17.30415, 2.44365
15.77906, 3.33374
15.38078, 0.84883
18.64887, -5.56022
14.53724, -6.34260
14.89234, -4.60803
12.34805, -2.41173
11.36086, -4.16651
12.92457, -5.32947
10.71772, -7.32261
13.01149, -7.28702
13.93218, 6.77657
15.05302, 8.19297
11.13507, 8.81882
12.30920, 6.13770
9.21208, 8.95051
10.28619, 6.64479
11.65464, 4.33143
14.00000, 3.42455
13.43416, 1.47503
13.17280, -0.28263
14.17948, -1.80370
16.38640, -2.49095
16.90664, -4.88480
17.41686, 4.76169
15.58096, 5.29419
16.82712, 8.72186
8.78918, -0.44619
9.16633, -2.31773
11.06756, -0.83826
9.70882, -5.01625
7.58494, -3.09469
6.78871, -1.24486
5.63160, -2.70143
2.90317, -3.03035
10.57779, 0.98060
11.61376, 2.42658
9.70448, 4.79147
8.68041, 3.25133
6.88366, 3.23254
5.15393, 2.49571
8.20141, 1.25260
5.37315, 0.30660
10.81932, 15.66738
9.14745, 15.12408
10.89409, 12.22627
9.11637, 12.99590
6.84324, 11.30496
7.31661, 9.65752
9.38107, 11.20689
11.93059, 10.44943
3.00448, -4.88566
5.70975, -4.77568
7.50626, -5.11891
6.71135, -8.04902
7.97720, -6.83753
13.52070, 11.23649
15.85004, 10.61901
12.28145, 13.22431
3.51943, 5.04560
3.50991, 3.03357
5.87675, 4.73361
5.68258, 13.22266
7.25714, 14.68116
6.72137, 16.34613
5.00842, 16.70218
3.61396, 18.10798
7.40108, 6.12189
7.70969, 7.86580
5.23224, 6.42187
5.18938, 9.15395
2.53823, 9.48137
3.05107, 6.98421
1.29512, 6.50330
1.06378, 3.22478
-0.93422, 11.75553
-2.22249, 8.37016
-3.88331, 10.08909
-5.02187, 8.62750
-3.73712, 7.41900
-1.73811, 6.19294
-1.40346, 3.44144
0.23674, 4.90337
3.46718, 14.77487
2.37987, 13.33469
2.53755, 11.39051
4.01397, 12.42772
4.14463, 10.61867
-0.50361, 7.51160
1.17360, 8.30665
0.78908, 10.11207
-3.54541, 11.87426
-0.28870, 13.43869
0.83540, 12.08906
-5.70270, 12.97456
-4.66708, 14.44135
-7.41563, 14.61570
-7.27777, 17.15166
-8.85771, 16.31008
1.19376, 14.59804
2.36260, 16.23669
1.56074, 19.36748
0.09944, 17.14301
-3.05707, 18.89743
-0.87446, 15.56649
-3.24720, 16.80031
-2.36868, 14.47908
-11.23354, 9.22277
-9.94529, 12.41853
-12.58498, 12.06656
-13.71222, 10.65045
-14.14960, 13.23754
-16.37958, 9.23234
-14.24658, 8.77477
-9.88040, 5.32688
-10.49025, 14.08421
-12.49207, 14.02561
-7.50934, 12.77627
-7.50463, 10.57886
-5.66907, 10.42779
-10.68837, 6.85583
-9.40898, 8.91742
-9.34623, 10.76021
-17.20083, 0.86757
-14.97922, 1.23202
-13.36870, 0.39453
-12.85547, -4.42960
-15.76841, -3.96291
-12.48958, -2.71316
-13.87151, -1.36511
-15.90244, -0.42390
-11.88651, 1.27486
-13.18623, 4.00904
-13.35814, 6.30961
-14.56375, 5.01582
-15.30757, 7.25967
-16.70009, 4.43495
-16.04769, 2.73761
-19.35847, 2.33069
-3.96939, 5.61819
-5.96889, 5.91199
-6.89496, 8.66561
-8.40156, 7.15152
-11.65849, 4.90164
-10.25621, 2.26607
-9.21032, 3.66973
-5.48528, 2.45410
-15.72650, -2.15768
-18.00175, -0.72858
-18.56977, -4.43939
-16.99239, -5.35690
-16.83644, -7.19205
-15.06877, -6.35806
-3.84178, 3.82178
-6.81975, 4.37223
-11.10033, -4.80435
-8.50180, -4.43170
-9.62425, -5.84928
-10.74103, -11.24679
-9.58696, -8.56190
-11.20239, -9.46167
-11.08541, -6.94967
-13.36411, -6.27778
-7.21550, -2.34400
-5.35971, -0.76519
-6.70592, 0.38843
-8.59476, -1.24680
-7.85260, 2.47498
-9.12523, 0.85455
-12.12294, -0.95033
-9.88305, -2.47842
-0.53154, 1.65073
-2.75262, 1.45148
-1.46643, -0.01126
-4.70436, 0.85206
-3.64010, -1.35553
-0.67769, -2.10822
1.14519, -3.44582
3.25497, -1.32175
-12.62874, -8.01230
-14.87806, -8.57424
-14.87312, -10.40962
-13.04928, -10.67336
-13.36770, -13.99207
0.75926, -1.02555
3.14124, 1.28536
1.30292, 1.47407
-6.75987, -9.76803
-3.67819, -9.74566
-3.09406, -11.43101
-6.31451, -14.51296
-4.83490, -13.45979
-5.33547, -10.95737
-7.08470, -12.12980
-9.02833, -10.73558
-0.87513, -3.85503
-1.98848, -5.70834
-4.09551, -4.27881
-5.22934, -2.82105
-4.48476, -6.53901
-6.22606, -5.97322
-7.10899, -7.48440
-4.84747, -8.35970
2.60380, -7.01172
0.33429, -5.19426
-0.55597, -6.78516
-2.16323, -7.68763
0.57882, -8.14432
-1.20681, -9.26532
2.10837, -10.58637
3.89855, -10.12007
-9.80346, -13.20508
-11.83034, -12.75536
-11.02171, -15.08437
-8.31981, -14.49232
-6.12290, -17.59222
5.76409, -9.65685
3.96871, -8.39577
5.22631, -6.52115
-2.16045, -17.49154
-0.09212, -18.27897
-1.23197, -15.89868
7.44305, -15.69109
7.82683, -13.93306
5.52097, -11.56474
5.14406, -14.18891
2.89777, -13.63581
1.33050, -16.95151
0.28882, -14.62578
1.53273, -12.50217
-0.22239, -11.88701
-1.55349, -12.96532
-2.79837, -15.08591
-4.52166, -15.71641
-4.35863, -17.97267
9.37970, -9.64272
7.54207, -9.63444
7.27120, -11.94803
9.72160, -11.94528
9.67328, -13.76884
9.65775, -15.59318
11.73434, -14.92221
12.33863, -12.83054
4.18080, -15.71055
2.08289, -15.28060
3.09676, -17.16198
2.05000, -19.66671
6.03553, -18.29382
14.10325, -10.95784
11.98453, -11.09208
11.17411, -9.19067
