-0.337 -1.903
1.298 0.781
-1.127 0.582
1.299 -1.146
-0.418 2.197
-2.024 -2.638
3.113 0.182
-2.701 2.448
0.736 -3.323
2.479 3.026
-3.428 -0.453
2.949 -2.211
-1.190 3.828
-1.450 -4.361
4.546 1.674
-4.021 1.192
2.280 -4.323
1.409 5.764
-4.465 -2.974
5.279 -1.317
-2.890 4.332
-0.495 -6.093
4.250 3.404
-6.200 -0.485
4.620 -4.413
-1.147 5.974
-3.155 -4.721
6.008 0.671
-5.015 2.748
2.186 -6.229
3.126 5.078
-6.490 -2.288
6.269 -2.826
-2.934 6.160
-2.687 -6.995
5.997 3.076
-7.335 1.298
4.216 -6.192
0.629 7.928
-6.447 -5.175
8.119 -0.341
-5.754 4.750
0.922 -7.545
5.050 5.686
-8.044 -1.122
6.979 -4.474
-1.983 7.744
-4.275 -6.212
8.028 1.844
-7.797 3.024
3.200 -7.736
2.404 8.298
-7.795 -3.989
8.143 -2.103
-4.597 6.809
-1.243 -8.132
6.801 5.431
-9.039 0.670
6.114 -6.079
-0.015 9.686
-5.843 -7.154
9.828 1.519
-7.625 5.251
2.568 -9.416
5.134 8.115
-9.037 -2.599
8.728 -4.915
-3.624 8.665
-3.280 -8.961
8.322 3.889
-9.802 3.637
4.412 -9.083
2.406 10.084
-8.602 -6.121
10.905 -1.907
-7.123 8.133
0.142 -10.482
7.307 7.174
-10.892 -0.510
8.435 -6.716
-1.688 10.278
-5.955 -9.018
10.049 3.264
-9.805 5.486
3.538 -11.055
5.437 9.929
-9.964 -4.798
10.338 -3.972
-5.785 10.370
-2.682 -10.633
10.027 6.919
-10.317 1.935
6.742 -9.648
0.985 11.858
-8.789 -7.942
11.245 0.407
-8.448 6.822
1.768 -11.244
7.215 9.756
-11.892 -2.128
10.187 -6.100
-3.036 11.447
-5.519 -10.858
10.956 4.917
-11.373 4.556
5.391 -10.841
4.013 12.273
-11.495 -6.350
12.649 -2.930
-7.617 10.042
-1.435 -12.011
9.450 8.646
-12.930 0.954
9.039 -8.419
-0.859 12.183
-7.826 -9.564
12.524 1.664
-10.572 7.238
2.810 -12.706
6.098 11.636
-11.840 -4.085
11.854 -5.366
-5.179 12.020
-3.427 -12.323
11.787 6.454
-12.927 3.644
7.042 -11.436
2.412 13.821
-10.857 -8.042
12.733 -0.519
-9.342 10.351
-0.181 -13.201
8.900 10.320
-13.816 -1.832
11.489 -8.288
-2.555 14.131
-7.525 -11.433
13.413 3.206
-12.258 6.707
4.668 -12.697
4.943 13.824
-13.148 -5.532
13.527 -4.551
-7.597 12.535
-2.430 -14.351
11.312 8.180
-14.278 2.337
9.372 -11.308
0.050 14.086
-10.358 -9.973
14.694 1.305
-11.538 9.685
1.779 -14.237
8.363 12.157
-15.168 -3.512
12.902 -7.213
-5.141 14.466
-5.184 -13.182
13.576 6.531
-14.399 5.493
6.337 -13.192
3.655 15.156
-12.826 -8.441
14.377 -2.249
-9.451 12.173
-1.308 -15.801
11.642 11.380
-14.854 -0.203
11.312 -10.091
-1.829 15.725
-8.618 -12.849
15.141 3.040
-13.758 8.139
4.463 -14.480
6.887 13.307
-15.368 -6.049
14.861 -5.690
-6.916 14.403
-5.017 -15.000
13.538 8.398
-15.906 3.569
8.635 -12.960
1.859 16.368
-11.951 -10.804
16.756 -0.337
-11.472 11.519
1.120 -16.289
9.855 13.123
-15.740 -1.815
13.794 -8.853
-3.974 15.901
-8.892 -14.588
15.292 5.737
-15.278 7.058
6.138 -15.166
5.945 15.790
-14.948 -7.862
16.973 -4.054
-9.629 13.971
-3.216 -16.004
12.539 9.806
-16.151 1.373
11.254 -12.855
-0.098 16.776
-10.789 -12.376
16.870 1.451
-14.292 9.870
4.112 -16.933
8.543 14.939
-17.044 -4.267
16.179 -6.876
-6.875 16.224
-6.023 -16.482
15.336 7.919
-17.060 4.944
8.559 -14.806
3.827 16.971
-13.705 -10.789
17.221 -2.244
-11.275 13.278
-0.290 -17.665
11.989 13.215
-17.434 -2.178
14.917 -11.125
-3.549 18.294
-10.125 -15.951
16.675 4.576
-16.162 8.644
5.986 -17.426
7.639 16.508
-16.749 -8.094
17.897 -5.793
-9.073 15.871
-3.969 -17.570
15.201 9.722
-17.661 2.428
12.149 -14.754
1.947 18.610
-12.577 -12.828
18.795 0.278
-14.381 12.805
2.427 -17.452
10.974 14.719
-18.871 -4.526
15.907 -9.579
-5.230 17.741
-8.287 -17.086
17.875 7.761
-17.656 7.057
8.401 -17.456
4.521 18.852
-16.159 -10.456
18.907 -4.274
-11.637 15.971
-1.455 -18.932
13.784 13.190
