-15.25608, -5.55990
-14.96053, -9.33592
-11.88269, -14.40277
-10.33692, -16.30345
-10.30442, -13.41229
-7.95070, -15.56250
-6.34554, -14.82655
-8.14956, -13.07186
-15.27229, -12.06041
-13.54818, -8.24661
-12.33323, -9.53452
-9.07335, -8.71579
-9.94139, -6.89912
-11.79200, -7.50976
-12.15373, -4.55816
-13.44355, -6.45527
-2.46683, -15.29518
-1.95249, -17.02662
0.81239, -14.18102
-2.05629, -13.59998
2.02586, -12.68345
-0.47818, -12.23643
-3.15772, -12.02584
-5.24828, -13.42323
-6.51792, -11.83931
-7.80566, -10.61480
-9.62898, -10.56380
-11.46024, -11.97421
-13.71791, -11.02338
-6.11901, -16.98760
-4.62769, -15.79175
-2.53990, -18.78222
-5.41888, -6.93431
-7.16694, -6.16672
-7.04972, -8.57292
-9.68667, -5.05889
-6.89330, -4.42615
-4.92202, -4.83838
-5.44837, -3.05416
-4.14862, -0.63276
-5.28001, -9.21806
-4.69267, -10.89710
-1.65999, -10.69484
-2.33120, -8.97141
-1.31344, -7.49060
-0.92167, -5.65174
-3.69104, -7.43023
-2.83875, -4.57234
6.59709, -17.86064
7.11393, -16.18041
3.73876, -15.94316
5.39064, -14.93127
5.31425, -12.09921
3.69420, -11.53921
3.77475, -14.11914
1.68904, -15.76948
-5.72480, 0.35116
-7.19036, -1.92539
-8.50418, -3.19785
-10.44436, -0.86266
-10.18106, -2.59493
1.41866, -17.52299
-0.42591, -19.07369
3.75757, -17.65212
2.10436, -5.78067
0.46370, -4.61595
0.49365, -7.52991
7.55060, -12.25231
7.83849, -14.37917
9.50876, -14.89820
10.78502, -13.70148
12.73700, -13.36895
0.75296, -9.57531
2.00229, -10.83056
2.24548, -7.97336
4.50538, -9.50926
6.29769, -7.52849
3.95975, -6.51218
4.57597, -4.79904
2.02668, -2.72460
10.15496, -5.99516
8.12599, -2.99455
10.48731, -2.62415
9.94619, -0.85222
8.21871, -1.20844
6.06618, -2.13894
3.62261, -0.83061
3.87556, -3.01315
10.09441, -11.33230
9.54133, -9.61460
7.86004, -8.62570
7.85968, -10.43004
6.30447, -9.49672
6.43519, -3.90718
6.12126, -5.73654
7.81946, -6.46008
11.75356, -3.92709
11.16087, -7.49112
9.41030, -7.63475
13.89421, -2.79478
14.49878, -4.48549
16.22185, -2.33701
18.21738, -3.90799
18.43732, -2.13144
11.25697, -9.37062
11.92554, -11.26914
14.94806, -12.41332
13.96837, -9.93867
17.21876, -8.36499
13.23854, -8.23537
15.61233, -7.00357
13.20806, -6.38762
14.00495, 3.88758
15.87881, 0.99602
17.10869, 3.35806
16.59826, 5.09458
18.96638, 3.96484
16.97178, 8.09231
15.37093, 6.61030
10.03947, 5.02066
17.55494, 0.48410
18.65806, 2.15558
14.77081, -1.20266
12.97030, 0.05701
11.79124, -1.35789
11.75497, 4.80255
12.70600, 2.57040
14.17760, 1.45944
10.60037, 13.57400
9.62110, 11.54683
8.00986, 10.71074
3.76788, 13.06474
5.82466, 15.17962
4.96180, 11.77842
6.85932, 12.13392
8.79717, 13.25433
7.87783, 8.99189
10.86215, 8.48309
12.84321, 7.30090
12.47792, 9.03121
14.74143, 8.34954
13.23110, 11.11305
11.46728, 11.55527
13.03808, 14.49797
6.87894, 0.01706
8.26903, 1.48402
11.05440, 0.65834
10.68195, 2.76158
10.71397, 6.71992
7.75135, 7.08811
8.29838, 5.42531
5.16189, 3.07666
7.27752, 14.10731
9.75501, 15.14706
7.04563, 17.74553
5.38797, 16.98256
3.79687, 17.91019
3.46278, 15.98442
5.33583, 0.94561
7.49853, 3.06552
2.45207, 11.84426
1.26278, 9.50399
0.74841, 11.23744
-3.02541, 15.25473
-1.49236, 12.76670
-1.29963, 14.60574
0.68830, 13.06562
2.54827, 14.54360
2.23121, 7.25117
2.45582, 4.82503
4.17373, 5.26309
3.92197, 7.74872
6.54019, 5.00148
5.94620, 6.97444
6.19324, 10.46482
3.65509, 9.51092
1.65618, -0.51430
2.77030, 1.41744
0.83400, 1.20623
3.40214, 3.35893
0.98405, 3.75758
-1.33516, 1.76669
-3.47769, 1.04443
-2.95301, -1.90304
0.70633, 14.93931
1.53996, 17.10272
0.03550, 18.15403
-1.22900, 16.81350
-3.76110, 18.98229
-1.27563, -0.03149
-0.75461, -3.30910
0.45682, -1.91358
-4.10476, 11.14725
-5.85843, 8.61312
-7.57317, 9.10429
-8.24290, 13.51125
-8.23203, 11.69512
-5.89684, 10.66576
-5.85025, 12.77104
-3.59197, 13.55954
-2.65079, 2.93265
-3.52689, 4.90920
-1.14577, 5.81108
0.69885, 5.90050
-2.77113, 7.42917
-1.30697, 8.52848
-2.03565, 10.11979
-4.05216, 8.77283
-7.23384, 1.90148
-4.44191, 2.71323
-5.23160, 4.35637
-5.04577, 6.19027
-6.99610, 4.20947
-6.88650, 6.31496
-9.87356, 4.36226
-10.52142, 2.62950
-5.16670, 15.61369
-3.63328, 17.01339
-6.00373, 17.69100
-7.07295, 15.14001
-10.87237, 15.12507
-11.21513, 0.83685
-9.15103, 1.58061
-8.34044, -0.52621
-13.06842, 11.82530
-14.90197, 10.58587
-12.29912, 10.14976
-17.11746, 2.93293
-15.89980, 1.60806
-12.63627, 2.13281
-14.56652, 3.95009
-12.82237, 5.46985
-14.63392, 8.65866
-12.13215, 8.17360
-11.10998, 5.93481
-9.59748, 7.01705
-9.71431, 8.72612
-10.73346, 10.96397
-10.25840, 12.73641
-12.19810, 13.90039
-13.28257, -2.12938
-12.21914, -0.63069
-13.95626, 0.92125
-15.36300, -1.08513
-16.82716, 0.00296
-18.31081, 1.06468
-18.95591, -1.02009
-17.59208, -2.71722
-15.25757, 5.61313
-13.69949, 7.08231
-15.82172, 7.33462
-17.26908, 9.63125
-18.43754, 5.58107
-17.07460, -5.23775
-15.96615, -3.42714
-13.94452, -3.85741
