-1.560 -1.140
1.477 -0.335
-0.410 1.200
0.145 -1.726
1.219 1.875
-3.286 -0.503
2.373 -2.023
-0.255 3.636
-1.768 -2.908
3.884 0.468
-2.787 2.045
0.598 -3.638
1.791 3.587
-4.065 -2.144
4.440 -1.938
-2.077 3.644
-1.347 -4.698
5.006 3.185
-5.281 0.944
2.899 -4.605
0.912 5.128
-4.574 -4.055
5.423 -0.485
-4.811 3.941
0.280 -6.383
3.307 5.105
-5.545 -1.223
4.801 -3.674
-1.718 5.454
-2.733 -6.009
5.771 1.501
-6.268 2.841
2.568 -6.378
2.146 6.477
-6.781 -3.189
6.457 -1.931
-4.395 6.014
-1.243 -7.388
5.942 5.287
-8.235 0.727
5.624 -5.866
-0.866 7.411
-4.557 -6.084
7.580 0.608
-6.583 4.758
1.940 -8.060
3.929 6.962
-7.385 -1.525
7.071 -4.226
-3.535 7.579
-3.045 -7.799
7.479 4.325
-8.387 2.517
4.422 -7.154
1.395 8.096
-6.526 -5.008
8.668 -0.788
-6.060 6.740
0.206 -8.620
6.693 7.001
-9.169 -1.119
8.145 -5.706
-1.870 9.068
-4.663 -8.573
9.322 2.304
-8.322 4.379
2.897 -9.589
3.382 8.762
-8.570 -4.198
8.698 -2.953
-4.557 9.410
-3.102 -9.610
8.716 5.613
-10.445 1.536
6.551 -8.924
0.488 10.800
-7.153 -7.664
10.240 0.121
-8.214 7.171
1.440 -10.685
5.896 8.586
-10.540 -2.388
9.512 -4.600
-3.280 10.746
-5.098 -10.428
10.796 3.403
-10.512 3.434
4.712 -10.022
3.002 11.489
-9.295 -5.818
12.026 -1.946
-6.107 8.537
-1.812 -11.630
8.919 7.877
-11.840 0.351
8.398 -7.489
-1.375 10.771
-6.506 -9.339
11.960 2.048
-10.056 6.695
3.131 -11.454
5.732 10.363
-11.499 -4.017
11.311 -4.035
-5.056 11.160
-3.613 -11.556
11.391 6.081
-12.692 3.373
7.102 -10.869
1.453 12.520
-9.349 -7.675
12.805 -0.300
-8.672 9.638
0.697 -12.332
7.812 9.388
-12.269 -1.486
10.191 -7.467
-2.621 12.542
-6.766 -11.116
12.455 4.177
-11.373 5.247
4.842 -12.078
4.582 12.260
-11.003 -6.522
12.975 -3.500
-6.807 11.577
-2.833 -13.128
11.307 8.306
-13.403 1.710
8.831 -9.188
0.421 13.937
-9.268 -9.403
13.566 1.288
-11.240 8.241
2.556 -13.934
7.937 11.968
-13.344 -3.043
11.900 -6.970
-4.205 13.325
-5.419 -12.395
13.135 6.556
-13.319 5.108
6.613 -12.647
3.192 14.306
-11.687 -8.676
13.826 -1.925
-8.687 11.569
-1.062 -14.648
9.786 10.132
-14.379 -0.029
11.509 -9.228
-1.624 14.976
-8.570 -11.507
14.451 2.986
-13.379 7.963
4.320 -14.136
6.302 13.999
-12.865 -5.927
14.319 -4.683
-6.591 13.931
-4.556 -13.908
13.128 8.409
-15.100 2.784
8.820 -11.574
1.604 15.327
-11.881 -10.499
16.279 0.155
-10.862 10.135
1.180 -15.113
9.564 12.616
-15.113 -3.309
13.032 -8.285
-4.297 15.397
-6.801 -13.540
14.181 4.838
-15.278 6.271
6.788 -14.392
4.977 15.182
-14.003 -7.353
15.584 -3.309
-9.010 13.585
-2.737 -15.331
12.671 10.528
-16.103 0.474
11.861 -11.841
-0.307 16.254
-10.466 -12.531
16.196 2.650
-12.617 9.584
3.828 -15.937
8.137 14.227
-16.515 -4.375
15.008 -6.444
-6.142 15.669
-6.067 -15.194
15.220 7.282
-16.231 4.672
9.445 -14.674
2.720 16.749
-13.398 -9.325
15.838 -1.601
-10.707 12.170
-0.774 -17.068
11.541 12.177
-16.353 -1.465
13.180 -10.629
-3.484 17.016
-8.752 -15.067
16.506 4.870
-15.255 8.717
6.918 -16.161
6.267 16.468
-15.755 -7.727
16.549 -4.899
-8.892 15.376
-4.070 -16.611
14.508 9.600
-17.359 1.699
10.876 -13.539
1.053 17.387
-12.436 -12.549
17.800 1.240
-14.091 10.495
3.066 -18.355
10.100 15.660
-18.348 -4.505
15.203 -8.239
-5.683 17.425
-7.741 -16.721
16.939 6.628
-17.691 5.751
8.908 -16.569
4.436 17.735
-15.026 -9.934
17.701 -3.504
-11.066 13.976
-1.443 -19.058
14.286 12.084
-17.956 -0.554
13.758 -12.808
-1.516 19.196
-10.327 -14.276
18.108 3.028
-16.754 9.795
4.851 -17.923
8.505 16.425
-17.807 -6.596
18.273 -6.771
-7.859 17.314
-6.019 -18.413
16.311 10.477
-18.900 3.637
10.688 -16.172
2.655 19.582
-14.154 -12.658
19.078 -0.021
