-1.509 1.207
0.064 -1.513
1.051 0.710
-1.628 -0.592
2.129 -0.684
-1.347 3.039
-1.330 -2.820
3.442 1.200
-3.270 0.944
1.470 -3.625
1.243 3.226
-3.354 -1.531
3.931 -0.788
-3.135 3.360
-0.706 -4.793
2.972 2.960
-4.887 0.068
4.386 -3.996
-0.474 5.344
-3.684 -4.005
5.187 0.464
-5.113 3.351
0.954 -5.361
2.542 5.676
-6.086 -1.944
5.794 -1.853
-2.634 5.030
-2.287 -5.596
4.813 3.088
-6.516 1.062
2.962 -5.176
1.098 6.793
-5.482 -4.151
6.813 -0.373
-4.856 5.708
-0.170 -6.738
4.651 5.818
-7.455 -0.738
6.660 -4.348
-1.458 8.137
-4.186 -6.965
6.924 2.778
-7.066 2.802
2.575 -7.155
2.866 7.600
-7.269 -3.985
7.748 -1.966
-3.408 6.727
-2.224 -7.932
6.387 5.398
-8.324 0.894
6.135 -6.083
0.229 8.754
-5.744 -6.143
8.178 0.777
-6.544 4.984
1.513 -8.571
4.915 7.615
-8.264 -2.458
8.511 -4.624
-3.484 8.554
-3.371 -9.356
8.260 4.182
-9.496 2.252
4.668 -8.392
2.044 9.179
-8.494 -5.310
9.342 -0.966
-6.298 7.169
-0.569 -9.168
7.886 6.865
-10.087 0.474
7.702 -6.939
-1.256 10.482
-6.894 -8.662
10.550 2.361
-9.271 4.893
2.801 -9.850
4.766 9.807
-9.934 -4.191
9.832 -3.438
-5.067 9.545
-1.945 -10.385
9.511 5.982
-11.400 2.186
6.115 -9.527
0.557 11.045
-8.436 -7.175
11.874 0.115
-8.052 7.444
1.275 -12.116
6.637 8.132
-11.698 -1.301
9.940 -6.541
-2.766 11.518
-5.025 -10.068
10.034 4.151
-10.718 3.830
5.112 -11.005
3.824 11.459
-10.232 -6.024
11.504 -2.814
-6.891 10.044
-0.928 -11.973
9.444 7.805
-12.099 0.457
8.854 -9.398
-0.073 13.132
-8.627 -9.703
12.463 1.880
-9.858 7.010
3.068 -12.435
7.027 10.896
-11.718 -3.906
11.108 -5.077
-4.651 11.450
-4.534 -11.792
11.416 5.818
-12.501 3.615
7.297 -10.924
2.082 12.351
-10.386 -7.840
13.033 -1.207
-9.179 8.908
0.024 -13.439
9.388 9.605
-13.412 -0.708
10.980 -8.734
-1.864 13.382
-6.551 -10.931
13.560 3.248
-11.504 6.479
4.800 -12.754
5.005 13.007
-12.777 -6.120
13.630 -4.521
-6.435 12.080
-3.606 -13.312
11.756 7.552
-13.382 1.979
9.771 -10.957
1.437 14.192
-10.471 -9.698
14.642 0.670
-11.437 9.003
1.767 -13.848
8.887 11.417
-14.414 -2.816
12.344 -6.787
-3.798 13.868
-5.888 -13.526
14.027 5.494
-13.352 5.253
6.670 -13.163
4.177 14.998
-12.509 -7.875
15.162 -2.411
-9.093 10.861
-0.765 -15.046
11.715 10.013
-14.616 0.751
11.557 -10.464
-1.272 15.301
-8.856 -11.546
15.212 2.471
-13.247 8.712
4.418 -15.669
6.932 13.139
-14.275 -5.101
14.682 -5.921
-7.156 13.717
-4.579 -14.748
13.732 8.183
-14.850 3.013
8.387 -12.417
2.046 16.388
-12.109 -10.324
15.956 -0.822
-10.768 11.585
0.893 -15.907
10.748 12.257
-15.512 -1.378
13.481 -9.467
-3.764 15.664
-8.317 -14.551
15.605 4.558
-14.837 6.814
6.804 -14.935
5.941 14.688
-14.376 -7.873
15.863 -4.122
-8.552 14.791
-2.283 -16.173
13.511 10.035
-16.253 1.871
11.018 -12.778
0.253 16.888
-11.684 -12.962
16.876 1.766
-12.511 10.484
2.607 -15.704
8.937 13.523
-16.674 -3.728
14.776 -7.944
-5.701 15.396
-6.801 -15.506
15.507 7.823
-16.835 4.495
9.027 -14.652
4.413 17.007
-13.782 -10.913
17.535 -1.730
-11.587 13.178
-0.389 -17.255
12.507 12.612
-17.097 -0.427
13.068 -11.484
-2.911 17.198
-10.214 -14.045
17.055 3.543
-15.371 8.710
5.864 -16.853
6.434 16.349
-16.909 -7.771
17.761 -5.641
-9.158 16.525
-3.965 -16.831
15.326 10.053
-18.165 3.086
10.837 -14.609
0.911 18.580
-13.653 -12.940
18.278 0.369
-13.526 11.896
1.259 -18.000
10.586 14.343
-18.770 -3.604
15.407 -10.618
-5.242 17.183
-8.753 -16.635
18.127 6.496
-16.484 6.223
7.670 -16.680
5.059 18.735
-16.024 -9.380
18.080 -3.901
-11.034 15.454
-1.743 -19.409
14.648 12.124
-19.347 0.980
14.387 -12.994
-1.445 19.193
-12.803 -14.554
19.593 2.572
-15.926 10.340
4.982 -18.416
