1.818 -0.656
-0.549 1.412
-0.766 -1.011
1.350 1.085
-2.236 -0.038
2.255 -2.443
0.350 3.098
-2.872 -2.245
3.400 0.160
-2.560 2.958
-0.137 -3.455
2.681 2.530
-3.975 -0.521
4.051 -2.171
-0.876 4.765
-1.859 -3.760
4.648 1.511
-5.440 2.369
2.171 -4.906
2.196 4.978
-4.761 -2.111
5.920 -1.525
-2.631 4.767
-0.577 -6.192
5.135 3.801
-6.082 -0.113
4.115 -3.913
0.362 6.035
-3.561 -4.474
6.511 1.094
-4.472 3.945
1.150 -6.785
3.852 5.696
-6.570 -1.843
6.436 -3.838
-2.010 6.433
-2.528 -7.007
6.819 3.101
-7.705 1.970
4.002 -7.233
1.718 7.943
-5.660 -4.862
7.592 -0.376
-4.743 5.944
-0.263 -8.118
5.597 6.115
-7.969 -0.636
5.394 -5.270
-0.451 8.225
-4.307 -7.169
8.168 1.836
-7.768 3.782
2.604 -8.360
3.458 7.666
-7.492 -3.371
7.801 -2.609
-4.194 7.626
-2.199 -8.793
7.031 4.991
-9.547 1.634
6.055 -6.975
0.176 9.943
-6.472 -6.620
9.715 0.928
-7.123 6.440
1.023 -9.347
6.329 7.764
-9.155 -2.096
8.272 -4.757
-2.415 8.862
-5.253 -9.040
9.702 2.802
-9.527 4.087
4.567 -9.518
3.735 10.422
-9.227 -5.635
10.353 -1.644
-5.826 8.422
-1.352 -10.820
8.053 7.169
-10.415 0.086
7.873 -7.403
-1.506 10.458
-7.075 -8.728
11.496 1.605
-8.859 7.048
3.032 -10.635
5.674 9.511
-11.203 -3.936
10.021 -4.453
-5.112 11.059
-3.662 -9.837
10.655 5.001
-11.518 2.989
6.330 -10.012
1.513 11.151
-8.161 -7.163
11.381 -0.172
-8.386 8.770
0.073 -12.080
7.745 9.000
-11.797 -1.043
9.760 -7.287
-2.980 11.633
-6.425 -10.432
11.600 3.467
-11.411 6.043
4.301 -12.408
5.040 11.966
-11.192 -5.796
11.591 -3.459
-6.912 10.783
-3.140 -12.579
9.834 7.474
-12.152 1.227
8.093 -9.340
0.492 12.624
-8.932 -9.186
12.999 0.607
-10.428 7.990
2.010 -12.363
7.305 10.768
-12.726 -3.058
11.560 -5.475
-4.354 12.714
-5.792 -12.118
12.468 4.993
-13.209 4.729
6.077 -12.068
2.678 12.459
-11.790 -7.444
12.978 -2.426
-8.654 10.527
-0.547 -13.926
10.123 9.911
-14.360 -0.112
9.985 -9.361
-0.876 13.763
-8.695 -10.938
13.306 2.439
-12.781 7.223
3.213 -13.898
6.787 12.555
-13.645 -5.353
13.728 -4.837
-6.135 12.539
-4.733 -13.671
12.738 7.311
-13.872 2.447
8.065 -11.904
1.215 14.701
-11.508 -9.721
14.332 -0.670
-10.556 10.311
0.879 -15.544
9.304 11.486
-15.130 -2.603
12.108 -7.352
-4.125 14.489
-7.864 -13.254
14.078 4.000
-14.313 6.181
6.135 -14.075
4.663 13.784
-13.604 -7.241
15.348 -3.979
-9.232 13.409
-2.328 -14.672
11.869 9.429
-15.807 0.874
11.195 -10.679
-0.419 15.437
-10.362 -12.172
15.028 1.933
-11.941 9.052
3.345 -16.173
8.136 13.675
-15.370 -4.364
13.927 -7.497
-5.971 14.770
-6.224 -15.067
14.241 6.303
-15.813 4.618
8.612 -13.616
3.184 16.455
-13.303 -9.344
16.241 -1.669
-11.254 11.945
-0.891 -15.819
11.072 12.086
-16.345 -1.210
12.862 -11.246
-3.050 16.046
-9.556 -13.854
15.989 3.467
-14.548 8.546
5.203 -16.068
6.884 16.036
-15.406 -7.110
15.223 -5.893
-7.529 14.026
-4.102 -15.681
14.583 8.902
-16.548 2.759
10.359 -12.738
1.441 16.871
-12.159 -12.404
17.386 1.170
-13.267 10.961
1.304 -17.521
9.530 14.773
-17.157 -4.013
15.216 -8.741
-5.193 16.460
-7.775 -15.970
16.047 5.914
-16.072 6.659
8.298 -15.342
5.143 16.588
-15.003 -8.850
17.358 -3.292
-10.982 14.064
-0.821 -17.550
13.502 12.806
-18.631 -0.383
13.995 -12.692
-1.671 17.211
-11.268 -14.455
18.191 2.933
-14.967 10.337
5.125 -17.882
8.755 16.650
-17.184 -6.239
16.638 -6.902
-6.993 16.634
-5.399 -16.989
16.607 9.461
-18.007 5.087
10.500 -14.577
2.925 18.568
-15.066 -11.991
17.610 -0.579
-12.636 13.319
1.248 -19.366
12.147 14.044
-18.373 -2.134
15.426 -11.074
-4.605 18.935
-9.959 -16.197
18.631 5.307
-17.807 7.664
7.553 -17.703
7.430 17.904
-17.719 -8.749
18.408 -4.656
-10.651 15.828
