1.916 -0.250
-0.839 1.261
-0.531 -1.152
1.085 1.350
-2.176 -0.517
2.727 -1.902
-0.323 3.101
-2.323 -2.809
3.286 0.886
-3.136 2.339
0.608 -3.403
2.075 3.047
-3.770 -1.362
4.423 -1.250
-1.879 4.466
-1.008 -4.071
4.215 2.474
-5.822 1.146
3.174 -4.326
1.076 5.334
-4.197 -3.084
6.109 -0.218
-3.593 4.091
0.766 -6.172
4.199 4.815
-5.916 -1.417
4.859 -2.938
-0.943 5.972
-2.517 -5.134
6.124 2.467
-5.214 2.893
2.580 -6.380
2.539 6.390
-6.021 -3.211
7.110 -2.367
-3.345 5.851
-0.964 -7.386
5.994 4.493
-7.949 0.269
5.462 -6.205
-0.028 8.126
-4.484 -5.963
7.495 1.263
-5.909 4.787
1.486 -7.985
4.153 7.174
-7.646 -2.332
6.400 -3.988
-2.207 7.936
-2.667 -7.926
7.583 3.548
-8.399 2.025
4.338 -7.606
1.731 8.230
-6.593 -4.901
8.180 -0.873
-5.734 6.548
-0.260 -9.060
5.795 6.384
-9.676 -0.454
7.412 -5.512
-1.963 9.749
-4.899 -7.856
9.289 2.993
-8.340 4.760
3.007 -8.910
4.514 8.942
-8.491 -4.013
9.101 -2.870
-4.262 8.137
-3.189 -9.957
8.874 4.820
-10.182 1.946
6.504 -8.316
1.410 10.981
-7.801 -7.485
10.465 0.617
-7.499 6.974
1.003 -10.858
6.326 8.731
-10.191 -2.152
9.279 -5.539
-3.716 9.890
-5.036 -10.044
10.884 4.036
-10.165 4.981
5.245 -9.736
3.499 10.508
-10.097 -6.250
10.743 -2.197
-7.367 9.703
-1.465 -10.394
9.333 7.172
-11.891 0.446
8.333 -8.419
-0.917 11.215
-6.432 -8.748
11.152 2.276
-10.074 6.765
2.665 -11.783
5.632 10.453
-11.298 -3.552
11.097 -5.021
-5.409 10.722
-4.035 -11.568
10.585 5.877
-12.442 3.452
6.865 -11.195
2.353 12.769
-9.686 -8.064
12.063 -0.889
-9.066 9.048
-0.366 -12.960
8.000 9.411
-12.132 -1.411
9.909 -7.384
-2.230 12.435
-6.751 -10.890
12.566 3.384
-11.900 5.564
4.618 -11.643
4.822 12.086
-11.773 -5.719
12.466 -2.865
-6.982 11.482
-3.054 -13.079
11.105 7.554
-13.917 1.782
8.527 -10.481
-0.059 12.744
-9.916 -9.802
13.196 0.418
-10.713 8.423
2.457 -13.719
7.758 11.854
-14.001 -3.193
11.762 -6.999
-3.811 13.254
-6.144 -12.550
12.472 5.239
-14.034 4.310
6.123 -12.884
3.933 13.719
-12.177 -8.158
14.446 -1.777
-8.685 10.929
-1.687 -14.369
10.871 9.875
-14.074 -0.589
10.433 -9.895
-1.971 14.619
-9.152 -11.965
14.142 2.423
-12.524 7.803
4.197 -14.993
6.620 13.216
-14.218 -5.792
13.404 -4.580
-7.140 13.266
-4.834 -14.633
12.890 6.929
-15.306 2.964
9.014 -12.429
1.594 14.464
-11.732 -9.993
15.844 -0.590
-11.896 11.114
0.877 -14.830
9.568 11.758
-15.626 -2.541
13.227 -8.026
-3.724 14.987
-7.507 -14.113
14.263 5.115
-13.606 6.276
6.740 -15.077
5.010 15.103
-14.074 -7.562
15.212 -4.332
-9.004 13.144
-2.844 -16.052
12.555 9.214
-16.436 1.114
11.335 -11.449
-0.424 16.754
-10.986 -11.982
16.221 1.857
-13.557 9.250
2.527 -15.642
8.218 14.181
-15.704 -4.691
14.977 -8.221
-6.425 15.016
-6.358 -15.582
14.872 6.819
-16.043 5.222
8.532 -14.576
3.280 17.140
-13.520 -10.253
16.133 -2.487
-10.365 12.082
-0.639 -16.196
12.331 11.826
-16.755 -0.859
12.852 -10.216
-2.215 16.786
-9.212 -14.725
16.729 4.876
-15.311 7.856
5.036 -16.833
6.135 16.475
-15.895 -7.604
16.738 -5.270
-8.606 14.961
-4.165 -17.267
14.403 9.222
-17.127 3.053
11.399 -13.202
1.461 17.305
-12.753 -11.865
17.660 0.512
-13.746 11.378
2.966 -17.317
10.437 15.406
-18.114 -4.375
16.394 -9.391
-5.328 16.451
-7.901 -16.538
17.137 6.770
-16.838 6.882
8.845 -16.365
4.975 18.142
-15.443 -9.784
17.732 -3.168
-10.402 14.745
-1.625 -17.753
14.188 12.806
-18.679 1.101
13.385 -11.982
-1.130 18.763
-12.140 -14.947
17.324 3.216
-15.201 10.295
5.378 -18.647
8.847 16.325
-17.486 -6.029
17.444 -7.503
-8.563 17.505
-6.248 -17.958
17.057 9.184
-19.037 3.661
11.179 -15.668
3.412 19.082
-15.427 -12.350
18.979 -0.594
-13.802 13.172
