1.931 -0.066
-0.956 1.175
-0.418 -1.197
0.951 1.448
-2.116 -0.723
2.896 -1.632
-0.619 3.056
-2.043 -3.019
3.186 1.197
-3.346 2.028
0.931 -3.330
1.774 3.232
-3.622 -1.717
4.522 -0.821
-2.298 4.265
-0.614 -4.149
3.959 2.866
-5.905 0.583
3.574 -4.002
0.560 5.412
-3.882 -3.472
6.102 0.369
-3.968 3.728
1.354 -6.070
3.718 5.196
-5.753 -1.977
5.118 -2.459
-1.511 5.854
-2.014 -5.352
5.859 3.042
-5.468 2.380
3.180 -6.103
1.915 6.604
-5.685 -3.773
7.304 -1.674
-3.890 5.504
-0.252 -7.445
5.536 5.047
-7.938 -0.494
6.032 -5.653
-0.806 8.086
-3.891 -6.366
7.340 1.976
-6.340 4.198
2.244 -7.806
3.446 7.539
-7.388 -3.054
6.752 -3.357
-2.957 7.688
-1.895 -8.145
7.208 4.258
-8.554 1.211
5.047 -7.156
0.934 8.358
-6.093 -5.511
8.226 -0.085
-6.335 5.968
0.610 -9.043
5.157 6.910
-9.587 -1.379
7.906 -4.776
-2.889 9.516
-4.124 -8.289
8.960 3.869
-8.758 3.939
3.847 -8.581
3.637 9.333
-8.068 -4.808
9.334 -1.984
-5.022 7.691
-2.220 -10.217
8.371 5.648
-10.322 0.961
7.272 -7.654
0.351 11.065
-7.048 -8.198
10.358 1.617
-8.132 6.223
2.039 -10.711
5.460 9.297
-9.938 -3.119
9.767 -4.625
-4.647 9.489
-4.050 -10.480
10.447 5.060
-10.596 3.984
6.154 -9.189
2.476 10.795
-9.451 -7.189
10.905 -1.157
-8.263 8.952
-0.462 -10.486
8.602 8.034
-11.879 -0.695
9.101 -7.582
-1.988 11.076
-5.564 -9.325
10.883 3.334
-10.676 5.768
3.782 -11.473
4.604 10.945
-10.905 -4.618
11.528 -3.934
-6.412 10.154
-2.908 -11.902
9.973 6.864
-12.716 2.244
7.907 -10.486
1.118 12.935
-8.869 -8.956
12.093 0.271
-9.892 8.137
0.878 -12.935
7.061 10.135
-11.941 -2.567
10.572 -6.401
-3.412 12.164
-5.676 -11.487
12.184 4.573
-12.379 4.398
5.712 -11.146
3.642 12.492
-11.170 -6.821
12.683 -1.657
-8.051 10.760
-1.787 -13.311
10.330 8.583
-14.023 0.440
9.492 -9.616
-1.281 12.679
-8.931 -10.708
13.095 1.681
-11.471 7.357
3.760 -13.420
6.586 12.543
-13.630 -4.521
12.379 -5.839
-5.064 12.828
-4.913 -13.081
11.913 6.411
-14.382 2.946
7.330 -12.238
2.600 14.033
-11.339 -9.288
14.550 -0.384
-9.692 10.047
-0.302 -14.465
9.875 10.872
-13.953 -1.935
11.333 -8.849
-3.363 14.363
-7.963 -12.787
13.845 3.767
-13.214 6.567
5.615 -14.522
5.323 13.790
-13.597 -7.128
13.781 -3.275
-8.378 12.520
-3.409 -15.029
12.167 8.133
-15.520 1.483
10.164 -11.508
0.200 14.550
-10.720 -11.072
15.828 0.931
-12.906 9.923
2.294 -14.677
8.397 12.621
-15.311 -4.027
13.935 -6.721
-5.143 14.561
-6.119 -14.768
13.707 6.459
-14.145 4.943
8.154 -14.362
3.539 15.514
-13.284 -8.876
15.557 -2.854
-10.222 12.220
-1.292 -16.251
11.614 10.375
-16.467 -0.466
12.380 -10.310
-2.028 16.637
-9.787 -12.980
15.968 3.404
-14.381 7.908
4.015 -15.327
6.821 14.904
-15.182 -6.175
15.696 -6.748
-7.834 14.331
-4.835 -16.120
14.150 8.213
-16.470 3.661
9.890 -13.691
1.622 17.375
-12.475 -11.501
16.297 -0.929
-11.475 11.033
0.917 -16.183
11.141 12.953
-16.595 -2.461
13.772 -8.937
-3.814 16.497
-7.758 -15.540
16.185 6.457
-15.994 6.352
6.626 -16.273
4.528 16.987
-15.093 -9.093
17.166 -3.641
-10.000 14.067
-2.491 -17.586
13.453 10.560
-17.341 1.397
12.612 -12.049
-0.204 17.365
-11.557 -13.033
17.530 2.202
-14.773 10.008
4.613 -16.953
8.913 16.336
-17.611 -6.091
17.219 -7.776
-6.880 15.864
-6.280 -17.219
16.409 8.382
-17.420 5.237
10.373 -15.442
3.213 18.535
-14.434 -11.219
17.954 -1.454
-11.767 13.680
0.084 -17.827
12.895 14.107
-18.699 -0.694
14.472 -10.644
-2.923 18.568
-10.651 -16.041
16.936 4.862
-16.118 8.790
7.140 -18.045
7.242 17.098
-16.827 -7.677
18.083 -5.797
-10.202 16.604
-4.499 -18.474
16.098 10.776
-19.301 1.820
12.629 -14.524
1.567 19.321
-14.172 -13.772
18.948 1.228
-15.000 11.788
