11.27477, 11.68503
9.35384, 14.94934
4.36633, 18.15416
2.14380, 19.18485
3.38199, 16.57205
0.32389, 17.47284
-0.79620, 16.10772
1.59445, 15.32144
8.43970, 17.53476
8.56195, 13.35114
6.90538, 13.97611
4.33432, 11.81120
5.91088, 10.55891
7.30652, 11.91900
8.92554, 9.42469
9.25318, 11.69523
-4.48779, 14.82860
-5.70909, 16.15934
-6.94672, 12.38969
-4.11365, 13.12500
-7.38089, 10.51173
-4.93431, 11.20766
-2.43364, 12.19300
-1.16724, 14.36541
0.66825, 13.49837
2.36246, 12.96230
4.02360, 13.71574
5.05124, 15.78619
7.49724, 15.92128
-1.94714, 17.95075
-2.76331, 16.22218
-5.95074, 17.99477
1.83066, 8.60799
3.73829, 8.68439
2.57813, 10.79568
6.48865, 8.79326
4.25536, 7.00002
2.30288, 6.50638
3.55811, 5.13347
3.45137, 2.38735
0.70471, 10.59974
-0.55923, 11.85137
-3.19632, 10.34015
-1.83754, 9.08538
-2.10315, 7.30828
-1.64917, 5.48378
0.06029, 8.29629
0.54707, 5.35402
-13.75902, 13.16106
-13.48699, 11.42432
-10.34940, 12.69066
-11.39051, 11.05703
-10.08036, 8.54508
-8.37878, 8.75194
-9.58214, 11.03546
-8.43099, 13.43309
5.29935, 2.19396
5.61862, 4.88258
6.24166, 6.60219
9.00916, 5.35387
8.01313, 6.79539
-8.95666, 15.12766
-7.97855, 17.33003
-11.11546, 14.21841
-4.42547, 4.27314
-2.44027, 3.94551
-3.74458, 6.55144
-12.15750, 7.70233
-13.34860, 9.48775
-15.07736, 9.22205
-15.69985, 7.58697
-17.30850, 6.43240
-4.87430, 8.27616
-6.54745, 8.85669
-5.51352, 6.18206
-8.21800, 6.57184
-8.96060, 4.00584
-6.41375, 4.11727
-6.21662, 2.30737
-3.01595, 1.56041
-11.75532, 0.93677
-8.61631, -0.87071
-10.57628, -2.23876
-9.31317, -3.59416
-7.91668, -2.51670
-6.38990, -0.73677
-3.62010, -0.84150
-4.80421, 1.00927
-14.04055, 5.76031
-12.79046, 4.45890
-10.84581, 4.30711
-11.63646, 5.92900
-9.82951, 5.77190
-7.49671, 0.69075
-8.01648, 2.47259
-9.85999, 2.37845
-12.28555, -1.62278
-13.31521, 1.84037
-11.80478, 2.73687
-13.71319, -3.57889
-14.99773, -2.32432
-15.60458, -5.01070
-18.08682, -4.47349
-17.50571, -6.16666
-14.22550, 3.48753
-15.65867, 4.90082
-18.87687, 4.60422
-16.91152, 2.80949
-19.14309, -0.02981
-15.50887, 1.59851
-17.10243, -0.54922
-14.67147, -0.04888
-10.88336, -9.63350
-13.83515, -7.85602
-13.90511, -10.51816
-12.68510, -11.85518
-15.30880, -11.87789
-11.70670, -14.71325
-10.91754, -12.67947
-6.82250, -8.91355
-15.56606, -8.13069
-15.82480, -10.11658
-13.80313, -5.39415
-11.63263, -5.73704
-11.19316, -3.94848
-8.46000, -9.46954
-10.29329, -7.88020
-12.10296, -7.52679
-3.57710, -16.84713
-3.58559, -14.59583
-2.50393, -13.13804
2.34065, -13.39424
1.41913, -16.19671
0.70369, -12.76149
-0.84596, -13.91282
-2.09653, -15.76934
-3.13876, -11.53527
-6.04409, -12.38620
-8.34289, -12.19210
-7.25606, -13.58716
-9.58931, -13.96673
-7.02039, -15.78848
-5.24123, -15.41274
-5.36306, -18.74621
-6.17527, -3.03086
-6.78161, -4.95873
-9.64703, -5.43764
-8.39028, -7.16475
-6.68383, -10.73652
-3.85965, -9.76872
-5.08023, -8.51400
-3.29075, -5.02811
-0.35675, -15.86982
-2.12771, -17.89041
1.44656, -19.03818
2.60199, -17.62576
4.43871, -17.76201
3.89479, -15.88469
-4.38128, -3.18898
-5.39580, -6.04241
2.98827, -11.72046
3.03130, -9.09570
4.25350, -10.42822
9.40645, -12.38461
6.93788, -10.82043
7.57084, -12.55783
5.10895, -12.04503
4.08513, -14.18879
1.17331, -7.49541
-0.09212, -5.41327
-1.44414, -6.56008
-0.12823, -8.68378
-3.68578, -7.36233
-2.28702, -8.87523
-0.97897, -12.12066
0.88414, -10.15064
-1.71402, -0.26377
-1.86856, -2.48841
-0.22081, -1.44976
-1.58537, -4.51039
0.76276, -3.80867
1.97450, -1.00260
3.58358, 0.58579
1.81991, 3.00496
5.91412, -13.73700
6.11323, -16.04689
7.92630, -16.33229
8.47518, -14.57312
11.70175, -15.41241
1.13272, 0.58751
-0.77237, 3.30500
-1.24945, 1.51966
8.57596, -8.21968
9.04127, -5.17325
10.79778, -4.86302
13.33161, -8.53038
12.52571, -6.90282
9.97561, -7.00132
10.85663, -8.91396
9.17255, -10.61262
3.66810, -1.47382
5.32200, -2.86627
3.57722, -4.72069
1.95848, -5.60970
5.74741, -5.46251
4.91333, -7.09241
6.26585, -8.20323
7.48781, -6.10861
7.33528, 1.46207
5.18176, -0.49143
6.61183, -1.62210
7.24874, -3.35186
8.13336, -0.71656
8.95784, -2.65701
10.78659, 0.40752
10.60929, 2.24891
11.48839, -11.76856
10.72375, -13.69880
13.15134, -13.26871
12.99407, -10.50717
16.40241, -8.82819
10.44695, 4.16423
8.91779, 2.59090
7.26566, 4.12916
16.92969, -4.89969
18.03434, -2.98193
15.50373, -3.73097
16.67078, 4.86770
14.99557, 5.52470
12.29237, 3.62242
14.82390, 2.83522
13.92249, 0.70469
16.94859, -1.36726
14.48737, -2.02800
12.58723, -0.46388
11.70223, -2.09962
12.55644, -3.58451
14.45345, -5.14911
14.80346, -6.95043
17.05711, -7.14629
11.00483, 7.73657
10.70602, 5.92338
12.94765, 5.29001
13.33248, 7.71000
15.12545, 7.37388
16.92437, 7.07001
16.59028, 9.22658
14.62050, 10.15408
16.17405, 1.64343
15.41770, -0.36008
17.43575, 0.34348
19.74341, -1.08625
19.01813, 3.06625
13.05046, 12.19267
12.84792, 10.07939
10.84227, 9.57989
