-0.059 1.932
-1.111 -1.030
1.222 -0.340
-1.506 0.856
0.859 -2.065
1.441 2.996
-3.010 -0.815
3.144 -1.844
-1.400 3.102
-1.808 -3.469
3.262 1.144
-3.339 1.562
1.948 -3.504
0.527 4.566
-4.108 -2.568
4.180 -0.344
-3.116 3.766
-0.200 -5.930
3.763 3.824
-5.437 0.210
3.715 -3.650
-0.762 6.065
-3.464 -4.201
5.970 1.743
-5.425 3.375
2.344 -5.613
2.123 5.266
-5.744 -1.885
5.471 -1.664
-3.414 5.651
-2.022 -5.610
5.885 3.567
-6.714 1.484
4.132 -5.430
1.200 7.397
-5.241 -4.237
7.445 0.229
-5.394 5.199
1.005 -7.889
5.252 6.384
-8.017 -1.327
6.604 -3.473
-2.445 7.197
-3.780 -6.598
7.645 2.743
-7.746 2.953
3.524 -7.175
2.914 6.955
-7.481 -3.447
8.251 -1.366
-4.714 6.918
-0.657 -8.614
6.815 5.499
-8.401 0.393
5.892 -5.725
-0.446 8.214
-5.547 -6.707
8.985 1.192
-7.228 4.700
1.995 -9.478
4.256 8.198
-9.309 -3.497
8.538 -3.580
-4.439 8.692
-3.366 -8.994
8.314 4.392
-9.549 3.027
5.319 -7.741
1.378 9.443
-7.351 -5.508
10.339 -1.556
-6.176 7.989
-0.293 -10.363
7.169 7.750
-11.065 -0.364
8.636 -6.504
-2.283 10.232
-5.686 -8.517
10.557 2.726
-9.630 4.849
3.754 -9.716
3.985 10.045
-9.169 -5.250
10.720 -3.365
-5.724 10.098
-3.292 -10.831
8.772 6.734
-10.932 1.774
7.784 -8.967
0.451 10.956
-8.400 -8.824
10.494 0.216
-8.572 8.066
1.461 -11.809
6.979 9.572
-10.924 -2.698
9.664 -4.951
-4.030 10.645
-5.067 -11.026
11.205 4.515
-11.219 3.888
5.313 -10.584
3.182 11.757
-9.719 -7.053
12.064 -2.134
-7.494 9.510
-1.418 -12.834
9.954 8.567
-12.981 0.281
9.509 -8.272
-1.051 12.050
-7.482 -10.396
12.852 1.711
-10.569 6.393
3.333 -11.750
5.705 10.963
-11.919 -4.190
11.829 -4.923
-5.349 11.863
-3.590 -12.637
10.755 6.420
-12.701 2.828
7.528 -10.707
0.835 12.764
-10.218 -8.728
13.399 -0.924
-9.232 9.755
0.466 -14.023
8.983 10.093
-12.570 -2.096
11.262 -8.221
-2.522 12.960
-6.602 -11.922
13.150 4.618
-12.941 5.763
5.391 -13.310
5.028 12.730
-12.474 -5.881
13.371 -4.058
-7.166 11.474
-2.011 -14.542
11.739 8.104
-14.172 1.689
10.000 -10.716
-0.556 14.544
-9.400 -10.321
14.454 0.632
-11.486 9.152
2.832 -13.799
8.099 11.881
-14.116 -4.283
13.275 -7.121
-4.653 13.573
-5.701 -13.611
14.129 6.540
-14.105 4.422
7.990 -13.109
2.378 13.964
-11.953 -9.169
15.218 -2.432
-8.901 11.617
-0.478 -15.583
10.828 10.886
-14.533 -0.739
11.741 -9.983
-1.951 15.735
-9.069 -13.520
14.499 3.236
-13.136 7.565
5.007 -15.019
5.808 14.340
-14.199 -6.072
15.132 -5.154
-7.330 13.261
-4.020 -14.435
13.806 9.063
-15.710 2.531
9.715 -12.684
1.844 15.709
-11.535 -10.989
16.300 -0.241
-11.103 10.920
1.528 -16.402
9.489 13.019
-16.471 -3.097
13.585 -8.929
-4.427 15.715
-6.963 -14.861
15.036 4.995
-15.313 5.845
7.142 -14.752
5.721 16.099
-13.796 -8.743
16.399 -3.785
-9.109 13.590
-2.590 -16.672
13.024 10.753
-17.444 0.497
12.283 -11.707
-0.125 16.323
-10.269 -12.163
16.090 1.959
-13.645 10.282
3.527 -16.402
8.030 14.321
-16.216 -4.870
16.009 -6.739
-7.488 15.734
-5.307 -16.371
15.811 7.662
-17.244 3.422
10.048 -14.475
2.526 17.365
-13.392 -10.887
17.710 -1.351
-11.406 12.743
-0.275 -17.395
11.210 13.363
-17.316 -1.325
13.752 -10.692
-3.329 17.351
-9.034 -15.388
16.620 5.697
-16.877 7.840
7.215 -17.182
6.649 17.685
-15.387 -7.889
17.588 -5.156
-9.423 15.834
-4.102 -17.721
14.740 11.348
-18.704 2.011
12.127 -13.680
0.293 18.010
-12.892 -12.625
17.784 1.234
-14.910 11.958
1.899 -18.615
9.688 15.129
-18.341 -4.116
16.695 -9.594
-5.945 16.587
-7.732 -16.652
17.547 8.290
-17.529 6.124
8.747 -16.297
4.618 18.419
-15.911 -11.252
18.726 -3.297
-11.793 15.369
-0.571 -19.378
13.679 13.540
-19.382 0.317
14.657 -13.254
-2.448 18.830
-10.795 -15.730
