-1.494 1.225
0.046 -1.514
1.059 0.697
-1.635 -0.572
2.120 -0.710
-1.310 3.056
-1.364 -2.804
3.456 1.158
-3.258 0.984
1.426 -3.643
1.282 3.211
-3.372 -1.490
3.921 -0.836
-3.094 3.398
-0.765 -4.784
3.008 2.924
-4.886 0.127
4.337 -4.049
-0.408 5.349
-3.732 -3.959
5.193 0.400
-5.071 3.413
0.888 -5.372
2.611 5.644
-6.110 -1.869
5.771 -1.923
-2.573 5.062
-2.355 -5.568
4.850 3.029
-6.502 1.142
2.898 -5.211
1.181 6.780
-5.532 -4.084
6.808 -0.456
-4.786 5.767
-0.252 -6.735
4.722 5.761
-7.463 -0.647
6.606 -4.429
-1.358 8.154
-4.271 -6.914
6.958 2.693
-7.031 2.888
2.487 -7.186
2.958 7.564
-7.317 -3.896
7.724 -2.061
-3.325 6.768
-2.321 -7.904
6.453 5.320
-8.313 0.995
6.060 -6.158
0.336 8.750
-5.819 -6.072
8.187 0.677
-6.483 5.064
1.408 -8.589
5.008 7.555
-8.294 -2.357
8.454 -4.727
-3.379 8.596
-3.485 -9.314
8.311 4.080
-9.468 2.368
4.565 -8.449
2.156 9.153
-8.558 -5.206
9.330 -1.080
-6.210 7.245
-0.681 -9.160
7.969 6.768
-10.080 0.597
7.616 -7.033
-1.128 10.497
-7.000 -8.577
10.578 2.232
-9.211 5.006
2.681 -9.883
4.886 9.748
-9.984 -4.069
9.789 -3.558
-4.951 9.606
-2.072 -10.360
9.583 5.866
-11.372 2.325
5.998 -9.601
0.692 11.037
-8.523 -7.072
11.874 -0.030
-7.960 7.542
1.127 -12.131
6.736 8.050
-11.713 -1.158
9.859 -6.662
-2.625 11.551
-5.148 -10.006
10.084 4.028
-10.671 3.961
4.977 -11.066
3.964 11.412
-10.305 -5.899
11.468 -2.955
-6.768 10.127
-1.074 -11.961
9.539 7.689
-12.092 0.604
8.739 -9.506
0.088 13.132
-8.745 -9.597
12.485 1.728
-9.772 7.129
2.916 -12.472
7.159 10.809
-11.765 -3.762
11.045 -5.213
-4.511 11.506
-4.678 -11.736
11.486 5.678
-12.456 3.767
7.163 -11.013
2.232 12.324
-10.481 -7.712
13.017 -1.366
-9.070 9.019
-0.140 -13.438
9.504 9.489
-13.419 -0.544
10.873 -8.867
-1.700 13.404
-6.684 -10.850
13.598 3.082
-11.424 6.619
4.644 -12.812
5.164 12.945
-12.850 -5.964
13.574 -4.687
-6.287 12.157
-3.768 -13.267
11.848 7.408
-13.357 2.143
9.636 -11.075
1.610 14.173
-10.589 -9.569
14.649 0.491
-11.326 9.142
1.598 -13.868
9.025 11.307
-14.448 -2.639
12.260 -6.937
-3.628 13.913
-6.052 -13.453
14.093 5.322
-13.286 5.416
6.509 -13.243
4.360 14.946
-12.604 -7.722
15.131 -2.596
-8.959 10.972
-0.949 -15.035
11.837 9.869
-14.605 0.929
11.429 -10.604
-1.085 15.316
-8.997 -11.437
15.241 2.285
-13.139 8.874
4.226 -15.722
7.092 13.053
-14.336 -4.926
14.609 -6.100
-6.988 13.803
-4.758 -14.691
13.831 8.015
-14.812 3.194
8.235 -12.518
2.246 16.362
-12.234 -10.175
15.945 -1.017
-10.625 11.716
0.698 -15.916
10.897 12.125
-15.528 -1.188
13.365 -9.631
-3.573 15.709
-8.494 -14.448
15.659 4.367
-14.753 6.995
6.621 -15.017
6.120 14.615
-14.471 -7.697
15.812 -4.316
-8.370 14.894
-2.481 -16.143
13.632 9.869
-16.229 2.069
10.861 -12.912
0.459 16.883
-11.842 -12.818
16.896 1.560
-12.382 10.636
2.415 -15.734
9.101 13.413
-16.718 -3.524
14.678 -8.124
-5.513 15.465
-6.990 -15.422
15.602 7.633
-16.779 4.701
8.848 -14.761
4.620 16.951
-13.914 -10.744
17.513 -1.944
-11.425 13.319
-0.599 -17.249
12.660 12.458
-17.101 -0.218
12.927 -11.642
-2.701 17.232
-10.385 -13.919
17.097 3.334
-15.263 8.898
5.657 -16.923
6.633 16.270
-17.002 -7.564
17.690 -5.858
-8.956 16.636
-4.170 -16.781
15.447 9.865
-18.126 3.308
10.658 -14.740
1.138 18.568
-13.810 -12.773
18.281 0.145
-13.380 12.060
1.039 -18.014
10.761 14.213
-18.812 -3.375
15.276 -10.806
-5.032 17.246
-8.955 -16.526
18.205 6.274
-16.407 6.424
7.465 -16.773
5.288 18.672
-16.138 -9.184
18.031 -4.122
-10.845 15.588
-1.980 -19.386
14.795 11.944
-19.334 1.217
14.227 -13.169
-1.211 19.209
-12.980 -14.397
19.623 2.333
-15.798 10.534
4.757 -18.475
