-1.742 -0.837
1.392 -0.598
-0.184 1.255
-0.172 -1.723
1.540 1.621
-3.323 0.104
1.965 -2.421
0.412 3.622
-2.269 -2.537
3.904 -0.247
-2.368 2.519
-0.075 -3.686
2.415 3.200
-4.388 -1.368
4.012 -2.715
-1.379 3.961
-2.180 -4.374
5.503 2.220
-5.021 1.891
2.011 -5.056
1.832 4.875
-5.237 -3.154
5.244 -1.465
-4.012 4.752
-0.888 -6.327
4.182 4.417
-5.675 -0.192
4.051 -4.488
-0.695 5.676
-3.783 -5.411
5.948 0.424
-5.645 3.935
1.363 -6.740
3.290 5.978
-7.249 -1.900
5.997 -3.075
-3.226 6.714
-2.568 -7.037
6.806 4.115
-7.964 2.215
4.461 -6.792
0.499 7.444
-5.589 -5.152
7.564 -0.783
-5.606 5.878
0.439 -8.278
5.132 6.129
-7.539 -0.154
6.183 -5.443
-2.094 8.097
-4.415 -7.113
8.142 2.890
-7.788 4.003
3.044 -7.840
2.847 7.706
-7.329 -3.735
8.379 -2.354
-4.730 7.732
-1.369 -8.513
7.857 5.664
-9.219 0.570
6.969 -7.094
-0.186 9.256
-6.148 -7.580
9.586 0.567
-7.384 5.822
1.101 -9.956
4.922 7.999
-9.191 -2.566
8.014 -4.489
-2.766 10.083
-4.802 -8.883
9.593 3.930
-9.990 3.414
4.815 -9.969
2.448 10.531
-8.430 -6.232
10.090 -1.747
-6.770 8.548
-0.532 -10.769
7.362 7.368
-10.798 -0.427
8.514 -6.256
-1.266 11.164
-6.913 -9.324
11.236 1.379
-9.711 5.292
2.807 -10.713
5.045 10.749
-10.200 -4.027
11.470 -4.105
-4.449 9.507
-3.901 -11.105
10.205 6.120
-11.578 2.502
6.893 -8.894
0.611 10.841
-8.099 -7.997
12.133 -0.166
-8.667 8.415
0.991 -11.832
7.524 9.145
-12.039 -1.854
10.386 -6.028
-2.937 11.894
-5.658 -10.704
12.308 3.903
-11.865 5.629
5.002 -11.981
3.710 12.045
-10.591 -5.843
12.536 -2.628
-6.771 11.057
-1.562 -12.253
9.392 7.807
-12.334 0.775
8.659 -9.199
-0.292 12.809
-8.679 -9.697
13.008 1.838
-10.226 7.232
2.560 -12.758
6.739 11.220
-12.007 -4.408
12.120 -5.806
-4.584 12.624
-5.178 -12.392
12.632 6.107
-12.867 4.124
7.009 -10.643
2.954 13.627
-10.826 -7.556
13.574 -1.206
-9.550 10.151
-0.026 -14.167
9.985 10.321
-13.675 -0.560
10.431 -9.022
-1.707 13.868
-7.587 -11.200
14.110 4.053
-12.165 7.449
4.197 -13.641
5.746 13.484
-13.072 -6.401
13.244 -4.413
-6.434 12.959
-3.714 -14.210
11.468 8.179
-14.143 2.591
9.634 -11.171
1.133 15.021
-10.524 -9.753
14.753 0.303
-11.703 10.268
1.672 -14.687
8.748 12.616
-13.730 -3.483
13.225 -7.214
-3.942 14.899
-7.014 -12.844
14.441 5.876
-14.339 5.490
6.563 -12.987
4.370 14.778
-13.595 -8.158
16.035 -2.814
-8.833 11.944
-1.594 -15.075
11.703 10.662
-15.463 -0.500
11.304 -10.521
-1.419 15.922
-9.155 -12.074
14.826 2.173
-13.880 8.950
4.051 -15.388
7.660 14.021
-15.109 -4.678
14.720 -6.094
-6.384 15.000
-5.485 -14.575
14.377 8.042
-15.747 3.401
9.505 -13.804
2.660 16.038
-12.574 -10.414
16.408 -0.345
-10.659 11.723
0.860 -16.368
10.594 12.506
-17.036 -1.292
13.583 -9.071
-3.183 16.526
-8.734 -13.834
16.292 4.386
-15.108 7.551
6.613 -16.149
5.727 15.972
-14.873 -6.727
15.281 -4.461
-8.310 13.917
-3.872 -16.641
13.567 9.869
-16.346 1.540
11.023 -12.853
-0.325 17.366
-11.351 -13.220
17.117 1.780
-13.411 11.351
3.857 -17.152
9.163 15.051
-16.899 -4.726
15.379 -7.833
-5.941 16.739
-7.029 -15.591
16.015 6.796
-16.759 4.834
8.226 -15.295
4.204 16.904
-14.514 -10.073
17.728 -2.025
-11.942 12.887
-0.330 -18.606
12.785 13.557
-18.862 -1.086
13.447 -10.871
-2.412 18.169
-10.658 -15.030
17.863 3.430
-16.347 8.879
5.739 -17.914
7.594 16.630
-16.585 -7.029
16.766 -6.671
-8.334 15.759
-4.892 -18.476
16.249 9.278
-17.756 2.728
11.193 -15.101
2.007 19.151
-12.756 -12.155
18.356 -0.323
-14.688 12.684
1.503 -18.507
11.356 14.600
-18.711 -3.241
16.733 -9.988
-4.572 18.456
-9.273 -17.008
17.947 7.329
-17.921 7.021
7.562 -17.849
6.179 18.770
-16.223 -9.867
18.755 -3.497
