-1.104 -1.586
1.506 0.164
-0.778 1.001
0.699 -1.585
0.542 2.170
-2.943 -1.546
2.902 -1.140
-1.425 3.355
-0.725 -3.325
3.520 1.707
-3.301 1.026
1.750 -3.245
0.526 3.974
-3.145 -3.351
4.829 -0.387
-3.151 2.769
0.256 -4.881
3.697 4.642
-5.301 -0.827
4.240 -3.410
-0.807 5.145
-3.005 -5.324
5.286 1.307
-5.832 2.160
2.343 -5.944
1.465 5.904
-4.845 -2.962
5.736 -1.911
-3.400 4.598
-0.628 -6.572
4.968 3.298
-6.851 0.645
4.505 -5.195
-0.080 6.823
-5.373 -5.223
6.734 0.277
-6.114 4.255
1.230 -7.390
3.897 6.933
-8.023 -1.994
7.227 -3.715
-3.231 6.725
-2.328 -7.236
6.969 3.043
-7.773 2.356
4.458 -6.989
1.449 7.862
-6.486 -3.846
8.062 -1.693
-5.810 6.016
-0.340 -8.365
5.663 6.524
-8.750 -0.351
6.510 -5.324
-1.317 8.109
-4.540 -6.860
8.452 2.077
-7.924 4.400
3.001 -8.083
4.049 8.799
-8.305 -4.043
9.559 -2.743
-4.720 7.965
-1.618 -9.625
8.064 5.214
-9.294 1.431
5.861 -8.123
0.345 9.386
-6.736 -6.759
9.185 0.039
-7.373 7.413
0.195 -10.096
6.414 8.145
-10.376 -1.948
9.100 -6.305
-3.055 10.371
-4.268 -9.575
9.643 3.448
-10.101 4.106
4.840 -9.634
2.779 10.038
-9.188 -5.689
10.491 -1.252
-6.600 9.093
-1.426 -11.520
9.100 6.733
-11.058 -0.176
7.719 -7.942
-0.902 11.840
-6.894 -8.527
12.005 2.075
-8.554 6.083
2.073 -11.586
5.868 10.351
-11.310 -3.523
10.379 -4.347
-4.807 9.736
-3.112 -10.948
10.642 5.830
-11.687 3.057
6.689 -9.811
2.046 11.665
-9.565 -7.542
12.008 -0.132
-8.414 8.906
0.346 -12.102
8.791 9.458
-13.099 -0.943
10.253 -7.965
-2.702 12.311
-6.341 -10.301
12.205 3.885
-11.338 6.289
4.674 -11.434
4.330 11.420
-11.116 -5.399
12.067 -3.743
-6.561 11.005
-2.779 -12.713
10.417 8.005
-12.461 1.258
8.511 -9.843
0.340 13.084
-8.280 -9.749
13.408 0.915
-10.206 8.730
1.596 -13.335
7.987 11.535
-13.229 -2.747
11.341 -5.812
-4.139 13.315
-5.702 -11.908
12.408 5.635
-13.310 4.132
6.953 -12.343
3.608 13.900
-11.627 -7.222
13.521 -2.716
-8.314 11.230
-1.088 -13.484
10.285 10.476
-14.256 0.493
10.370 -9.805
-1.639 14.566
-8.225 -12.008
13.700 2.681
-11.981 8.111
3.765 -14.196
5.954 12.766
-13.586 -4.709
13.886 -4.978
-6.411 13.632
-4.357 -13.670
12.692 7.528
-15.242 3.174
8.687 -11.960
1.401 15.288
-10.235 -9.792
15.063 0.234
-10.767 11.026
0.220 -14.633
9.675 12.225
-15.183 -2.283
12.108 -8.072
-3.473 15.015
-7.815 -13.795
15.342 5.447
-13.570 6.046
6.036 -13.905
4.935 15.042
-13.212 -8.049
15.019 -3.591
-9.075 13.159
-2.022 -15.017
11.834 9.191
-16.488 0.955
11.104 -11.398
-0.237 15.975
-10.846 -11.512
15.812 1.945
-12.943 9.912
2.403 -15.387
8.553 14.079
-15.380 -4.794
15.070 -7.334
-5.582 15.268
-5.816 -15.256
14.451 7.779
-15.050 4.955
8.808 -13.822
3.062 16.101
-14.191 -9.513
16.288 -1.206
-10.908 12.816
-0.790 -16.341
12.020 11.840
-16.867 -0.867
13.708 -10.799
-2.881 16.722
-9.632 -13.179
15.496 3.642
-14.085 8.021
4.825 -16.390
6.948 15.270
-14.985 -6.709
15.923 -5.759
-8.834 14.955
-3.370 -17.096
14.021 9.978
-17.262 3.276
11.803 -13.029
0.564 17.612
-12.381 -12.435
17.243 0.756
-13.413 11.644
1.559 -17.031
10.592 13.801
-16.967 -4.045
14.691 -9.261
-4.665 16.783
-7.673 -15.914
16.427 6.968
-16.740 5.336
8.875 -16.356
4.452 18.095
-15.882 -10.233
17.057 -2.840
-11.046 14.626
-1.875 -18.330
13.859 11.782
-18.600 -0.322
13.817 -12.766
-1.579 18.213
-10.973 -14.285
17.877 2.449
-15.013 9.612
4.840 -18.489
9.574 16.077
-16.798 -6.369
17.178 -7.631
-7.683 17.656
-5.117 -16.861
16.135 8.758
-19.030 3.807
10.422 -15.368
2.694 18.299
-14.689 -12.034
19.482 -0.453
-13.068 13.812
0.304 -19.369
12.012 15.217
-19.055 -2.714
15.371 -11.811
-3.865 19.379
-9.262 -16.576
18.045 6.192
