-1.196 1.518
-0.280 -1.489
1.184 0.454
-1.720 -0.208
1.918 -1.149
-0.623 3.266
-1.935 -2.445
3.624 0.388
-2.971 1.661
0.610 -3.864
1.942 2.860
-3.613 -0.731
3.650 -1.658
-2.292 3.984
-1.774 -4.508
3.565 2.210
-4.744 1.174
3.367 -4.886
0.750 5.312
-4.495 -3.066
5.158 -0.724
-4.220 4.423
-0.286 -5.437
3.762 4.952
-6.369 -0.513
5.223 -3.118
-1.426 5.497
-3.496 -4.932
5.387 1.916
-6.105 2.511
1.711 -5.712
2.609 6.368
-6.280 -2.800
6.551 -1.907
-3.436 6.660
-1.693 -6.524
5.849 4.613
-7.428 0.971
5.501 -5.744
0.425 8.256
-5.656 -5.835
7.374 1.137
-6.247 4.331
0.886 -7.553
4.514 6.753
-7.983 -2.234
7.101 -3.671
-1.795 7.324
-3.964 -7.221
7.445 3.810
-7.905 2.757
4.596 -7.315
2.208 8.474
-6.987 -4.681
8.142 -1.097
-5.244 6.338
-0.469 -8.691
6.514 6.303
-8.606 -0.521
7.242 -6.432
-1.455 9.121
-5.403 -8.348
8.993 2.201
-8.738 4.346
2.644 -9.232
4.071 8.476
-9.476 -3.247
8.880 -3.059
-4.509 8.410
-2.632 -8.800
9.236 4.899
-9.717 2.748
5.928 -8.504
1.153 10.494
-8.678 -6.874
10.811 -0.092
-7.921 6.867
0.496 -10.228
6.865 8.471
-10.625 -1.830
8.797 -5.577
-2.772 10.445
-4.248 -9.674
10.619 3.671
-10.608 4.713
3.796 -10.665
3.046 10.631
-9.843 -5.076
11.591 -2.579
-6.155 9.076
-1.504 -12.090
8.307 6.416
-11.689 1.385
8.198 -8.624
-0.083 11.845
-7.176 -8.667
10.713 1.769
-9.571 6.160
2.485 -11.877
6.322 10.294
-11.331 -3.548
10.566 -5.348
-4.436 11.344
-3.617 -11.451
10.967 5.461
-11.680 3.187
6.494 -11.161
2.906 12.807
-10.602 -7.495
12.565 -0.993
-8.013 9.061
0.170 -12.807
9.313 9.020
-12.299 -1.148
9.668 -7.463
-1.935 12.206
-7.089 -10.457
12.437 3.079
-11.356 6.354
4.631 -12.294
4.827 11.557
-11.892 -5.282
12.420 -4.129
-6.921 10.757
-3.022 -13.094
11.320 7.227
-13.223 2.350
8.715 -10.995
1.218 13.456
-8.858 -9.162
13.943 0.090
-9.736 8.917
1.784 -13.510
7.823 11.534
-13.831 -3.065
12.251 -7.493
-3.530 13.224
-6.529 -12.148
13.162 4.691
-12.586 4.961
7.033 -12.886
4.616 13.497
-12.397 -7.072
14.413 -2.666
-9.098 11.361
-1.417 -13.888
11.243 9.105
-14.678 0.525
10.484 -9.408
-0.556 14.368
-8.800 -11.839
14.907 2.171
-11.813 8.143
3.514 -14.332
7.468 13.661
-13.969 -4.835
14.221 -5.785
-6.394 12.640
-4.155 -14.481
13.680 7.097
-14.065 4.044
8.885 -12.811
2.229 15.191
-11.243 -9.238
15.376 -1.041
-10.928 11.488
0.752 -16.263
9.730 11.226
-15.059 -1.733
12.958 -9.095
-3.861 14.982
-7.802 -13.327
15.229 4.858
-13.780 6.300
5.354 -13.995
5.707 15.498
-14.134 -7.310
15.354 -4.417
-7.862 13.725
-2.736 -15.695
13.246 9.502
-15.421 2.174
10.985 -12.276
-0.116 16.110
-11.398 -12.287
16.232 0.903
-12.906 10.000
3.242 -16.088
9.116 12.960
-15.786 -4.410
14.516 -7.610
-4.977 16.344
-5.889 -15.234
15.433 6.712
-15.406 5.506
7.835 -14.943
4.074 16.391
-14.318 -9.976
16.837 -2.105
-9.809 13.047
-1.020 -15.886
11.769 11.146
-17.085 0.148
12.591 -11.087
-2.063 16.288
-10.139 -13.561
16.877 4.105
-15.378 8.194
5.471 -16.316
8.152 15.564
-15.897 -7.506
16.687 -5.659
-8.299 15.461
-4.289 -16.718
15.040 9.449
-16.749 3.459
10.126 -14.147
1.062 17.410
-13.132 -11.365
17.414 -0.415
-12.997 11.968
1.891 -17.743
9.972 14.466
-18.230 -3.737
16.020 -9.520
-5.175 18.171
-7.676 -15.495
17.205 6.317
-16.993 7.123
7.244 -16.685
5.099 17.890
-16.231 -9.509
17.886 -3.784
-10.478 14.652
-2.853 -17.817
13.562 11.571
-19.098 0.744
12.600 -13.834
-1.211 17.924
-12.295 -14.218
19.127 2.219
-14.645 9.797
3.690 -17.985
9.174 17.101
-17.734 -5.504
16.725 -7.897
-7.244 17.553
-6.097 -18.509
17.014 8.488
-18.621 5.340
11.068 -15.916
2.942 19.021
-15.769 -11.274
19.666 -1.936
-13.168 13.680
0.678 -19.066
