0.778 1.769
-1.446 -0.451
0.957 -0.833
-0.991 1.421
-0.114 -2.233
2.591 2.083
-3.067 0.560
2.044 -3.018
0.072 3.403
-3.125 -2.353
3.437 -0.372
-2.342 2.847
0.249 -4.001
2.441 3.894
-4.813 -0.550
3.625 -2.111
-1.191 4.740
-2.734 -5.267
5.043 1.832
-4.817 2.530
1.782 -4.894
1.924 5.802
-4.935 -2.300
6.138 -0.997
-3.443 5.382
-0.301 -6.075
4.184 3.839
-5.996 0.771
4.221 -3.857
-0.649 6.570
-4.240 -4.193
6.847 0.686
-5.421 4.230
1.392 -6.680
4.267 6.160
-6.555 -1.568
6.819 -2.998
-2.630 7.014
-2.489 -7.554
7.489 3.501
-7.807 2.254
4.465 -5.977
0.891 7.549
-6.253 -4.328
8.081 -0.815
-5.720 6.000
0.092 -7.993
5.624 5.023
-8.237 0.110
6.859 -4.785
-1.277 8.274
-4.301 -7.492
8.518 2.029
-7.413 3.971
2.854 -7.704
3.134 7.606
-7.894 -3.666
8.623 -2.792
-4.501 7.354
-2.280 -9.414
7.371 5.567
-9.908 0.852
6.165 -6.907
-0.265 9.756
-6.910 -6.669
9.395 0.385
-7.315 6.843
1.468 -9.276
5.309 7.930
-9.006 -1.807
8.662 -5.855
-2.135 9.870
-4.726 -9.227
9.807 3.909
-10.143 4.435
4.994 -9.588
2.345 10.218
-8.798 -5.240
10.703 -2.084
-6.604 8.522
-0.795 -10.385
7.921 7.351
-10.536 -0.791
8.227 -7.653
-0.819 11.579
-7.634 -8.359
10.817 2.301
-9.103 6.308
3.165 -11.445
5.124 9.695
-11.381 -4.348
9.565 -4.323
-4.265 10.970
-3.766 -11.288
10.420 5.635
-11.022 2.267
6.591 -8.629
0.946 11.343
-9.320 -7.770
12.057 -0.749
-8.453 8.339
0.238 -11.840
7.934 9.242
-11.809 -2.182
9.971 -7.120
-2.670 11.809
-6.805 -10.973
12.672 3.447
-11.595 5.842
5.022 -11.560
4.239 11.329
-11.228 -6.162
12.336 -3.989
-6.788 10.320
-2.050 -12.040
9.869 7.439
-12.561 1.350
8.557 -9.536
0.279 13.010
-8.681 -9.860
12.471 1.164
-10.246 8.021
2.185 -12.905
6.248 11.161
-12.981 -3.479
11.696 -6.602
-4.133 12.779
-5.617 -12.857
12.453 5.242
-12.248 3.520
6.625 -12.269
3.303 12.783
-11.091 -7.918
13.857 -1.493
-9.200 10.773
-0.864 -14.335
10.019 9.325
-13.791 0.062
10.321 -9.419
-1.528 13.442
-8.076 -12.260
14.084 2.261
-12.064 7.625
4.413 -13.978
5.760 13.367
-12.928 -5.268
13.318 -5.652
-6.427 13.206
-3.385 -13.674
12.425 7.236
-14.585 2.212
8.916 -12.142
1.644 14.253
-11.005 -9.831
15.568 -0.180
-10.827 10.064
1.568 -15.272
8.158 11.580
-14.736 -3.130
12.688 -8.747
-3.033 14.317
-7.140 -13.859
14.460 5.164
-13.435 5.590
6.299 -14.065
5.013 15.042
-14.006 -8.299
14.480 -3.321
-8.600 12.483
-1.947 -15.711
11.416 10.442
-15.430 0.632
11.439 -11.166
-0.907 15.125
-9.843 -11.298
16.363 2.237
-13.090 9.048
3.308 -15.631
8.427 13.385
-15.142 -4.953
14.609 -7.235
-5.320 14.636
-5.682 -15.462
14.170 7.666
-16.200 4.296
8.417 -13.908
2.770 16.090
-12.683 -10.416
15.722 -1.964
-11.305 11.868
0.095 -16.390
12.094 12.067
-16.216 -1.952
13.172 -10.476
-2.371 16.188
-9.515 -13.933
16.385 4.098
-15.530 7.958
6.046 -15.854
6.915 14.787
-14.505 -6.558
15.366 -5.159
-7.890 15.155
-3.878 -16.322
13.413 9.469
-16.733 2.585
11.548 -12.974
0.015 17.425
-11.838 -12.491
17.569 0.109
-14.090 10.513
2.837 -17.391
9.756 14.586
-16.775 -4.061
15.404 -8.844
-4.809 16.412
-7.737 -15.582
15.871 7.236
-16.199 6.259
7.809 -15.571
4.465 17.094
-14.778 -10.000
17.454 -2.013
-11.858 14.342
-0.885 -18.614
13.615 13.100
-17.285 -0.497
13.655 -12.225
-1.689 18.348
-11.331 -14.229
18.190 3.897
-16.016 9.867
5.056 -17.569
8.018 16.130
-17.071 -5.845
16.583 -6.542
-8.309 17.212
-6.300 -17.619
15.257 9.484
-18.326 4.181
10.939 -15.847
1.775 17.530
-14.147 -11.701
19.406 -0.072
-13.185 13.074
0.879 -18.475
12.097 14.637
-19.205 -3.306
15.483 -11.038
-4.027 18.949
-8.857 -17.245
18.176 6.332
-17.357 8.631
7.524 -18.273
5.897 18.049
-16.516 -9.550
