3.11951, 15.93515
-0.26643, 17.63253
-6.19481, 17.61427
-8.62074, 17.27244
-6.16193, 15.75123
-9.21885, 14.84648
-9.41781, 13.09188
-6.98349, 13.73025
-2.43829, 19.30676
-0.06321, 15.86051
-1.79357, 15.48544
-2.77636, 12.27121
-0.77243, 12.07611
-0.33940, 13.97615
2.37481, 12.76128
1.41661, 14.84563
-11.82256, 10.01273
-13.57081, 10.46667
-12.56236, 6.62935
-10.58307, 8.78558
-11.90684, 4.81674
-10.23066, 6.72998
-8.66626, 8.91559
-8.78296, 11.42747
-6.77089, 11.69648
-5.05722, 12.16663
-4.07175, 13.70153
-4.33353, 15.99810
-2.35320, 17.44014
-11.38525, 14.01417
-11.13160, 12.11951
-14.77066, 11.87647
-3.13859, 8.22181
-1.57840, 9.32213
-3.69929, 10.46464
0.67172, 10.90746
-0.22935, 8.18876
-1.60056, 6.71375
0.19909, 6.24284
1.60109, 3.87917
-5.16582, 9.28253
-6.90690, 9.64689
-8.30020, 6.94564
-6.47778, 6.63016
-5.73551, 4.99380
-4.36332, 3.70851
-4.45571, 6.99848
-2.44884, 4.79249
-18.70110, 3.57674
-17.52934, 2.26630
-15.58280, 5.03380
-15.56959, 3.09667
-13.10514, 1.69922
-11.78882, 2.79716
-14.03953, 4.06081
-14.37534, 6.69919
3.25774, 4.72057
2.06541, 7.15140
1.65448, 8.93364
4.65619, 9.38876
3.03691, 10.05807
-15.73715, 7.83646
-16.11218, 10.21689
-17.05584, 5.90043
-6.03677, 1.18401
-4.19200, 1.98724
-6.70260, 3.46676
-14.39138, -0.13661
-16.36125, 0.71548
-17.66843, -0.44662
-17.30295, -2.15759
-18.02647, -4.00076
-8.58795, 4.30123
-10.30810, 3.87985
-7.98719, 2.19577
-10.46965, 1.05404
-9.69936, -1.50379
-7.62151, -0.02684
-6.47290, -1.43939
-3.37983, -0.32803
-10.37883, -5.59866
-6.76148, -5.41123
-7.66402, -7.62448
-5.86726, -8.07640
-5.27999, -6.41321
-4.96489, -4.08944
-2.58242, -2.67289
-4.58192, -1.76212
-14.91758, -2.79000
-13.16108, -3.20367
-11.44587, -2.27483
-12.99068, -1.34252
-11.38820, -0.49294
-6.66958, -3.49206
-8.07385, -2.27831
-9.57056, -3.35870
-9.43374, -8.03571
-12.17936, -5.68727
-11.39812, -4.11413
-9.56990, -10.45356
-11.32988, -10.09793
-10.38024, -12.68309
-12.75617, -13.58033
-11.34857, -14.68631
-13.83835, -4.79873
-15.80933, -4.39056
-18.35029, -6.38764
-15.72529, -6.82700
-16.05672, -10.42306
-13.88982, -7.08188
-14.06122, -9.75074
-12.29191, -8.01021
-3.90522, -14.00004
-7.34908, -14.11097
-5.96181, -16.38416
-4.21123, -16.84406
-6.40181, -18.28826
-1.83731, -18.71232
-2.27942, -16.57606
-0.88670, -11.18980
-8.65319, -15.28177
-7.79175, -17.08971
-8.65941, -12.02654
-6.65078, -11.13548
-7.25328, -9.39506
-1.95957, -12.54607
-4.36212, -12.20742
-6.07353, -12.89366
6.14753, -16.08817
4.91755, -14.20256
5.03390, -12.39103
9.24067, -9.97469
9.98917, -12.82825
7.52254, -10.33257
6.84680, -12.14099
6.80521, -14.37903
3.63030, -11.39014
1.65313, -13.68270
-0.38242, -14.76838
1.28786, -15.34936
-0.46501, -16.93541
2.68144, -17.06961
3.97117, -15.78774
5.67953, -18.65276
-3.53859, -5.89902
-3.00052, -7.84705
-5.14625, -9.80557
-3.15294, -10.57305
0.21992, -12.64508
2.06548, -10.29848
0.35912, -9.90798
-0.03184, -6.00915
8.32054, -13.51839
7.93114, -16.17686
11.55561, -15.19910
11.75854, -13.38560
13.37470, -12.50235
11.89829, -11.22155
-1.94644, -5.05733
-1.24834, -8.00419
8.87527, -8.21758
7.48569, -5.99041
9.23567, -6.44535
14.62485, -5.28902
11.70256, -5.31657
13.17772, -6.43152
10.83213, -7.33820
11.13694, -9.69425
5.05645, -5.65598
2.86300, -4.59513
2.35074, -6.29239
4.60915, -7.36072
0.90437, -8.18358
2.90057, -8.69407
5.76167, -10.70850
6.25591, -8.04244
-1.29585, -1.15248
-0.21724, -3.10427
0.60207, -1.33718
1.11882, -4.64814
2.70920, -2.78352
2.20242, 0.23070
2.69065, 2.43835
-0.10418, 3.51155
12.42720, -8.32146
13.84905, -10.15274
15.52636, -9.40755
15.03167, -7.63238
18.19665, -6.58448
0.63194, 1.10855
-2.44369, 2.35541
-1.87450, 0.59727
11.66527, -2.24316
10.40121, 0.56742
11.70750, 1.78199
15.82697, 0.07911
14.26627, 1.00790
12.17866, -0.45995
13.95727, -1.58729
13.46596, -3.92827
3.88035, 0.75497
6.02534, 0.48420
5.56766, -2.02053
4.69143, -3.64621
7.79274, -1.46459
7.97775, -3.28613
9.71672, -3.48415
9.60496, -1.06172
5.36469, 5.21192
4.61764, 2.40199
6.43251, 2.22943
7.90684, 1.12304
7.21815, 3.81620
8.96440, 2.63480
8.83528, 6.20116
7.68622, 7.65092
16.03826, -3.64092
16.44471, -5.67692
18.24935, -3.99720
16.61731, -1.76398
18.56704, 1.49705
6.50956, 9.17089
6.08024, 7.01929
3.85753, 7.41345
16.87589, 5.08190
16.76170, 7.29211
15.04381, 5.28864
11.35311, 13.14216
9.58971, 12.78386
8.35331, 9.71836
10.90642, 10.43248
11.30684, 8.15401
14.97304, 8.05806
13.26544, 6.16642
10.82046, 6.44758
10.96588, 4.59347
12.48965, 3.81071
14.93227, 3.52745
16.20457, 2.20515
18.20317, 3.26482
5.03757, 12.47332
5.77155, 10.78862
7.99770, 11.47443
7.00634, 13.71534
8.69432, 14.40701
10.36979, 15.12901
8.91789, 16.75823
6.76023, 16.46705
12.68738, 10.16519
13.14059, 8.07217
14.45284, 9.75905
17.16698, 9.81208
14.30249, 12.90465
4.33468, 17.32589
5.31250, 15.44152
3.89983, 13.93271
