-1.532 1.178
0.093 -1.512
1.037 0.730
-1.616 -0.623
2.142 -0.643
-1.405 3.013
-1.276 -2.845
3.418 1.266
-3.287 0.881
1.540 -3.597
1.181 3.249
-3.324 -1.595
3.945 -0.712
-3.199 3.300
-0.614 -4.806
2.914 3.017
-4.887 -0.026
4.462 -3.911
-0.576 5.334
-3.606 -4.075
5.178 0.563
-5.176 3.252
1.057 -5.341
2.432 5.724
-6.048 -2.060
5.828 -1.741
-2.731 4.979
-2.179 -5.639
4.753 3.179
-6.535 0.937
3.060 -5.118
0.967 6.813
-5.401 -4.255
6.819 -0.242
-4.964 5.613
-0.041 -6.740
4.538 5.907
-7.439 -0.881
6.742 -4.219
-1.613 8.108
-4.051 -7.044
6.870 2.911
-7.118 2.666
2.711 -7.104
2.719 7.654
-7.191 -4.124
7.785 -1.817
-3.536 6.660
-2.071 -7.973
6.283 5.520
-8.340 0.734
6.250 -5.964
0.061 8.756
-5.625 -6.252
8.162 0.934
-6.639 4.858
1.677 -8.540
4.768 7.708
-8.216 -2.617
8.599 -4.459
-3.648 8.486
-3.190 -9.419
8.178 4.339
-9.538 2.070
4.828 -8.301
1.867 9.216
-8.390 -5.472
9.359 -0.787
-6.434 7.047
-0.393 -9.177
7.752 7.015
-10.094 0.280
7.833 -6.790
-1.457 10.456
-6.727 -8.793
10.503 2.563
-9.363 4.714
2.990 -9.794
4.577 9.897
-9.852 -4.381
9.896 -3.249
-5.250 9.446
-1.745 -10.420
9.394 6.164
-11.440 1.967
6.297 -9.407
0.345 11.054
-8.297 -7.336
11.869 0.343
-8.193 7.289
1.508 -12.089
6.480 8.258
-11.671 -1.525
10.063 -6.349
-2.987 11.463
-4.831 -10.163
9.952 4.343
-10.790 3.624
5.323 -10.905
3.604 11.531
-10.115 -6.219
11.556 -2.593
-7.083 9.910
-0.698 -11.989
9.292 7.985
-12.105 0.224
9.033 -9.227
-0.325 13.129
-8.439 -9.867
12.424 2.119
-9.991 6.819
3.306 -12.374
6.816 11.029
-11.641 -4.130
11.204 -4.863
-4.870 11.358
-4.307 -11.877
11.302 6.036
-12.568 3.374
7.505 -10.782
1.844 12.388
-10.233 -8.037
13.053 -0.956
-9.348 8.730
0.282 -13.436
9.202 9.783
-13.396 -0.966
11.146 -8.521
-2.120 13.344
-6.340 -11.055
13.495 3.507
-11.626 6.257
5.044 -12.660
4.755 13.101
-12.657 -6.364
13.715 -4.259
-6.666 11.954
-3.350 -13.378
11.609 7.776
-13.418 1.722
9.980 -10.767
1.164 14.217
-10.283 -9.897
14.627 0.951
-11.607 8.782
2.033 -13.811
8.666 11.585
-14.358 -3.092
12.472 -6.549
-4.064 13.792
-5.627 -13.636
13.919 5.762
-13.450 4.996
6.922 -13.032
3.888 15.076
-12.356 -8.114
15.205 -2.120
-9.299 10.685
-0.476 -15.057
11.521 10.236
-14.627 0.470
11.756 -10.240
-1.565 15.274
-8.633 -11.714
15.162 2.762
-13.412 8.456
4.718 -15.581
6.679 13.270
-14.174 -5.374
14.793 -5.638
-7.418 13.577
-4.295 -14.834
13.572 8.445
-14.905 2.727
8.624 -12.254
1.731 16.424
-11.909 -10.554
15.969 -0.516
-10.988 11.377
1.198 -15.887
10.510 12.461
-15.483 -1.675
13.661 -9.207
-4.064 15.589
-8.036 -14.708
15.514 4.857
-14.965 6.528
7.090 -14.801
5.658 14.800
-14.222 -8.148
15.939 -3.817
-8.834 14.624
-1.972 -16.213
13.315 10.292
-16.286 1.559
11.261 -12.564
-0.072 16.889
-11.433 -13.184
16.839 2.090
-12.710 10.242
2.908 -15.651
8.675 13.692
-16.599 -4.047
14.926 -7.659
-5.996 15.284
-6.502 -15.634
15.354 8.120
-16.918 4.171
9.307 -14.476
4.085 17.088
-13.570 -11.176
17.565 -1.393
-11.838 12.953
-0.057 -17.259
12.263 12.850
-17.086 -0.755
13.287 -11.231
-3.241 17.138
-9.943 -14.239
16.984 3.870
-15.535 8.414
6.186 -16.737
6.118 16.470
-16.756 -8.094
17.866 -5.299
-9.474 16.346
-3.641 -16.904
15.130 10.345
-18.221 2.737
11.116 -14.398
0.554 18.594
-13.402 -13.200
18.267 0.720
-13.752 11.634
1.605 -17.973
10.309 14.544
-18.697 -3.964
15.608 -10.321
-5.571 17.079
-8.432 -16.800
17.999 6.843
-16.601 5.905
7.989 -16.530
4.699 18.829
-15.841 -9.686
18.152 -3.553
-11.329 15.240
-1.370 -19.439
14.412 12.403
-19.362 0.609
14.634 -12.715
-1.814 19.161
-12.522 -14.798
19.540 2.948
-16.121 10.032
5.335 -18.317
