1.231 -1.490
0.247 1.495
-1.174 -0.480
1.714 0.247
-1.944 1.105
0.697 -3.251
1.879 2.489
-3.615 -0.470
3.008 -1.593
-0.698 3.850
-1.876 -2.904
3.596 0.813
-3.687 1.575
2.382 -3.931
1.672 4.547
-3.514 -2.290
4.770 -1.066
-3.477 4.809
-0.629 -5.328
4.425 3.167
-5.173 0.607
4.319 -4.326
0.162 5.442
-3.649 -5.036
6.355 0.658
-5.292 2.998
1.550 -5.463
3.383 5.010
-5.342 -2.038
6.161 -2.372
-1.841 5.672
-2.464 -6.425
6.215 2.942
-6.593 1.758
3.586 -6.580
1.544 6.561
-5.742 -4.744
7.448 -0.802
-5.630 5.618
-0.237 -8.263
5.522 5.962
-7.346 -1.304
6.343 -4.188
-1.057 7.530
-4.359 -6.853
7.930 2.415
-7.183 3.509
1.960 -7.282
3.799 7.309
-7.356 -3.978
7.965 -2.577
-4.761 7.209
-2.015 -8.522
6.879 4.838
-8.164 0.912
5.387 -6.217
0.272 8.699
-6.369 -6.449
8.592 0.716
-7.386 6.266
1.661 -9.086
5.213 8.469
-8.941 -2.404
8.835 -4.147
-2.853 9.169
-3.878 -8.567
9.400 3.461
-8.947 2.856
4.699 -8.305
2.432 8.857
-9.123 -5.108
9.777 -2.527
-6.120 8.368
-0.914 -10.518
8.520 7.069
-10.810 -0.154
8.075 -6.686
-0.728 10.215
-6.671 -8.625
10.581 2.071
-8.921 5.376
3.008 -10.380
4.027 9.768
-10.533 -3.911
10.712 -4.471
-4.037 10.576
-2.804 -10.698
9.725 5.298
-11.646 2.315
6.359 -8.934
1.229 12.121
-8.160 -6.603
11.717 -1.119
-8.392 8.436
0.352 -11.840
6.978 8.828
-10.670 -2.012
9.708 -5.941
-2.754 11.818
-6.087 -10.435
11.248 3.804
-10.685 5.107
4.692 -11.241
3.357 11.530
-10.840 -5.709
11.750 -2.921
-6.745 11.010
-2.614 -12.870
10.429 7.734
-12.584 0.708
8.216 -8.877
-0.460 12.800
-9.106 -9.229
12.269 1.427
-9.835 7.242
2.211 -12.159
6.850 10.616
-12.364 -3.360
11.498 -6.095
-4.909 12.185
-4.563 -11.664
11.769 5.550
-12.510 3.846
7.163 -10.597
2.724 13.160
-11.153 -7.482
13.273 -2.049
-8.962 10.795
-0.912 -13.481
8.648 9.361
-13.937 -0.406
9.936 -8.694
-2.090 13.466
-7.560 -11.709
13.758 3.378
-12.418 7.213
3.829 -13.140
6.252 12.293
-13.052 -4.988
12.695 -4.674
-7.324 12.724
-4.309 -13.598
12.233 7.351
-14.470 2.338
9.354 -11.152
1.102 13.916
-11.034 -9.358
14.686 -0.192
-10.695 9.168
0.882 -14.352
8.529 12.036
-14.854 -2.509
11.995 -7.873
-3.838 14.248
-7.156 -13.827
13.855 5.151
-14.348 5.461
6.679 -12.491
3.825 14.571
-13.515 -7.405
14.153 -3.724
-9.173 12.606
-1.884 -15.238
11.030 9.491
-15.396 0.692
11.185 -11.237
-1.121 16.241
-9.473 -11.444
15.016 2.074
-13.161 8.799
4.200 -14.890
7.498 13.500
-15.115 -5.202
13.920 -5.986
-5.670 13.870
-5.354 -15.623
13.965 7.629
-15.451 4.068
8.171 -13.543
2.379 15.753
-13.027 -9.800
15.466 -1.823
-11.260 12.024
0.482 -16.103
11.117 12.542
-16.207 -1.271
13.130 -9.704
-3.606 16.010
-8.819 -13.163
15.682 4.767
-14.685 7.279
5.346 -16.227
5.542 15.364
-15.277 -7.060
15.527 -5.155
-8.172 14.761
-3.701 -16.479
14.088 10.298
-16.880 1.722
10.103 -12.821
0.659 15.905
-11.513 -11.410
17.084 0.239
-12.840 10.798
2.432 -16.237
9.828 13.787
-16.780 -4.487
15.560 -7.843
-5.840 16.188
-7.797 -15.745
15.723 7.864
-16.811 5.279
8.648 -15.269
3.909 16.811
-14.822 -9.788
16.823 -3.078
-10.444 13.913
-0.667 -17.429
12.870 11.660
-17.419 0.020
13.265 -11.670
-2.293 17.696
-9.641 -14.688
18.141 4.149
-16.232 9.154
5.585 -18.049
7.323 15.665
-17.057 -6.706
17.150 -6.736
-7.621 16.516
-4.692 -18.001
16.011 9.875
-17.967 3.377
10.807 -14.410
2.448 17.877
-13.296 -11.875
19.110 -0.310
-12.910 13.545
1.617 -17.892
11.970 14.493
-19.072 -2.652
14.863 -9.463
-4.097 17.896
-8.784 -17.305
17.604 5.905
-16.900 7.516
7.641 -17.384
5.675 18.643
-16.817 -8.872
18.738 -4.916
-11.426 15.661
-2.510 -19.083
15.509 11.629
-19.705 1.489
13.475 -13.378
-1.111 19.046
