-1.377 -1.356
1.510 -0.115
-0.581 1.127
0.395 -1.686
0.932 2.033
-3.177 -0.978
2.643 -1.654
-0.784 3.560
-1.325 -3.135
3.774 1.031
-3.056 1.616
1.123 -3.511
1.248 3.810
-3.708 -2.715
4.676 -1.269
-2.587 3.301
-0.646 -4.845
4.487 3.882
-5.363 0.162
3.540 -4.132
0.154 5.206
-3.933 -4.680
5.436 0.312
-5.335 3.196
1.209 -6.274
2.526 5.534
-5.307 -2.020
5.286 -2.934
-2.496 5.144
-1.826 -6.344
5.490 2.328
-6.616 1.895
3.473 -5.935
1.177 6.721
-6.243 -4.146
6.670 -0.967
-5.227 5.307
-0.150 -7.490
5.106 6.098
-8.252 -0.484
6.421 -4.981
-1.939 7.205
-3.619 -6.684
7.410 1.709
-7.207 3.745
3.097 -7.690
2.870 7.461
-7.083 -2.587
7.612 -3.147
-4.604 6.982
-1.873 -8.160
6.767 5.371
-8.665 1.264
5.419 -6.431
0.197 8.213
-5.724 -5.908
8.690 0.487
-6.980 5.783
1.463 -8.497
5.599 7.904
-8.907 -2.447
8.891 -4.455
-3.174 8.697
-3.361 -9.163
8.886 3.641
-8.872 3.116
4.267 -9.063
2.066 9.162
-7.864 -5.405
9.036 -1.651
-5.883 8.643
-1.665 -9.960
7.802 6.826
-10.557 -0.006
7.785 -7.871
-1.095 10.756
-5.956 -8.627
10.112 1.615
-9.173 5.894
2.985 -10.360
4.578 9.356
-10.078 -3.902
10.082 -3.161
-4.814 10.152
-3.520 -11.061
10.184 4.944
-10.901 1.861
6.126 -9.226
1.291 11.804
-8.345 -7.113
12.182 -0.168
-7.289 7.553
-0.094 -11.770
7.672 9.095
-11.765 -1.383
9.402 -6.182
-2.934 10.454
-5.072 -10.189
11.533 3.773
-10.926 5.154
4.770 -10.874
4.157 11.090
-10.789 -5.654
11.779 -2.339
-6.632 10.302
-1.886 -11.960
10.381 7.679
-13.049 1.483
8.613 -9.715
-0.391 12.598
-8.127 -8.959
12.711 1.574
-9.987 8.267
2.491 -12.098
6.357 10.429
-11.920 -3.262
11.172 -5.898
-4.425 12.024
-5.070 -11.985
11.711 5.952
-12.017 3.529
6.555 -11.241
2.741 12.798
-9.932 -8.060
13.347 -1.567
-8.426 10.459
-0.885 -13.401
9.972 9.869
-13.509 -0.266
10.079 -7.799
-1.619 13.849
-7.795 -10.656
13.233 3.256
-12.323 6.510
4.564 -13.411
6.103 12.999
-12.757 -4.960
12.791 -5.157
-6.107 12.568
-3.550 -13.054
12.037 8.405
-13.922 3.107
8.390 -11.546
1.068 14.619
-10.294 -10.290
13.959 0.115
-10.284 10.176
1.089 -14.646
8.201 11.453
-14.220 -2.129
12.733 -7.448
-3.794 14.578
-6.797 -12.636
13.860 5.065
-14.398 5.923
6.339 -13.354
4.190 14.770
-11.862 -7.743
14.849 -2.541
-8.555 12.818
-2.476 -14.424
11.759 10.237
-15.344 0.549
10.416 -10.161
-0.652 15.397
-10.220 -12.122
16.082 2.532
-12.226 8.439
3.375 -14.778
7.618 13.878
-14.468 -5.481
14.102 -6.293
-6.500 14.604
-4.750 -14.388
13.323 6.858
-16.030 3.972
8.817 -13.246
2.706 15.746
-12.779 -9.320
15.900 -0.997
-10.898 12.123
-0.469 -15.566
10.997 12.266
-16.000 -1.883
13.464 -9.981
-2.678 16.035
-8.523 -13.926
15.635 4.988
-13.882 7.638
6.115 -15.207
5.972 15.263
-15.699 -6.740
15.788 -4.182
-8.365 14.604
-3.782 -15.917
13.993 9.427
-16.739 2.251
11.487 -13.137
0.245 16.966
-11.892 -11.182
15.902 0.730
-12.370 10.475
1.727 -16.998
9.638 13.732
-15.963 -3.838
14.592 -8.589
-5.932 16.325
-6.457 -16.184
15.617 7.229
-16.364 6.395
9.205 -14.977
3.794 17.207
-14.457 -9.945
17.087 -2.429
-11.042 13.912
-1.600 -17.027
12.950 11.617
-17.421 -0.855
12.737 -11.805
-1.498 17.355
-10.469 -14.231
17.428 3.827
-15.473 8.324
5.715 -17.710
7.704 16.968
-17.493 -7.137
16.243 -5.930
-8.167 16.408
-5.215 -17.672
15.789 9.031
-18.341 3.105
11.233 -15.089
1.798 18.193
-13.413 -12.022
18.023 -0.881
-12.989 12.210
1.357 -19.064
12.368 14.042
-17.683 -3.171
15.481 -10.661
-4.304 18.768
-8.131 -15.632
17.471 5.641
-18.005 7.242
7.417 -17.022
6.014 17.491
-16.652 -9.127
19.066 -4.029
-10.304 15.980
-3.264 -19.095
14.606 12.747
-19.229 0.837
12.936 -14.437
-0.234 19.760
-12.153 -14.590
18.876 2.767
