-1.923 0.194
0.876 -1.236
0.496 1.167
-1.045 -1.381
2.159 0.582
-2.782 1.820
0.415 -3.090
2.238 2.877
-3.258 -0.983
3.204 -2.245
-0.709 3.384
-1.984 -3.107
3.728 1.474
-4.458 1.119
2.010 -4.408
0.887 4.099
-4.140 -2.598
5.854 -0.973
-3.301 4.230
-0.918 -5.363
4.103 3.207
-6.113 0.037
3.713 -3.983
-0.949 6.146
-4.055 -4.938
5.871 1.591
-4.944 2.793
1.120 -5.941
2.364 5.207
-6.048 -2.647
5.298 -2.737
-2.768 6.300
-2.348 -6.463
5.923 3.388
-7.177 2.155
3.517 -5.749
0.745 7.411
-5.858 -4.669
7.953 -0.033
-5.644 6.040
0.269 -8.122
4.305 6.094
-7.455 -1.485
6.048 -4.609
-1.722 7.938
-3.938 -7.294
7.574 2.558
-6.515 3.797
2.441 -7.867
2.431 8.002
-7.475 -3.771
8.455 -1.775
-4.562 7.474
-1.486 -8.277
6.445 5.095
-8.202 0.630
5.926 -6.375
-0.009 9.064
-5.603 -6.553
9.658 0.741
-7.572 5.290
2.252 -9.686
4.664 7.998
-9.197 -3.267
8.478 -4.511
-3.270 8.817
-4.247 -9.072
8.369 4.263
-9.182 2.598
4.502 -8.007
2.892 10.047
-8.727 -5.081
10.236 -1.643
-6.748 8.119
-1.084 -11.018
7.576 7.713
-10.442 -0.927
7.702 -6.749
-1.325 10.823
-6.064 -8.915
10.123 2.454
-9.439 5.262
4.008 -9.776
4.736 10.189
-10.759 -4.357
10.309 -4.677
-5.531 9.576
-3.186 -10.607
9.907 6.546
-10.804 1.877
7.652 -9.480
1.156 10.433
-9.116 -7.446
11.899 -0.093
-8.579 8.168
1.249 -11.183
6.170 8.935
-11.080 -2.606
10.270 -6.463
-3.013 11.699
-5.319 -10.616
11.187 3.886
-11.242 4.690
5.724 -10.557
3.690 11.683
-10.406 -6.188
12.539 -3.081
-7.194 10.987
-1.973 -12.833
9.443 8.348
-12.084 0.531
9.330 -8.775
-0.019 12.965
-7.717 -9.644
12.085 1.770
-10.124 7.087
2.598 -12.364
6.425 11.085
-12.460 -3.755
12.060 -5.209
-4.961 11.500
-4.462 -12.223
11.598 6.066
-12.545 2.493
7.320 -11.270
2.665 13.163
-10.876 -7.880
13.963 -1.369
-8.834 10.224
0.437 -12.736
9.621 10.092
-13.178 -0.809
10.958 -8.101
-2.863 13.640
-7.403 -12.078
13.900 3.607
-11.965 6.647
4.203 -13.135
5.769 12.726
-12.311 -5.607
14.156 -3.892
-6.502 12.696
-3.524 -13.830
11.930 8.516
-14.493 1.347
9.005 -10.667
1.260 14.413
-10.573 -10.194
14.050 1.006
-10.722 9.581
2.403 -14.554
8.793 12.231
-14.064 -2.841
12.750 -7.428
-4.640 14.862
-6.225 -13.407
14.040 6.211
-13.534 4.181
7.530 -13.048
4.398 14.770
-12.679 -7.309
15.388 -2.508
-9.379 12.156
-1.164 -14.505
11.430 10.337
-15.855 0.120
12.221 -10.756
-1.316 14.797
-9.215 -12.036
15.544 3.003
-13.459 7.630
4.167 -14.870
7.085 14.330
-14.105 -5.536
13.786 -5.870
-7.184 14.871
-4.560 -15.245
13.843 7.976
-15.334 3.879
9.389 -12.871
2.366 16.129
-12.276 -9.583
16.462 -0.626
-11.669 11.107
0.921 -16.734
10.626 12.303
-16.159 -2.338
13.825 -8.844
-2.990 15.560
-7.794 -14.419
15.558 5.155
-15.214 7.773
6.867 -14.819
5.893 15.764
-14.663 -7.257
16.191 -4.744
-8.961 14.317
-2.770 -17.229
13.210 10.649
-16.200 2.007
10.719 -11.769
0.158 16.208
-11.975 -12.187
16.722 1.356
-13.150 9.830
2.712 -16.713
8.771 14.992
-16.577 -5.370
15.538 -7.398
-5.533 16.676
-5.644 -16.649
15.663 8.072
-16.887 4.771
9.046 -14.699
3.651 17.383
-14.123 -9.645
17.210 -2.543
-11.786 12.858
-0.947 -17.341
12.395 12.238
-17.637 -1.036
14.077 -10.965
-3.479 17.222
-9.976 -15.709
17.976 4.911
-16.666 8.900
5.813 -16.285
7.407 16.765
-16.928 -7.276
17.034 -6.380
-9.327 16.095
-4.435 -18.281
15.146 10.238
-17.818 2.641
10.835 -14.429
1.097 17.793
-13.802 -13.221
18.704 -0.547
-13.735 11.580
1.686 -18.721
11.691 15.300
-17.221 -3.729
15.500 -9.839
-5.929 18.479
-8.359 -16.580
17.299 6.545
-17.659 6.982
9.079 -17.243
5.713 18.136
-16.777 -9.686
19.138 -3.095
-11.639 15.329
-2.844 -19.175
15.054 12.802
-18.988 0.031
14.186 -12.756
