1.862 0.518
-1.265 0.833
-0.038 -1.268
0.472 1.667
-1.800 -1.326
3.253 -0.685
-1.509 2.728
-1.040 -3.493
2.679 2.100
-3.801 0.928
1.890 -2.895
0.720 3.615
-2.938 -2.727
4.559 0.577
-3.474 3.377
0.663 -4.142
2.914 3.924
-5.807 -1.220
4.612 -2.742
-1.093 5.330
-2.658 -4.479
5.709 2.186
-4.906 2.362
3.117 -5.382
1.984 6.073
-4.892 -3.615
5.621 -0.806
-3.201 5.129
-0.311 -5.710
4.673 4.663
-5.930 0.625
4.868 -4.864
-0.160 6.874
-4.288 -5.308
7.470 0.599
-5.365 4.079
1.998 -7.176
3.762 6.478
-7.422 -2.858
7.452 -3.578
-3.201 7.469
-1.797 -7.241
6.406 4.092
-7.309 2.097
4.488 -6.770
1.020 8.227
-6.127 -5.134
7.449 -1.171
-5.132 6.443
0.642 -8.338
5.594 6.229
-8.522 -1.417
6.965 -5.307
-1.622 8.252
-4.154 -7.088
7.871 2.392
-7.836 3.787
3.301 -8.441
2.840 8.141
-8.729 -4.199
8.976 -2.178
-5.617 8.207
-1.440 -9.146
7.382 6.384
-9.537 1.123
6.249 -7.027
0.662 9.995
-6.248 -7.012
9.499 0.914
-7.102 5.824
0.955 -10.412
6.285 7.904
-10.133 -2.187
9.237 -5.113
-2.992 10.659
-4.257 -9.938
9.392 4.657
-9.627 3.490
5.166 -9.602
2.412 10.509
-8.540 -5.963
10.706 -1.473
-7.285 7.652
-0.711 -11.213
8.441 7.968
-11.303 0.613
8.632 -6.913
-0.885 11.040
-6.852 -9.698
10.748 2.176
-10.573 6.053
2.713 -10.140
5.788 10.249
-11.120 -4.235
10.960 -4.494
-5.226 9.965
-2.502 -10.566
9.376 6.453
-11.916 2.291
7.057 -9.805
1.100 11.823
-9.012 -7.684
12.177 -0.286
-9.168 7.756
0.806 -12.225
7.448 9.546
-12.802 -1.684
10.694 -7.623
-2.823 12.673
-5.765 -11.208
11.452 3.895
-11.881 4.786
4.727 -12.073
3.687 11.789
-10.616 -6.039
12.007 -2.925
-6.912 10.575
-1.959 -12.662
10.245 8.025
-13.129 0.472
8.800 -8.913
-0.283 13.009
-8.602 -9.864
12.594 2.234
-10.914 7.841
2.299 -13.232
7.271 11.292
-13.507 -3.797
11.944 -6.316
-5.034 11.707
-5.298 -12.898
11.984 5.541
-13.152 3.568
7.622 -11.668
2.510 13.943
-11.640 -8.410
13.562 -1.846
-8.687 10.711
-0.752 -13.953
9.434 9.696
-14.602 -1.516
10.670 -9.467
-1.740 14.165
-8.022 -12.268
13.992 4.009
-12.265 6.667
4.061 -13.886
6.148 13.338
-12.725 -6.041
13.470 -5.032
-7.526 12.687
-3.749 -14.590
12.071 7.756
-14.578 2.289
9.721 -12.161
0.930 14.752
-10.825 -10.887
14.128 1.021
-11.755 9.421
1.268 -15.359
9.158 11.415
-15.248 -3.253
13.154 -7.919
-4.184 13.937
-6.894 -13.783
14.815 5.648
-15.293 5.582
6.602 -13.308
4.213 14.561
-13.391 -8.444
15.311 -2.220
-9.284 12.341
-1.395 -15.924
11.130 10.281
-14.977 0.461
12.095 -11.246
-1.290 15.860
-10.000 -12.460
15.695 1.956
-13.423 8.581
3.654 -15.887
7.956 13.387
-15.565 -5.396
14.907 -6.110
-6.937 15.257
-5.431 -15.323
14.206 8.048
-16.093 3.218
8.438 -13.411
2.024 16.265
-12.623 -10.455
16.999 -1.716
-11.781 11.312
0.236 -16.828
11.025 12.088
-16.809 -1.461
13.549 -10.084
-3.678 17.059
-8.439 -14.721
15.822 4.015
-14.262 7.071
5.740 -15.159
6.730 15.704
-15.087 -7.337
15.823 -4.382
-8.598 14.587
-2.726 -17.154
13.494 11.025
-17.164 1.249
11.212 -13.527
-0.790 17.562
-11.661 -13.210
17.466 1.689
-13.767 10.409
2.913 -17.521
9.655 14.116
-16.959 -3.882
15.651 -7.698
-5.417 16.500
-7.103 -15.905
16.056 7.372
-17.098 5.102
9.497 -14.782
3.588 18.260
-14.965 -11.105
18.760 -2.239
-11.332 13.061
-0.812 -18.310
13.129 12.928
-18.188 -0.244
14.537 -11.608
-2.509 18.643
-10.393 -15.040
17.560 4.012
-15.336 9.508
5.441 -16.976
8.056 17.332
-17.625 -6.285
17.003 -5.800
-8.372 16.830
-5.334 -18.502
14.690 9.730
-18.015 3.537
12.236 -15.063
1.765 18.484
-13.740 -12.382
18.989 -0.091
-14.722 12.767
1.265 -18.972
12.112 15.118
-18.955 -4.068
16.412 -10.054
-4.315 18.898
-9.375 -17.396
17.702 6.869
-17.851 6.732
