-1.697 -0.924
1.420 -0.527
-0.248 1.244
-0.085 -1.730
1.456 1.697
-3.324 -0.064
2.085 -2.319
0.228 3.638
-2.138 -2.648
3.912 -0.049
-2.492 2.396
0.112 -3.685
2.250 3.318
-4.313 -1.588
4.145 -2.508
-1.577 3.886
-1.956 -4.479
5.384 2.495
-5.110 1.634
2.264 -4.948
1.583 4.962
-5.071 -3.415
5.311 -1.198
-4.247 4.542
-0.567 -6.364
3.953 4.623
-5.658 -0.479
4.273 -4.277
-0.981 5.633
-3.504 -5.595
5.919 0.725
-5.837 3.645
1.702 -6.662
2.984 6.136
-7.143 -2.264
6.145 -2.768
-3.561 6.542
-2.209 -7.158
6.589 4.454
-8.066 1.810
4.799 -6.558
0.122 7.460
-5.321 -5.428
7.594 -0.399
-5.896 5.587
0.857 -8.245
4.815 6.381
-7.522 -0.535
6.450 -5.124
-2.501 7.980
-4.050 -7.327
7.985 3.298
-7.981 3.604
3.437 -7.676
2.453 7.840
-7.131 -4.101
8.487 -1.927
-5.115 7.482
-0.936 -8.571
7.561 6.055
-9.236 0.103
7.319 -6.733
-0.654 9.235
-5.756 -7.881
9.545 1.051
-7.669 5.441
1.604 -9.888
4.511 8.238
-9.049 -3.028
8.231 -4.078
-3.273 9.930
-4.346 -9.115
9.382 4.411
-10.150 2.904
5.313 -9.712
1.912 10.641
-8.104 -6.651
10.166 -1.235
-7.194 8.194
0.014 -10.782
6.980 7.731
-10.763 -0.973
8.820 -5.817
-1.829 11.086
-6.433 -9.662
11.152 1.945
-9.966 4.794
3.345 -10.558
4.495 10.991
-9.983 -4.538
11.663 -3.520
-4.924 9.270
-3.334 -11.288
9.882 6.628
-11.690 1.914
7.334 -8.534
0.061 10.858
-7.684 -8.396
12.126 0.448
-9.082 7.966
1.588 -11.767
7.052 9.514
-11.929 -2.461
10.678 -5.495
-3.535 11.731
-5.109 -10.976
12.095 4.521
-12.135 5.022
5.602 -11.713
3.096 12.218
-10.282 -6.371
12.653 -1.991
-7.322 10.700
-0.940 -12.316
8.985 8.273
-12.357 0.150
9.114 -8.749
-0.939 12.778
-8.177 -10.123
12.898 2.493
-10.579 6.705
3.202 -12.612
6.163 11.547
-11.769 -5.010
12.398 -5.185
-5.216 12.376
-4.544 -12.638
12.306 6.738
-13.059 3.468
7.539 -10.275
2.261 13.759
-10.430 -8.094
13.618 -0.518
-10.051 9.655
0.691 -14.150
9.450 10.813
-13.630 -1.252
10.874 -8.483
-2.406 13.764
-7.011 -11.570
13.887 4.762
-12.526 6.824
4.882 -13.411
5.056 13.758
-12.731 -7.054
13.450 -3.737
-7.081 12.616
-2.990 -14.379
11.040 8.749
-14.256 1.873
10.187 -10.669
0.371 15.060
-10.017 -10.273
14.719 1.049
-12.208 9.663
2.412 -14.584
8.098 13.043
-13.536 -4.173
13.574 -6.535
-4.690 14.680
-6.356 -13.183
14.125 6.599
-14.599 4.757
7.212 -12.639
3.617 14.981
-13.165 -8.836
16.157 -1.999
-9.426 11.482
-0.829 -15.136
11.148 11.240
-15.418 -1.281
11.822 -9.936
-2.222 15.830
-8.532 -12.522
14.697 2.920
-14.315 8.237
4.825 -15.164
6.941 14.391
-14.853 -5.437
15.010 -5.341
-7.135 14.658
-4.741 -14.834
13.952 8.759
-15.899 2.600
10.191 -13.306
1.845 16.152
-12.031 -11.037
16.404 0.485
-11.238 11.169
1.687 -16.303
9.947 13.026
-16.949 -2.152
14.024 -8.372
-4.015 16.344
-8.023 -14.258
16.049 5.205
-15.470 6.777
7.421 -15.794
4.912 16.242
-14.514 -7.471
15.487 -3.682
-9.003 13.479
-3.025 -16.815
13.050 10.543
-16.403 0.711
11.659 -12.279
-1.203 17.327
-10.668 -13.778
17.005 2.644
-13.968 10.658
4.720 -16.934
8.390 15.495
-16.639 -5.575
15.756 -7.045
-6.780 16.417
-6.232 -15.926
15.651 7.597
-16.982 3.980
8.990 -14.859
3.343 17.095
-13.986 -10.794
17.808 -1.125
-12.579 12.266
0.612 -18.599
12.083 14.187
-18.783 -2.039
13.980 -10.177
-3.328 18.024
-9.884 -15.550
17.667 4.329
-16.775 8.040
6.638 -17.601
6.743 16.993
-16.208 -7.859
17.082 -5.815
-9.120 15.317
-3.951 -18.700
15.759 10.089
-17.872 1.826
11.943 -14.515
1.036 19.228
-12.125 -12.785
18.349 0.607
-15.311 11.924
2.438 -18.407
10.603 15.156
-18.523 -4.183
17.217 -9.128
-5.500 18.201
-8.401 -17.455
17.554 8.228
-18.253 6.105
8.456 -17.443
5.221 19.059
-15.703 -10.675
18.908 -2.544
