0.534 1.857
-1.373 -0.641
1.059 -0.697
-1.172 1.275
0.186 -2.228
2.288 2.412
-3.115 0.144
2.430 -2.717
-0.385 3.382
-2.782 -2.751
3.456 0.092
-2.702 2.508
0.783 -3.932
1.898 4.186
-4.696 -1.190
3.875 -1.606
-1.816 4.538
-2.004 -5.585
4.752 2.491
-5.113 1.862
2.422 -4.611
1.129 6.008
-4.582 -2.941
6.217 -0.165
-4.133 4.872
0.516 -6.061
3.632 4.365
-6.046 -0.039
4.700 -3.257
-1.523 6.424
-3.640 -4.723
6.694 1.597
-5.939 3.466
2.274 -6.433
3.403 6.676
-6.286 -2.432
7.159 -2.058
-3.546 6.599
-1.455 -7.819
6.952 4.473
-8.039 1.188
5.226 -5.325
-0.128 7.600
-5.616 -5.127
8.118 0.275
-6.473 5.179
1.162 -7.909
4.901 5.731
-8.177 -0.995
7.438 -3.823
-2.374 8.028
-3.259 -8.001
8.170 3.152
-7.878 2.942
3.860 -7.252
2.087 7.957
-7.332 -4.690
8.919 -1.612
-5.446 6.685
-0.998 -9.635
6.559 6.504
-9.933 -0.484
7.035 -6.019
-1.570 9.633
-5.954 -7.534
9.259 1.640
-8.166 5.801
2.698 -8.996
4.198 8.569
-8.682 -2.997
9.368 -4.642
-3.439 9.495
-3.447 -9.777
9.195 5.188
-10.646 3.036
6.234 -8.833
0.955 10.440
-8.017 -6.371
10.885 -0.632
-7.687 7.561
0.604 -10.398
6.865 8.347
-10.335 -2.195
9.178 -6.481
-2.363 11.365
-6.445 -9.306
10.411 3.730
-9.866 5.031
4.670 -10.918
3.779 10.294
-10.696 -5.833
10.058 -3.002
-5.696 10.300
-2.219 -11.690
9.571 6.980
-11.226 0.770
7.688 -7.668
-0.583 11.367
-8.195 -8.949
12.049 0.873
-9.494 7.132
1.823 -11.702
6.624 10.222
-11.410 -3.745
10.835 -5.719
-4.228 11.345
-5.274 -11.786
12.096 5.114
-12.273 4.236
6.525 -10.783
2.683 11.795
-10.302 -7.611
12.760 -2.300
-8.109 9.317
-0.419 -12.206
8.783 8.694
-12.629 -0.346
9.758 -8.303
-1.467 12.930
-7.281 -10.935
12.202 2.825
-11.229 6.575
3.894 -12.496
4.696 11.897
-12.397 -5.187
12.475 -4.976
-5.808 12.110
-3.843 -13.494
11.638 6.863
-12.609 1.847
8.209 -11.270
1.560 13.110
-9.930 -9.333
13.932 0.378
-10.560 9.443
1.064 -14.321
8.679 10.583
-13.675 -1.786
11.490 -7.951
-3.315 13.116
-6.361 -13.231
13.654 4.127
-12.977 5.940
6.246 -13.260
3.917 14.018
-12.105 -6.953
13.955 -3.817
-8.139 12.226
-1.522 -14.004
11.343 8.836
-14.750 0.238
10.462 -10.838
-0.281 14.345
-9.588 -11.217
15.452 1.908
-12.078 8.522
3.600 -14.924
6.533 12.568
-14.184 -5.076
13.746 -6.968
-4.924 13.782
-5.219 -14.691
13.638 7.054
-14.063 3.739
8.127 -13.094
2.953 15.578
-12.768 -10.100
14.794 -1.351
-10.195 11.218
0.176 -15.830
9.913 11.878
-15.375 -1.441
12.832 -9.533
-2.925 14.867
-8.240 -12.515
15.916 4.409
-14.184 7.212
5.373 -15.047
6.558 14.393
-14.342 -6.937
15.446 -5.212
-7.233 13.792
-3.559 -16.084
13.015 9.495
-16.629 2.086
10.205 -12.655
0.589 16.316
-11.173 -12.021
15.844 0.160
-12.793 10.246
2.290 -16.229
10.369 13.579
-15.808 -4.107
14.456 -8.617
-4.519 15.724
-7.563 -15.082
15.688 6.257
-16.457 5.806
8.116 -14.901
4.871 15.580
-13.496 -8.442
15.919 -3.054
-9.849 13.961
-1.656 -16.695
12.023 11.180
-16.929 0.320
13.182 -11.310
-2.319 17.270
-10.057 -13.965
17.396 2.462
-15.372 8.530
5.142 -16.854
7.713 15.762
-16.079 -6.272
16.450 -6.700
-6.965 15.620
-5.580 -16.478
14.758 9.297
-16.892 4.032
9.825 -14.384
2.135 17.538
-13.305 -11.890
17.566 0.344
-13.672 12.624
1.617 -18.565
11.737 14.806
-17.062 -2.808
15.170 -10.286
-4.132 17.956
-9.323 -15.619
17.503 6.299
-17.194 7.632
7.365 -16.733
5.784 17.059
-16.134 -8.080
17.310 -4.261
-10.541 15.943
-3.882 -18.305
13.849 11.443
-18.721 1.688
12.963 -14.238
-0.590 17.610
-12.452 -13.491
19.241 2.529
-14.818 11.189
3.347 -18.191
10.027 16.126
-18.589 -5.850
16.822 -8.864
-6.530 18.238
-6.467 -18.276
17.163 8.710
-18.357 6.227
9.904 -17.100
3.426 18.677
-15.087 -11.677
