1.758 -0.803
-0.431 1.452
-0.846 -0.945
1.434 0.971
-2.232 0.145
2.047 -2.620
0.603 3.059
-3.046 -2.002
3.401 -0.119
-2.309 3.158
-0.420 -3.432
2.880 2.302
-4.004 -0.193
3.859 -2.495
-0.483 4.821
-2.161 -3.595
4.756 1.125
-5.228 2.807
1.761 -5.068
2.597 4.781
-4.918 -1.714
5.775 -2.005
-2.231 4.967
-1.082 -6.124
5.430 3.368
-6.071 0.385
3.781 -4.237
0.855 5.985
-3.916 -4.167
6.578 0.557
-4.133 4.298
0.590 -6.856
4.306 5.361
-6.699 -1.298
6.100 -4.353
-1.477 6.576
-3.093 -6.776
7.051 2.532
-7.518 2.594
3.396 -7.537
2.363 7.775
-6.039 -4.381
7.536 -0.997
-4.240 6.312
-0.928 -8.069
6.079 5.636
-7.994 0.020
4.944 -5.694
0.225 8.234
-4.880 -6.792
8.291 1.161
-7.432 4.405
1.910 -8.546
4.074 7.357
-7.743 -2.746
7.561 -3.240
-3.555 7.944
-2.912 -8.583
7.416 4.398
-9.381 2.411
5.463 -7.448
0.990 9.895
-6.993 -6.068
9.759 0.129
-6.572 7.002
0.254 -9.400
6.944 7.219
-9.296 -1.339
7.855 -5.419
-1.681 9.030
-5.976 -8.579
9.899 1.997
-9.160 4.854
3.772 -9.861
4.576 10.081
-9.657 -4.860
10.184 -2.487
-5.116 8.871
-2.234 -10.673
8.614 6.485
-10.373 0.940
7.240 -8.023
-0.644 10.546
-7.767 -8.119
11.589 0.657
-8.251 7.750
2.150 -10.848
6.434 9.014
-11.488 -3.005
9.623 -5.259
-4.188 11.440
-4.456 -9.504
11.029 4.111
-11.234 3.923
5.489 -10.497
2.421 10.989
-8.720 -6.470
11.328 -1.104
-7.639 9.428
-0.918 -12.046
8.456 8.335
-11.843 -0.073
9.130 -8.062
-2.017 11.838
-7.258 -9.870
11.845 2.505
-10.877 6.958
3.270 -12.719
6.003 11.512
-11.629 -4.860
11.269 -4.397
-6.005 11.313
-4.161 -12.279
10.414 6.643
-12.010 2.218
7.300 -9.972
1.525 12.541
-9.655 -8.423
13.005 -0.461
-9.738 8.817
0.990 -12.486
8.163 10.133
-12.934 -2.005
11.073 -6.403
-3.297 13.028
-6.765 -11.602
12.835 3.954
-12.777 5.796
5.068 -12.525
3.690 12.198
-12.360 -6.453
12.736 -3.481
-7.762 11.201
-1.686 -13.835
10.901 9.048
-14.321 1.065
9.184 -10.148
0.254 13.789
-9.562 -10.188
13.462 1.340
-12.146 8.246
2.064 -14.115
7.793 11.956
-14.038 -4.217
13.285 -5.946
-5.087 13.000
-5.838 -13.238
13.294 6.242
-13.625 3.575
7.062 -12.525
2.415 14.552
-12.266 -8.745
14.229 -1.842
-9.676 11.141
-0.397 -15.564
10.214 10.685
-15.292 -1.355
11.465 -8.319
-2.924 14.779
-8.923 -12.565
14.358 2.833
-13.758 7.333
4.961 -14.531
5.777 13.356
-14.152 -6.102
14.970 -5.223
-8.102 14.121
-3.523 -14.432
12.602 8.425
-15.682 2.166
10.282 -11.560
0.848 15.419
-11.325 -11.282
15.136 0.695
-11.159 10.000
2.008 -16.393
9.229 12.963
-15.675 -3.090
13.266 -8.613
-4.741 15.210
-7.438 -14.506
14.709 5.115
-15.382 5.898
7.467 -14.275
4.521 16.138
-14.024 -8.222
16.050 -2.994
-10.237 12.827
-2.184 -15.693
12.025 11.138
-16.389 0.134
11.897 -12.262
-1.725 16.242
-10.659 -13.024
16.219 2.145
-13.799 9.709
3.869 -16.440
8.174 15.418
-15.937 -5.824
14.689 -7.121
-6.354 14.595
-5.373 -15.293
15.263 7.677
-16.267 4.105
9.280 -13.544
2.819 16.696
-13.134 -11.366
17.423 -0.259
-12.325 12.011
-0.137 -17.569
10.708 13.942
-17.429 -2.594
14.449 -9.958
-3.827 16.830
-9.058 -15.279
16.478 4.579
-15.472 7.954
7.013 -15.970
6.485 16.110
-15.678 -7.591
17.030 -4.703
-9.792 14.916
-2.257 -17.424
14.506 11.656
-18.600 1.144
12.908 -13.796
-0.255 17.290
-12.415 -13.483
18.370 1.432
-14.070 11.529
3.643 -18.242
10.089 15.877
-17.637 -4.810
16.016 -8.242
-5.606 17.151
-6.773 -16.490
17.326 8.068
-17.530 6.545
9.270 -15.388
4.437 18.266
-15.998 -10.716
17.504 -2.020
-11.502 14.309
-0.343 -19.404
13.256 13.002
-18.486 -0.621
14.467 -12.301
-3.038 19.249
-11.253 -15.327
19.003 3.763
-17.119 9.097
6.078 -18.262
8.872 17.235
-18.376 -7.268
17.965 -6.149
-9.318 16.647
