-1.838 -0.596
1.299 -0.779
-0.015 1.268
-0.402 -1.685
1.743 1.401
-3.279 0.548
1.622 -2.663
0.893 3.534
-2.588 -2.210
3.836 -0.768
-2.009 2.814
-0.568 -3.642
2.822 2.848
-4.531 -0.768
3.612 -3.228
-0.835 4.110
-2.747 -4.043
5.751 1.462
-4.722 2.546
1.316 -5.280
2.468 4.586
-5.612 -2.424
5.000 -2.154
-3.339 5.246
-1.728 -6.151
4.736 3.817
-5.650 0.570
3.413 -4.990
0.072 5.718
-4.474 -4.855
5.951 -0.377
-5.067 4.656
0.448 -6.862
4.062 5.483
-7.438 -0.912
5.531 -3.851
-2.297 7.086
-3.488 -6.630
7.296 3.166
-7.596 3.263
3.511 -7.329
1.492 7.310
-6.229 -4.356
7.391 -1.789
-4.767 6.576
-0.674 -8.262
5.907 5.386
-7.492 0.858
5.397 -6.223
-0.990 8.304
-5.329 -6.457
8.456 1.773
-7.182 5.010
1.966 -8.177
3.853 7.255
-7.764 -2.720
7.988 -3.455
-3.652 8.296
-2.497 -8.253
8.545 4.560
-9.060 1.800
5.955 -7.964
1.056 9.198
-7.108 -6.688
9.576 -0.723
-6.538 6.759
-0.243 -10.014
5.949 7.267
-9.452 -1.311
7.340 -5.522
-1.390 10.362
-5.949 -8.160
10.033 2.610
-9.443 4.722
3.436 -10.524
3.837 10.108
-9.189 -5.046
9.765 -3.084
-5.563 9.378
-1.970 -10.600
8.283 6.315
-10.758 1.024
7.599 -7.340
0.241 11.233
-8.100 -8.314
11.319 -0.139
-8.914 6.545
1.346 -10.993
6.440 9.976
-10.647 -2.624
10.817 -5.605
-3.135 10.017
-5.354 -10.482
10.933 4.697
-11.139 4.031
5.639 -9.738
2.058 10.662
-9.098 -6.840
12.001 -1.790
-7.461 9.501
-0.603 -11.858
8.682 8.055
-12.178 -0.224
9.485 -7.365
-1.317 12.181
-7.041 -9.849
12.720 2.219
-11.004 7.168
3.352 -12.544
5.291 11.440
-11.279 -4.371
12.071 -4.284
-5.228 11.864
-3.190 -11.933
10.354 6.479
-12.119 2.420
7.349 -10.277
1.427 12.733
-9.900 -8.447
13.137 0.078
-9.165 8.537
0.828 -12.986
8.182 10.216
-12.490 -2.759
11.233 -7.378
-2.851 13.124
-6.792 -11.587
13.336 4.359
-12.198 5.811
5.520 -11.486
4.753 13.108
-11.741 -6.038
13.290 -3.014
-8.104 11.339
-1.924 -14.035
11.278 8.890
-13.627 1.277
9.128 -10.338
0.167 13.972
-9.019 -10.083
14.526 2.126
-11.057 9.012
2.332 -14.080
7.501 12.593
-13.812 -4.592
12.533 -6.148
-4.639 13.704
-5.584 -13.584
12.461 6.569
-13.668 4.463
8.051 -12.361
3.135 14.734
-11.736 -8.255
14.661 -1.677
-10.222 11.743
-0.311 -14.778
10.359 11.330
-14.073 -1.612
12.140 -8.921
-1.910 15.292
-8.672 -11.789
15.098 3.888
-13.474 7.361
4.764 -13.750
6.311 14.060
-14.566 -6.263
15.513 -4.937
-7.153 13.020
-3.600 -14.725
13.026 8.998
-15.391 1.577
9.792 -11.941
0.727 15.969
-10.690 -10.739
14.983 0.167
-12.555 10.729
1.953 -15.792
9.470 12.868
-15.600 -2.612
13.771 -8.011
-4.316 15.720
-7.389 -13.709
15.325 6.043
-15.150 5.480
7.569 -14.953
4.785 15.537
-13.856 -8.636
16.214 -2.541
-8.992 13.046
-1.341 -16.335
12.174 10.974
-17.056 1.003
12.245 -10.809
-0.940 16.803
-10.509 -12.539
16.733 2.164
-13.960 9.507
4.389 -16.890
7.815 15.061
-15.640 -4.674
14.545 -6.468
-6.370 14.905
-6.066 -15.972
14.767 7.963
-15.992 3.716
9.201 -14.214
2.005 17.253
-13.020 -11.580
17.201 -0.529
-11.769 13.046
1.524 -17.514
11.097 13.687
-17.380 -2.419
14.191 -9.823
-3.644 17.384
-9.055 -14.508
16.781 4.589
-15.960 7.036
6.103 -16.259
6.431 16.189
-15.733 -8.037
17.297 -4.382
-10.108 14.371
-2.820 -18.394
14.486 11.722
-18.837 1.451
11.869 -12.575
0.044 18.328
-12.576 -13.466
18.162 1.005
-15.010 10.989
3.287 -18.522
9.754 15.462
-17.377 -4.744
15.721 -8.858
-6.147 16.733
-7.323 -17.654
17.346 7.017
-17.231 5.082
9.069 -16.464
4.555 18.709
-14.270 -10.336
18.148 -2.779
-12.856 14.537
-0.990 -18.542
13.209 12.947
-18.976 -0.705
15.244 -12.140
-2.058 18.902
-11.469 -15.612
18.768 4.858
-16.819 9.358
5.103 -18.701
8.638 17.773
-17.399 -7.604
18.117 -5.978
