-1.307 -1.424
1.514 -0.039
-0.637 1.096
0.480 -1.664
0.828 2.077
-3.124 -1.137
2.723 -1.519
-0.963 3.516
-1.164 -3.198
3.717 1.220
-3.134 1.460
1.299 -3.450
1.053 3.868
-3.566 -2.899
4.734 -1.031
-2.751 3.166
-0.400 -4.871
4.285 4.105
-5.364 -0.109
3.745 -3.947
-0.110 5.207
-3.691 -4.873
5.413 0.587
-5.490 2.922
1.525 -6.205
2.243 5.654
-5.198 -2.286
5.428 -2.662
-2.753 5.012
-1.503 -6.428
5.365 2.603
-6.703 1.557
3.768 -5.752
0.835 6.772
-6.025 -4.456
6.711 -0.628
-5.489 5.036
0.229 -7.488
4.791 6.348
-8.217 -0.901
6.664 -4.650
-2.301 7.097
-3.276 -6.859
7.314 2.082
-7.388 3.376
3.482 -7.523
2.489 7.597
-6.943 -2.942
7.762 -2.758
-4.951 6.740
-1.458 -8.244
6.486 5.707
-8.718 0.824
5.738 -6.148
-0.219 8.212
-5.418 -6.190
8.654 0.926
-7.263 5.422
1.891 -8.412
5.192 8.177
-8.772 -2.894
9.105 -3.999
-3.610 8.525
-2.893 -9.321
8.690 4.086
-9.018 2.663
4.720 -8.835
1.599 9.255
-7.581 -5.796
9.108 -1.192
-6.313 8.334
-1.159 -10.031
7.447 7.212
-10.544 -0.540
8.173 -7.468
-1.638 10.686
-5.512 -8.917
10.018 2.125
-9.460 5.422
3.505 -10.196
4.099 9.575
-9.868 -4.407
10.229 -2.647
-5.322 9.896
-2.956 -11.225
9.920 5.453
-10.981 1.307
6.585 -8.905
0.692 11.854
-7.975 -7.527
12.175 0.448
-7.662 7.175
0.502 -11.760
7.202 9.472
-11.680 -1.976
9.703 -5.698
-3.459 10.293
-4.550 -10.433
11.327 4.352
-11.173 4.595
5.314 -10.618
3.590 11.286
-10.489 -6.192
11.882 -1.740
-7.144 9.953
-1.278 -12.040
9.979 8.195
-13.107 0.821
9.094 -9.267
-1.028 12.562
-7.664 -9.358
12.615 2.215
-10.393 7.752
3.100 -11.957
5.821 10.737
-11.740 -3.861
11.456 -5.326
-5.028 11.785
-4.457 -12.226
11.395 6.537
-12.180 2.917
7.115 -10.895
2.090 12.920
-9.512 -8.552
13.409 -0.890
-8.944 10.019
-0.205 -13.429
9.460 10.361
-13.478 -0.949
10.460 -7.279
-2.318 13.749
-7.246 -11.037
13.051 3.921
-12.637 5.879
5.237 -13.163
5.438 13.291
-12.489 -5.599
13.035 -4.503
-6.735 12.243
-2.885 -13.217
11.596 9.003
-14.061 2.399
8.963 -11.106
0.327 14.654
-9.760 -10.798
13.936 0.821
-10.786 9.643
1.829 -14.573
7.611 11.853
-14.094 -2.846
13.094 -6.794
-4.527 14.368
-6.149 -12.963
13.586 5.760
-14.680 5.187
7.006 -13.016
3.437 14.963
-11.455 -8.333
14.959 -1.786
-9.193 12.369
-1.743 -14.531
11.226 10.819
-15.352 -0.228
10.917 -9.621
-1.430 15.345
-9.593 -12.624
15.933 3.342
-12.637 7.810
4.118 -14.589
6.906 14.246
-14.172 -6.206
14.403 -5.571
-7.230 14.257
-4.016 -14.610
12.959 7.523
-16.211 3.156
9.476 -12.783
1.906 15.863
-12.291 -9.955
15.930 -0.191
-11.498 11.557
0.320 -15.570
10.362 12.806
-15.884 -2.690
13.951 -9.287
-3.486 15.878
-7.808 -14.339
15.363 5.773
-14.250 6.926
6.877 -14.878
5.192 15.546
-15.338 -7.526
15.980 -3.378
-9.093 14.162
-2.972 -16.088
13.498 10.123
-16.831 1.401
12.137 -12.539
-0.614 16.957
-11.311 -11.769
15.845 1.533
-12.884 9.836
2.585 -16.889
8.931 14.202
-15.749 -4.641
15.007 -7.840
-6.751 16.004
-5.630 -16.490
15.232 8.010
-16.667 5.559
9.951 -14.493
2.919 17.377
-13.936 -10.664
17.188 -1.561
-11.732 13.336
-0.737 -17.086
12.346 12.257
-17.356 -1.735
13.318 -11.146
-2.375 17.257
-9.736 -14.743
17.212 4.704
-15.874 7.531
6.603 -17.398
6.836 17.336
-17.110 -8.013
16.523 -5.100
-8.987 15.974
-4.314 -17.913
15.312 9.818
-18.475 2.173
11.982 -14.502
0.875 18.261
-12.788 -12.686
18.044 0.032
-13.590 11.537
2.319 -18.971
11.642 14.649
-17.500 -4.061
16.001 -9.864
-5.248 18.526
-7.330 -16.023
17.163 6.517
-18.348 6.322
8.269 -16.625
5.122 17.773
-16.169 -9.958
19.246 -3.059
-11.099 15.438
-2.294 -19.236
13.942 13.470
-19.246 -0.137
13.650 -13.764
-1.234 19.723
-11.399 -15.186
18.712 3.718
