-1.289 1.439
-0.186 -1.503
1.153 0.527
-1.703 -0.315
1.987 -1.026
-0.827 3.220
-1.777 -2.562
3.593 0.615
-3.069 1.471
0.852 -3.818
1.758 2.977
-3.560 -0.956
3.747 -1.426
-2.538 3.832
-1.488 -4.611
3.419 2.429
-4.809 0.873
3.667 -4.665
0.415 5.349
-4.294 -3.342
5.193 -0.399
-4.489 4.149
0.056 -5.444
3.444 5.178
-6.324 -0.912
5.408 -2.784
-1.768 5.396
-3.179 -5.142
5.256 2.251
-6.251 2.123
2.067 -5.594
2.204 6.519
-6.092 -3.189
6.658 -1.492
-3.847 6.431
-1.280 -6.617
5.547 4.971
-7.474 0.503
5.851 -5.387
-0.095 8.266
-5.278 -6.179
7.288 1.597
-6.506 3.930
1.358 -7.482
4.081 7.023
-7.827 -2.731
7.318 -3.218
-2.251 7.197
-3.502 -7.456
7.191 4.270
-8.062 2.255
5.046 -7.012
1.671 8.596
-6.679 -5.110
8.194 -0.584
-5.632 5.996
0.077 -8.703
6.105 6.699
-8.557 -1.061
7.632 -5.965
-2.025 9.012
-4.869 -8.671
8.837 2.761
-8.994 3.789
3.219 -9.048
3.531 8.715
-9.253 -3.835
9.055 -2.495
-5.028 8.110
-2.075 -8.948
8.911 5.470
-9.870 2.133
6.451 -8.115
0.491 10.546
-8.229 -7.405
10.795 0.587
-8.336 6.356
1.137 -10.177
6.320 8.886
-10.489 -2.494
9.130 -5.014
-3.423 10.251
-3.632 -9.921
10.368 4.331
-10.883 4.037
4.459 -10.405
2.373 10.802
-9.505 -5.684
11.730 -1.846
-6.712 8.671
-0.742 -12.160
7.888 6.925
-11.752 0.648
8.724 -8.092
-0.827 11.817
-6.618 -9.101
10.581 2.438
-9.939 5.547
3.226 -11.698
5.663 10.671
-11.086 -4.253
10.881 -4.674
-5.139 11.043
-2.891 -11.656
10.603 6.139
-11.857 2.447
7.182 -10.731
2.096 12.964
-10.110 -8.146
12.602 -0.202
-8.566 8.540
0.973 -12.771
8.729 9.587
-12.202 -1.918
10.118 -6.841
-2.697 12.060
-6.418 -10.882
12.219 3.854
-11.733 5.629
5.394 -11.979
4.091 11.838
-11.537 -6.018
12.655 -3.341
-7.583 10.301
-2.194 -13.258
10.844 7.924
-13.345 1.515
9.388 -10.426
0.371 13.506
-8.265 -9.700
13.910 0.965
-10.277 8.288
2.629 -13.371
7.084 12.003
-13.611 -3.927
12.697 -6.709
-4.354 12.976
-5.754 -12.534
12.842 5.508
-12.872 4.161
7.829 -12.419
3.759 13.760
-11.928 -7.836
14.552 -1.756
-9.794 10.767
-0.543 -13.949
10.649 9.793
-14.681 -0.398
11.054 -8.731
-1.457 14.305
-8.039 -12.368
14.741 3.103
-12.301 7.385
4.407 -14.083
6.595 14.103
-13.637 -5.703
14.556 -4.881
-7.175 12.213
-3.238 -14.713
13.207 7.942
-14.291 3.153
9.672 -12.228
1.271 15.301
-10.640 -9.926
15.411 -0.074
-11.627 10.779
1.771 -16.183
9.006 11.815
-14.921 -2.675
13.504 -8.263
-4.794 14.710
-6.950 -13.790
14.894 5.805
-14.149 5.423
6.223 -13.631
4.723 15.826
-13.647 -8.184
15.601 -3.444
-8.708 13.204
-1.745 -15.836
12.623 10.315
-15.527 1.201
11.734 -11.562
-1.127 16.071
-10.604 -12.978
16.143 1.920
-13.509 9.170
4.246 -15.853
8.284 13.506
-15.478 -5.392
14.965 -6.684
-5.993 15.999
-4.921 -15.574
14.982 7.667
-15.721 4.528
8.758 -14.421
3.037 16.614
-13.663 -10.856
16.936 -1.043
-10.609 12.406
-0.020 -15.919
11.046 11.863
-17.060 -0.925
13.263 -10.274
-3.082 16.126
-9.267 -14.171
16.586 5.157
-15.862 7.212
6.485 -15.941
7.159 16.045
-15.394 -8.489
17.009 -4.600
-9.253 14.910
-3.231 -16.954
14.417 10.375
-16.933 2.401
10.994 -13.483
-0.033 17.442
-12.392 -12.167
17.406 0.679
-13.722 11.128
3.002 -17.589
9.044 15.063
-17.959 -4.874
16.586 -8.495
-6.305 17.810
-6.688 -15.946
16.775 7.385
-17.407 6.042
8.277 -16.197
3.965 18.175
-15.602 -10.510
18.088 -2.653
-11.377 13.965
-1.729 -17.961
12.808 12.399
-19.107 -0.457
13.443 -13.016
-2.334 17.812
-11.378 -14.962
18.950 3.415
-15.231 8.858
4.811 -17.717
8.082 17.644
-17.353 -6.607
17.188 -6.832
-8.332 17.064
-4.923 -18.855
16.448 9.540
-18.920 4.160
12.045 -15.190
1.742 19.168
-15.030 -12.242
19.749 -0.697
-14.001 12.827
1.874 -18.986
