1.932 -0.029
-0.978 1.156
-0.395 -1.205
0.923 1.466
-2.102 -0.764
2.927 -1.576
-0.678 3.044
-1.984 -3.058
3.162 1.258
-3.384 1.963
0.995 -3.311
1.711 3.265
-3.589 -1.787
4.537 -0.734
-2.379 4.220
-0.534 -4.160
3.903 2.942
-5.915 0.469
3.650 -3.932
0.456 5.422
-3.815 -3.546
6.094 0.486
-4.039 3.651
1.470 -6.043
3.618 5.266
-5.713 -2.087
5.165 -2.360
-1.623 5.824
-1.910 -5.389
5.800 3.154
-5.512 2.274
3.296 -6.041
1.788 6.640
-5.612 -3.881
7.335 -1.534
-3.995 5.428
-0.109 -7.448
5.438 5.152
-7.927 -0.646
6.139 -5.536
-0.962 8.069
-3.769 -6.439
7.301 2.116
-6.420 4.076
2.394 -7.762
3.301 7.604
-7.328 -3.195
6.816 -3.227
-3.104 7.630
-1.739 -8.180
7.125 4.396
-8.576 1.047
5.184 -7.057
0.774 8.374
-5.986 -5.627
8.226 0.073
-6.448 5.845
0.783 -9.030
5.023 7.008
-9.559 -1.563
7.996 -4.624
-3.071 9.458
-3.964 -8.367
8.884 4.040
-8.832 3.770
4.011 -8.505
3.457 9.401
-7.974 -4.962
9.370 -1.805
-5.169 7.593
-2.023 -10.258
8.261 5.808
-10.339 0.763
7.417 -7.513
0.139 11.070
-6.889 -8.332
10.325 1.816
-8.250 6.066
2.244 -10.670
5.281 9.400
-9.876 -3.309
9.854 -4.436
-4.828 9.398
-3.848 -10.556
10.348 5.260
-10.670 3.780
6.329 -9.069
2.268 10.840
-9.311 -7.369
10.925 -0.947
-8.434 8.792
-0.260 -10.493
8.446 8.198
-11.863 -0.923
9.245 -7.406
-2.200 11.036
-5.384 -9.430
10.817 3.543
-10.784 5.562
4.002 -11.399
4.393 11.031
-10.815 -4.827
11.601 -3.712
-6.605 10.029
-2.679 -11.955
9.840 7.055
-12.757 1.999
8.106 -10.332
0.870 12.954
-8.695 -9.124
12.086 0.503
-10.046 7.946
1.126 -12.916
6.865 10.268
-11.889 -2.796
10.693 -6.197
-3.645 12.097
-5.455 -11.594
12.094 4.806
-12.461 4.160
5.925 -11.035
3.401 12.560
-11.037 -7.034
12.713 -1.413
-8.256 10.604
-1.531 -13.343
10.163 8.780
-14.029 0.171
9.675 -9.432
-1.524 12.652
-8.724 -10.877
13.061 1.932
-11.610 7.136
4.017 -13.346
6.344 12.667
-13.541 -4.782
12.489 -5.600
-5.309 12.728
-4.661 -13.173
11.787 6.638
-14.436 2.669
7.563 -12.095
2.330 14.080
-11.159 -9.504
14.555 -0.104
-9.884 9.859
-0.024 -14.468
9.664 11.059
-13.913 -2.203
11.501 -8.630
-3.638 14.296
-7.716 -12.938
13.770 4.032
-13.338 6.312
5.892 -14.411
5.057 13.890
-13.458 -7.387
13.842 -3.009
-8.617 12.357
-3.120 -15.092
12.009 8.365
-15.546 1.185
10.383 -11.311
-0.079 14.551
-10.505 -11.276
15.807 1.235
-13.095 9.673
2.575 -14.631
8.153 12.779
-15.231 -4.320
14.061 -6.453
-5.422 14.460
-5.835 -14.882
13.580 6.721
-14.237 4.671
8.428 -14.203
3.241 15.579
-13.112 -9.130
15.609 -2.555
-10.455 12.022
-0.980 -16.272
11.413 10.596
-16.455 -0.782
12.575 -10.070
-2.347 16.595
-9.536 -13.166
15.900 3.709
-14.530 7.630
4.308 -15.247
6.534 15.032
-15.061 -6.465
15.823 -6.445
-8.108 14.178
-4.525 -16.210
13.989 8.483
-16.537 3.344
10.151 -13.499
1.288 17.403
-12.252 -11.739
16.312 -0.616
-11.685 10.810
1.227 -16.163
10.890 13.165
-16.545 -2.779
13.942 -8.671
-4.130 16.421
-7.458 -15.686
16.058 6.766
-16.113 6.044
6.937 -16.142
4.201 17.071
-14.916 -9.381
17.233 -3.311
-10.269 13.872
-2.153 -17.631
13.247 10.816
-17.365 1.064
12.841 -11.804
-0.538 17.358
-11.305 -13.253
17.484 2.538
-14.962 9.722
4.937 -16.862
8.597 16.504
-17.491 -6.428
17.365 -7.444
-7.183 15.729
-5.948 -17.336
16.245 8.695
-17.517 4.901
10.668 -15.240
2.857 18.593
-14.216 -11.494
17.979 -1.109
-12.027 13.451
0.426 -17.822
12.622 14.352
-18.682 -1.053
14.673 -10.364
-3.279 18.509
-10.341 -16.243
16.839 5.186
-16.284 8.479
7.485 -17.905
6.912 17.234
-16.677 -7.999
18.191 -5.448
-10.519 16.405
-4.143 -18.557
15.888 11.083
-19.332 1.449
12.905 -14.279
1.196 19.348
-13.905 -14.041
18.921 1.591
-15.224 11.498
