1.773 -0.769
-0.459 1.444
-0.828 -0.961
1.415 0.998
-2.234 0.102
2.097 -2.580
0.544 3.070
-3.007 -2.060
3.403 -0.054
-2.369 3.113
-0.354 -3.439
2.835 2.357
-4.000 -0.270
3.907 -2.421
-0.575 4.810
-2.092 -3.636
4.734 1.216
-5.281 2.706
1.858 -5.033
2.505 4.830
-4.884 -1.808
5.812 -1.894
-2.326 4.923
-0.965 -6.144
5.364 3.471
-6.077 0.269
3.861 -4.164
0.740 6.000
-3.835 -4.241
6.566 0.683
-4.215 4.218
0.722 -6.844
4.202 5.443
-6.672 -1.427
6.182 -4.235
-1.603 6.547
-2.963 -6.834
7.001 2.667
-7.567 2.450
3.540 -7.470
2.213 7.819
-5.954 -4.497
7.553 -0.852
-4.360 6.230
-0.773 -8.085
5.970 5.752
-7.993 -0.134
5.052 -5.598
0.066 8.237
-4.749 -6.884
8.267 1.320
-7.515 4.262
2.074 -8.507
3.933 7.434
-7.689 -2.894
7.622 -3.094
-3.707 7.875
-2.747 -8.638
7.331 4.539
-9.426 2.230
5.605 -7.342
0.800 9.912
-6.875 -6.201
9.754 0.316
-6.705 6.875
0.434 -9.393
6.804 7.351
-9.269 -1.517
7.957 -5.267
-1.854 8.996
-5.810 -8.693
9.858 2.187
-9.252 4.677
3.960 -9.786
4.382 10.167
-9.562 -5.045
10.230 -2.291
-5.286 8.771
-2.028 -10.713
8.488 6.649
-10.389 0.740
7.393 -7.883
-0.846 10.531
-7.609 -8.267
11.574 0.880
-8.399 7.590
2.358 -10.805
6.260 9.136
-11.428 -3.225
9.722 -5.073
-4.407 11.358
-4.273 -9.587
10.948 4.322
-11.307 3.707
5.689 -10.390
2.210 11.034
-8.594 -6.637
11.347 -0.886
-7.819 9.279
-0.686 -12.061
8.295 8.496
-11.839 -0.300
9.284 -7.885
-2.244 11.797
-7.067 -10.008
11.795 2.731
-11.009 6.748
3.513 -12.654
5.781 11.626
-11.534 -5.082
11.351 -4.180
-6.221 11.196
-3.924 -12.357
10.284 6.842
-12.051 1.987
7.490 -9.830
1.284 12.568
-9.491 -8.607
13.012 -0.211
-9.906 8.629
1.230 -12.464
7.967 10.288
-12.893 -2.252
11.193 -6.190
-3.547 12.962
-6.541 -11.730
12.757 4.200
-12.886 5.549
5.307 -12.425
3.456 12.266
-12.234 -6.689
12.800 -3.236
-7.976 11.050
-1.420 -13.865
10.725 9.256
-14.339 0.789
9.377 -9.970
-0.010 13.791
-9.365 -10.370
13.433 1.599
-12.302 8.012
2.334 -14.072
7.562 12.104
-13.954 -4.486
13.397 -5.690
-5.336 12.900
-5.582 -13.347
13.172 6.496
-13.691 3.313
7.301 -12.387
2.135 14.596
-12.096 -8.979
14.262 -1.569
-9.888 10.953
-0.098 -15.569
10.007 10.880
-15.264 -1.648
11.622 -8.098
-3.207 14.720
-8.680 -12.734
14.301 3.108
-13.897 7.068
5.239 -14.433
5.519 13.464
-14.032 -6.373
15.068 -4.934
-8.372 13.962
-3.245 -14.497
12.438 8.665
-15.721 1.865
10.502 -11.361
0.552 15.433
-11.106 -11.497
15.120 0.986
-11.349 9.783
2.323 -16.351
8.979 13.137
-15.613 -3.390
13.429 -8.357
-5.032 15.116
-7.158 -14.646
14.608 5.397
-15.492 5.601
7.740 -14.129
4.211 16.222
-13.864 -8.490
16.105 -2.686
-10.482 12.628
-1.882 -15.732
11.809 11.367
-16.389 -0.181
12.131 -12.031
-2.037 16.205
-10.407 -13.226
16.175 2.456
-13.982 9.442
4.184 -16.363
7.877 15.572
-15.823 -6.129
14.823 -6.837
-6.633 14.471
-5.078 -15.393
15.113 7.969
-16.342 3.792
9.539 -13.363
2.498 16.747
-12.914 -11.616
17.425 0.076
-12.553 11.772
0.201 -17.569
10.439 14.145
-17.376 -2.928
14.637 -9.679
-4.149 16.753
-8.763 -15.450
16.387 4.895
-15.622 7.656
7.319 -15.833
6.174 16.232
-15.530 -7.891
17.117 -4.376
-10.077 14.726
-1.922 -17.464
14.280 11.933
-18.618 0.787
13.171 -13.546
-0.587 17.282
-12.154 -13.719
18.339 1.785
-14.288 11.257
3.992 -18.169
9.783 16.067
-17.542 -5.148
16.172 -7.933
-5.935 17.040
-6.455 -16.617
17.168 8.399
-17.652 6.207
9.564 -15.207
4.085 18.348
-15.789 -11.022
17.539 -1.683
-11.775 14.086
0.030 -19.407
13.004 13.254
-18.470 -0.976
14.700 -12.021
-3.407 19.187
-10.956 -15.540
18.927 4.127
-17.291 8.767
6.427 -18.142
8.540 17.402
-18.233 -7.619
18.080 -5.803
-9.636 16.465
