1.911 0.287
-1.154 0.981
-0.193 -1.253
0.671 1.597
-1.949 -1.097
3.145 -1.077
-1.166 2.892
-1.458 -3.341
2.914 1.758
-3.659 1.384
1.523 -3.104
1.155 3.501
-3.249 -2.349
4.596 0.017
-3.037 3.775
0.153 -4.192
3.370 3.540
-5.912 -0.503
4.243 -3.283
-0.436 5.424
-3.184 -4.121
5.933 1.474
-4.581 2.942
2.438 -5.721
2.709 5.786
-5.296 -2.992
5.481 -1.485
-2.552 5.481
-1.005 -5.629
5.207 4.059
-5.810 1.344
4.239 -5.421
0.679 6.843
-4.903 -4.746
7.487 -0.315
-4.828 4.703
1.109 -7.366
4.524 5.971
-7.715 -1.932
6.961 -4.459
-2.267 7.804
-2.666 -6.968
6.857 3.280
-6.999 2.973
3.629 -7.266
2.015 8.041
-6.707 -4.349
7.251 -2.070
-4.309 7.021
-0.379 -8.354
6.312 5.500
-8.631 -0.368
6.267 -6.116
-0.604 8.388
-4.987 -6.529
8.103 1.415
-7.317 4.714
2.248 -8.781
3.811 7.734
-9.175 -3.104
8.644 -3.256
-4.575 8.830
-2.544 -8.902
8.105 5.437
-9.329 2.277
5.346 -7.736
1.875 9.840
-7.056 -6.198
9.539 -0.250
-6.340 6.647
-0.321 -10.450
7.201 7.079
-10.324 -0.936
8.545 -6.201
-1.671 10.944
-5.436 -9.345
9.889 3.478
-9.130 4.637
3.957 -10.160
3.675 10.136
-9.203 -4.878
10.447 -2.767
-6.298 8.483
-2.072 -11.043
9.350 6.879
-11.145 1.986
7.725 -7.913
0.467 11.065
-7.983 -8.791
10.933 0.850
-9.756 7.296
1.457 -10.395
6.994 9.467
-11.553 -2.848
10.331 -5.796
-3.973 10.528
-3.771 -10.182
10.093 5.262
-11.548 3.726
5.810 -10.592
2.532 11.601
-9.881 -6.528
12.052 -1.768
-8.155 8.816
-0.690 -12.232
8.555 8.567
-12.912 -0.111
9.685 -8.869
-1.258 12.923
-7.088 -10.422
11.841 2.471
-11.209 6.198
3.220 -12.559
5.096 11.252
-11.273 -4.701
11.561 -4.367
-5.571 11.339
-3.488 -12.329
11.146 6.716
-12.973 2.068
7.648 -9.919
1.304 12.947
-9.740 -8.743
12.773 0.683
-9.877 9.113
0.669 -13.414
8.593 10.322
-13.869 -2.123
11.085 -7.725
-3.570 12.234
-6.830 -12.156
12.570 4.039
-12.619 5.144
6.143 -12.510
4.190 13.533
-12.578 -6.929
13.236 -3.485
-7.317 11.690
-2.447 -13.757
10.545 8.474
-14.678 0.275
9.437 -10.697
-0.001 14.272
-9.457 -11.199
14.376 2.274
-11.361 8.112
2.339 -14.277
7.728 12.489
-13.366 -4.446
12.756 -6.636
-5.924 13.510
-5.499 -14.024
12.926 6.227
-14.190 4.049
8.167 -13.255
2.721 14.529
-12.071 -9.486
14.147 -0.708
-10.520 10.784
-0.613 -15.399
10.481 10.214
-15.530 -1.370
12.091 -9.463
-2.454 14.343
-8.523 -12.840
15.393 3.800
-14.499 7.404
4.930 -14.014
5.956 13.939
-14.320 -6.750
14.926 -4.069
-7.710 13.380
-3.326 -15.635
12.300 8.848
-14.809 2.283
10.634 -12.636
0.653 15.899
-11.444 -11.149
15.817 0.029
-12.278 10.153
1.691 -16.214
9.529 12.318
-16.106 -3.459
14.051 -7.881
-5.026 15.989
-7.258 -14.547
15.081 6.257
-15.581 5.155
6.741 -14.339
3.991 15.897
-13.803 -8.838
16.663 -3.775
-10.315 12.664
-1.817 -16.731
12.416 10.654
-16.861 0.598
12.219 -11.660
-1.572 17.380
-10.170 -13.582
16.193 2.056
-13.294 8.757
3.850 -15.745
8.594 14.767
-15.869 -5.444
15.171 -6.278
-6.756 15.526
-4.796 -16.694
14.737 9.298
-16.884 3.331
9.480 -14.793
1.357 17.527
-13.184 -11.691
17.542 -0.452
-12.396 12.009
0.756 -17.746
11.303 12.835
-17.305 -1.786
14.597 -9.548
-3.366 17.037
-8.988 -14.921
16.835 5.360
-16.349 7.148
7.625 -15.829
5.786 17.687
-16.206 -9.199
18.347 -4.508
-9.656 14.345
-3.037 -18.075
14.607 11.232
-18.082 1.974
13.014 -13.293
-0.218 18.810
-12.148 -13.662
17.918 1.842
-14.063 11.306
3.331 -17.513
10.108 16.221
-18.259 -4.090
16.169 -7.828
-6.258 17.724
-7.549 -17.714
15.766 7.867
-17.450 5.706
10.309 -16.442
4.005 18.131
-15.147 -10.615
18.836 -2.404
-13.057 14.466
-1.057 -18.985
13.864 13.529
-19.309 -1.728
15.064 -11.980
-1.980 19.283
-11.425 -16.124
18.407 4.660
-16.897 8.857
