0.257 1.915
-1.264 -0.835
1.150 -0.535
-1.346 1.090
0.510 -2.177
1.911 2.720
-3.102 -0.313
2.801 -2.332
-0.875 3.289
-2.350 -3.128
3.406 0.596
-3.040 2.086
1.349 -3.775
1.266 4.418
-4.472 -1.863
4.068 -1.023
-2.459 4.224
-1.166 -5.818
4.337 3.159
-5.330 1.095
3.069 -4.208
0.239 6.108
-4.104 -3.579
6.174 0.745
-4.801 4.216
1.396 -5.920
2.955 4.849
-5.975 -0.922
5.125 -2.535
-2.445 6.132
-2.911 -5.204
6.389 2.558
-6.381 2.561
3.190 -6.032
2.392 7.102
-5.863 -3.324
7.383 -0.990
-4.472 6.010
-0.297 -7.948
6.224 5.440
-8.126 0.001
5.948 -4.504
-1.237 7.500
-4.807 -5.892
7.990 1.458
-7.160 4.178
2.305 -7.654
4.011 6.386
-7.944 -2.179
7.917 -2.695
-3.521 7.596
-2.055 -8.391
7.621 4.312
-8.224 1.760
4.878 -6.610
0.902 8.177
-6.568 -5.711
9.059 -0.291
-6.364 5.818
0.420 -9.677
5.538 7.392
-9.756 -1.929
7.839 -4.927
-2.960 9.300
-4.790 -8.323
8.920 2.975
-8.926 4.546
3.983 -8.505
2.901 9.091
-8.151 -4.234
9.946 -3.223
-4.789 8.890
-1.982 -10.176
8.338 6.475
-10.976 1.448
7.458 -7.827
-0.581 10.467
-7.000 -7.474
10.861 0.965
-8.709 6.357
2.117 -10.199
5.572 9.260
-9.903 -3.682
10.026 -5.071
-3.998 10.898
-5.017 -10.148
9.754 5.211
-10.495 3.536
6.214 -10.118
2.234 10.736
-9.729 -7.333
10.389 -1.501
-7.140 9.358
-0.488 -11.889
8.448 8.303
-11.218 -0.878
8.726 -6.462
-2.237 11.160
-6.800 -10.050
11.792 2.624
-10.434 5.668
3.513 -11.310
5.060 11.080
-10.741 -5.371
11.554 -4.075
-5.840 10.606
-3.495 -12.430
11.219 6.826
-12.760 2.397
8.031 -9.714
0.931 12.060
-9.079 -9.034
12.959 -0.411
-9.383 8.033
1.369 -12.137
7.419 9.884
-12.443 -2.187
10.866 -6.789
-3.340 12.577
-5.606 -11.881
11.659 4.577
-12.069 4.864
5.678 -11.793
2.908 12.456
-11.507 -6.942
13.068 -3.100
-7.515 11.131
-1.831 -13.910
10.511 8.490
-12.744 -0.015
9.768 -9.950
-0.372 13.197
-8.460 -10.683
13.727 2.409
-11.826 7.800
3.145 -14.012
7.040 11.738
-13.267 -3.765
12.528 -6.188
-5.196 12.491
-4.359 -14.019
12.905 6.078
-13.706 3.981
8.116 -12.206
1.827 14.440
-10.960 -8.647
14.363 -1.737
-9.837 10.905
0.540 -14.076
9.931 10.398
-14.626 -1.919
11.933 -9.194
-2.374 14.150
-7.847 -12.497
15.007 4.144
-13.193 6.666
5.742 -14.238
4.627 13.388
-13.290 -7.093
14.616 -4.885
-6.884 12.915
-3.017 -15.296
12.461 8.971
-14.458 1.645
9.952 -11.767
0.645 15.842
-11.155 -11.857
14.833 0.825
-11.724 9.609
2.486 -15.635
8.072 13.198
-15.000 -3.671
14.087 -7.556
-5.065 14.280
-6.324 -13.584
15.101 6.687
-15.086 5.063
7.513 -14.100
4.385 15.197
-13.175 -8.958
16.042 -2.900
-9.170 12.587
-1.172 -16.432
11.488 11.294
-16.756 -0.365
11.944 -11.028
-1.801 16.227
-9.297 -13.524
15.650 2.473
-14.153 8.268
4.637 -15.721
8.274 14.948
-15.039 -6.372
15.560 -6.412
-6.767 14.895
-5.278 -16.025
14.606 8.481
-17.128 3.339
10.206 -13.556
2.543 16.124
-12.118 -10.323
16.194 -0.695
-11.783 12.372
0.801 -16.758
10.261 12.817
-16.794 -2.156
14.693 -9.263
-4.817 16.746
-7.909 -15.284
16.850 4.977
-16.453 6.193
7.549 -15.922
5.328 16.720
-14.990 -8.554
17.252 -4.225
-9.172 14.435
-3.113 -17.116
13.242 11.353
-17.300 1.521
11.821 -12.794
-0.450 17.662
-11.425 -13.706
17.328 2.906
-15.370 10.491
4.312 -18.129
9.448 16.361
-16.469 -5.270
16.510 -7.959
-6.710 17.160
-6.941 -16.813
16.396 8.788
-18.124 5.038
9.730 -15.477
3.230 17.721
-14.781 -10.350
17.747 -1.687
-12.757 14.232
-1.166 -18.675
12.029 13.343
-18.767 -1.065
14.904 -12.192
-3.156 17.335
-10.348 -15.165
18.665 5.313
-16.294 8.904
5.968 -17.507
7.564 17.418
-17.535 -8.502
17.936 -6.311
-9.124 17.088
-3.728 -19.024
15.707 11.124
-19.070 3.479
12.296 -15.470
0.661 18.977
-13.220 -13.755
