0.678 -1.809
0.720 1.333
-1.266 -0.072
1.701 -0.325
-1.478 1.678
-0.399 -3.300
2.586 1.742
-3.571 0.732
2.325 -2.485
0.593 3.867
-2.720 -2.135
3.664 -0.402
-2.973 2.689
0.972 -4.492
3.061 3.755
-4.068 -1.021
4.163 -2.561
-1.722 5.679
-2.329 -4.833
5.215 1.554
-4.693 2.258
2.676 -5.496
1.925 5.093
-5.089 -3.574
6.223 -1.447
-4.028 4.558
-0.313 -5.670
4.830 3.636
-5.715 -0.188
5.053 -4.249
0.106 5.962
-4.422 -5.273
6.834 0.758
-5.661 3.809
1.248 -7.389
3.596 5.700
-6.974 -2.616
6.781 -3.183
-3.494 7.145
-2.915 -7.736
7.162 3.840
-7.370 1.159
4.634 -6.025
1.452 7.464
-6.353 -5.061
8.284 -0.299
-5.649 5.657
-0.517 -7.523
5.971 5.674
-8.251 -1.366
6.692 -5.030
-2.154 8.366
-4.679 -7.401
8.079 2.335
-7.423 3.520
3.069 -7.632
3.090 8.137
-8.121 -4.024
8.357 -2.120
-4.943 8.330
-1.387 -9.132
7.686 6.310
-9.236 0.638
7.003 -6.797
0.288 9.599
-6.455 -6.837
10.015 0.212
-7.530 5.614
1.739 -9.383
5.183 7.583
-10.289 -1.859
8.421 -5.572
-3.062 9.904
-4.289 -9.647
10.357 3.910
-10.271 3.374
5.458 -8.950
2.637 9.895
-9.116 -5.983
10.679 -1.487
-6.685 7.988
-0.535 -10.794
6.988 7.924
-11.233 -0.269
8.673 -7.715
-0.374 11.314
-6.134 -9.202
10.920 1.844
-10.258 5.981
3.104 -10.517
5.109 11.060
-9.865 -3.586
10.714 -4.873
-5.188 10.708
-3.522 -11.310
9.472 6.075
-10.744 1.572
7.245 -8.778
1.244 12.070
-9.153 -7.885
11.874 -0.065
-8.440 8.308
0.777 -12.156
6.928 9.809
-12.108 -1.868
10.159 -6.587
-2.793 12.607
-6.662 -11.317
12.379 3.917
-11.668 4.766
4.879 -11.069
3.732 12.252
-11.615 -5.761
12.065 -2.645
-6.942 10.049
-1.868 -12.216
9.933 7.807
-12.785 0.848
8.887 -9.506
-0.674 13.120
-8.112 -9.543
12.935 1.416
-10.577 7.710
3.323 -12.352
6.860 11.556
-12.982 -3.443
11.883 -6.259
-4.960 13.124
-5.251 -12.449
11.224 6.035
-13.310 4.154
6.564 -11.455
2.408 13.413
-10.960 -8.610
14.108 -1.285
-9.393 10.863
-0.657 -13.671
9.913 9.588
-13.965 -0.467
10.481 -8.553
-2.783 14.415
-8.501 -11.455
13.960 2.968
-12.920 6.922
5.214 -13.589
5.573 12.799
-13.479 -5.256
13.823 -4.962
-7.128 12.150
-3.838 -13.857
11.983 8.603
-14.861 2.463
8.779 -11.349
1.010 14.722
-11.268 -10.744
14.777 0.359
-11.789 9.835
2.249 -13.985
8.361 12.532
-15.190 -2.602
12.170 -8.129
-4.569 14.906
-6.742 -13.795
13.519 5.383
-14.331 5.667
6.917 -14.267
4.228 15.721
-12.682 -7.736
14.873 -2.928
-9.579 12.604
-0.877 -15.446
11.485 10.324
-15.985 0.002
11.212 -10.192
-0.846 14.960
-10.149 -13.029
15.688 2.667
-13.284 8.876
3.317 -15.465
7.378 14.120
-15.508 -5.025
14.030 -6.759
-6.732 15.035
-4.787 -15.383
14.594 8.240
-15.738 4.075
9.255 -13.450
1.803 16.312
-12.624 -9.575
16.379 -0.598
-11.515 11.663
-0.228 -17.083
10.242 12.722
-16.743 -1.702
13.003 -9.929
-2.921 16.617
-8.864 -14.376
16.673 5.151
-15.400 7.124
5.378 -15.412
5.801 14.824
-14.601 -7.040
16.231 -5.336
-8.624 14.390
-2.986 -16.144
13.782 9.837
-17.326 1.220
12.159 -12.482
-0.252 17.207
-12.498 -12.349
17.426 2.317
-14.176 10.465
3.205 -17.253
9.169 14.622
-17.201 -4.429
14.904 -8.387
-5.345 16.556
-6.305 -16.263
15.965 6.834
-16.464 5.690
8.743 -15.352
3.593 17.478
-13.898 -10.749
18.503 -1.983
-12.367 13.940
-0.595 -18.884
12.024 12.427
-18.311 -0.787
14.023 -11.952
-1.828 18.098
-10.297 -15.493
18.354 4.124
-15.889 9.042
5.527 -17.144
8.135 16.106
-16.437 -6.900
17.968 -6.515
-7.797 17.010
-4.296 -17.443
16.036 9.807
-18.896 3.702
10.973 -13.786
1.953 18.255
-13.939 -13.502
18.568 -0.148
-13.532 12.609
1.565 -18.925
11.436 15.779
-18.790 -2.914
16.116 -10.748
-5.705 18.528
-8.586 -17.226
18.450 5.946
-18.147 7.823
8.385 -17.036
5.150 18.370
