-1.657 0.994
0.266 -1.491
0.946 0.845
-1.534 -0.805
2.201 -0.393
-1.742 2.831
-0.940 -2.973
3.250 1.650
-3.367 0.498
1.943 -3.396
0.800 3.364
-3.118 -1.966
4.001 -0.254
-3.557 2.910
-0.058 -4.844
2.548 3.332
-4.852 -0.588
4.882 -3.372
-1.186 5.232
-3.114 -4.462
5.078 1.155
-5.516 2.636
1.664 -5.184
1.758 5.965
-5.771 -2.742
5.990 -1.060
-3.285 4.632
-1.517 -5.852
4.356 3.705
-6.599 0.180
3.628 -4.732
0.178 6.879
-4.876 -4.848
6.802 0.544
-5.577 5.006
0.734 -6.700
3.829 6.389
-7.289 -1.730
7.182 -3.416
-2.535 7.868
-3.215 -7.463
6.490 3.681
-7.378 1.830
3.510 -6.746
1.821 7.915
-6.669 -4.923
7.942 -0.911
-4.278 6.210
-1.141 -8.158
5.607 6.205
-8.369 -0.230
6.894 -5.206
-0.945 8.705
-4.869 -6.857
8.001 1.866
-7.153 4.062
2.647 -8.291
3.851 8.205
-7.860 -3.544
9.054 -3.442
-4.599 8.010
-2.087 -9.723
7.625 5.251
-9.712 0.960
5.750 -7.691
0.796 9.370
-7.706 -6.400
9.387 0.294
-7.202 6.261
0.664 -9.161
6.895 7.860
-10.059 -0.882
8.562 -5.845
-2.649 10.220
-5.672 -9.508
10.139 3.753
-9.843 3.607
4.096 -9.386
3.409 10.357
-9.283 -5.484
10.204 -2.090
-6.301 8.780
-0.536 -10.552
8.623 7.203
-11.590 0.639
7.336 -8.621
-0.928 11.020
-7.399 -8.241
11.751 1.705
-8.976 6.299
2.887 -11.836
5.488 8.948
-11.419 -2.856
10.727 -5.151
-4.284 11.044
-3.631 -10.651
9.387 5.458
-11.135 2.360
6.541 -10.221
2.255 11.868
-9.333 -7.341
11.777 -1.248
-8.175 9.030
0.685 -11.989
8.313 9.000
-12.051 -1.169
10.034 -8.127
-1.832 13.004
-7.249 -10.771
12.099 3.533
-10.708 5.625
4.706 -11.912
5.503 11.739
-11.089 -5.441
11.688 -3.543
-6.143 10.723
-2.913 -12.293
10.533 7.295
-12.873 1.907
8.695 -9.848
0.408 12.518
-9.242 -9.160
13.077 0.550
-10.290 7.598
1.825 -13.314
8.016 10.776
-13.196 -2.499
12.052 -7.184
-3.640 13.012
-5.027 -11.710
13.002 5.035
-12.268 4.879
6.466 -11.996
3.217 13.561
-11.841 -7.777
14.113 -2.654
-7.996 11.108
-1.790 -13.675
10.639 9.059
-13.527 0.169
11.151 -9.549
-0.478 14.257
-9.077 -11.013
14.420 2.626
-12.540 7.390
3.607 -13.486
7.277 12.504
-13.907 -4.722
13.142 -5.072
-5.622 13.234
-4.022 -14.193
13.164 7.323
-13.935 3.417
8.374 -12.150
2.130 15.423
-11.341 -9.480
15.348 -0.358
-10.466 9.545
1.258 -15.012
10.268 11.492
-14.584 -1.215
12.855 -8.821
-3.311 14.993
-7.229 -12.629
14.744 4.487
-14.295 6.859
6.478 -14.936
5.109 13.949
-13.463 -6.967
15.343 -3.901
-8.929 12.634
-2.561 -15.229
12.512 9.949
-15.119 0.996
9.975 -11.181
-0.168 16.514
-10.617 -11.853
15.922 1.323
-12.223 10.038
3.016 -15.644
9.009 13.587
-15.188 -3.444
14.628 -7.576
-5.829 15.019
-6.292 -15.534
14.853 6.608
-15.616 4.765
8.744 -13.888
3.919 15.352
-13.191 -9.728
16.272 -1.960
-10.456 13.512
-0.096 -16.333
12.044 11.755
-16.357 -0.324
12.630 -11.187
-2.012 16.769
-9.842 -14.410
16.487 4.011
-13.803 8.714
4.688 -15.213
7.044 14.598
-16.024 -5.928
15.708 -5.893
-7.713 14.494
-4.662 -16.277
14.319 9.831
-17.286 2.199
10.909 -13.310
2.094 17.444
-12.196 -12.662
17.609 0.635
-13.249 11.507
1.927 -17.151
10.704 14.174
-16.885 -2.714
14.489 -9.629
-5.189 16.652
-8.240 -15.287
16.427 5.796
-16.399 6.572
8.069 -15.915
4.185 17.064
-15.715 -9.967
18.356 -3.211
-11.290 15.149
-1.674 -17.211
13.840 12.015
-18.415 0.624
12.697 -13.025
-1.586 18.535
-11.796 -14.653
18.064 2.814
-14.998 9.976
3.660 -17.669
8.569 15.632
-18.117 -6.087
16.691 -8.458
-7.497 16.325
-6.445 -17.657
17.093 8.866
-17.170 3.958
9.835 -15.502
2.503 19.244
-14.623 -11.443
18.440 -1.443
-13.005 13.837
0.873 -19.468
12.891 13.977
-19.304 -1.621
15.998 -10.949
-4.004 18.826
-10.738 -16.139
19.072 5.174
-17.168 8.113
7.405 -17.582
