-0.570 1.847
-0.798 -1.288
1.268 -0.003
-1.679 0.425
1.376 -1.763
0.594 3.271
-2.685 -1.585
3.521 -0.942
-2.174 2.619
-0.822 -3.825
2.841 1.970
-3.634 0.619
2.808 -2.861
-0.704 4.542
-3.278 -3.567
4.122 0.778
-4.004 2.803
1.382 -5.771
2.612 4.686
-5.298 -1.242
4.551 -2.532
-2.345 5.645
-2.224 -4.970
5.292 3.266
-6.126 1.814
3.750 -4.789
0.649 5.641
-5.037 -3.343
5.716 -0.152
-4.792 4.541
-0.460 -5.945
4.727 5.002
-6.867 -0.352
5.426 -4.138
-0.808 7.450
-3.928 -5.477
7.117 2.198
-6.580 3.580
3.064 -7.339
3.368 7.549
-7.377 -3.408
7.289 -1.594
-4.269 6.289
-1.892 -7.365
6.642 4.675
-8.252 0.790
5.303 -5.982
0.962 7.479
-6.297 -5.310
8.317 0.874
-6.382 5.418
1.655 -8.479
5.110 7.111
-8.203 -1.852
7.201 -3.954
-2.611 7.801
-3.567 -7.939
8.346 3.535
-8.217 2.612
4.441 -8.608
1.927 9.034
-8.047 -5.843
9.182 -1.184
-6.588 7.201
-0.857 -9.565
6.849 6.443
-10.009 0.382
7.184 -6.050
-1.179 9.469
-5.624 -7.262
10.381 1.246
-8.076 6.062
2.469 -10.068
4.853 9.376
-10.571 -3.289
10.053 -3.977
-4.918 9.258
-3.220 -9.721
9.454 5.432
-10.572 2.118
6.199 -8.370
1.174 10.743
-7.446 -7.496
11.229 -0.398
-8.200 8.216
-0.297 -11.316
6.669 8.822
-11.011 -1.193
9.885 -6.579
-2.475 10.683
-5.756 -10.738
10.060 2.995
-10.406 5.500
4.544 -10.997
4.186 11.081
-9.816 -5.503
10.632 -2.206
-6.712 9.192
-1.957 -11.975
9.604 7.328
-11.849 0.769
7.933 -8.794
-0.054 12.180
-7.497 -9.381
12.198 1.147
-9.750 7.178
2.041 -12.750
7.321 10.902
-12.589 -3.176
11.365 -5.450
-4.213 11.338
-4.452 -12.010
11.936 5.062
-11.887 3.356
6.333 -10.443
2.589 12.084
-10.378 -7.204
12.712 -1.605
-8.308 10.017
-0.105 -13.137
8.664 9.045
-12.996 -0.646
10.101 -8.324
-2.585 12.527
-7.534 -11.128
13.163 2.667
-11.491 6.953
4.173 -13.395
5.980 12.116
-11.562 -5.359
13.041 -4.936
-5.873 11.824
-3.199 -13.247
11.451 7.945
-14.007 2.120
8.732 -11.401
1.467 13.608
-10.465 -8.983
13.968 -0.362
-9.956 9.159
1.923 -14.554
9.165 10.930
-14.111 -2.135
12.487 -7.676
-4.398 13.875
-6.322 -12.446
13.767 4.447
-13.505 5.773
6.394 -12.551
4.654 13.605
-12.472 -7.877
14.689 -3.340
-8.090 11.850
-1.881 -14.636
11.885 10.057
-14.773 0.518
11.185 -10.517
-1.415 14.094
-9.089 -12.014
15.318 1.696
-11.666 8.836
3.677 -15.151
7.549 13.370
-13.815 -4.572
13.970 -6.507
-6.059 14.652
-5.153 -15.443
13.119 6.971
-14.673 3.805
8.815 -13.150
1.792 15.367
-12.077 -9.625
15.957 -0.950
-10.588 10.839
-0.043 -14.984
10.903 12.404
-15.818 -1.732
12.735 -9.649
-2.394 15.634
-8.203 -13.658
15.779 4.097
-13.604 7.580
5.829 -15.408
5.691 15.072
-15.057 -7.360
15.468 -5.001
-8.441 13.976
-2.767 -16.177
13.170 8.809
-16.315 1.569
10.803 -12.326
1.241 17.040
-10.979 -12.093
16.815 0.706
-12.391 10.683
1.930 -16.761
9.701 13.825
-16.949 -4.153
14.950 -8.025
-4.455 15.704
-6.670 -14.454
14.992 6.161
-15.886 6.289
7.756 -14.876
3.939 15.939
-14.341 -9.002
17.223 -2.246
-11.397 13.181
-0.769 -17.192
13.209 11.586
-17.533 -1.280
13.531 -11.287
-2.176 17.412
-10.020 -14.053
17.433 3.401
-14.381 9.257
4.354 -16.844
7.258 15.860
-16.342 -5.875
16.097 -6.656
-7.817 15.844
-4.623 -17.234
14.511 9.906
-18.353 3.077
11.519 -14.649
1.714 18.815
-12.740 -11.692
18.326 -0.300
-13.289 12.763
0.752 -18.174
11.197 14.855
-18.566 -3.028
15.325 -9.969
-4.501 17.441
-9.076 -15.595
16.818 5.913
-17.550 7.569
6.775 -17.442
5.323 17.158
-16.589 -8.838
18.644 -4.816
-10.136 14.413
-3.032 -18.107
14.715 12.652
-18.526 1.249
12.761 -13.389
-0.440 18.984
-12.351 -15.073
18.929 1.794
-15.451 11.685
4.596 -18.834
9.592 16.686
-18.770 -4.841
17.651 -8.886
-7.360 17.504
-6.231 -18.032
