-0.897 1.712
-0.549 -1.412
1.247 0.228
-1.728 0.112
1.674 -1.482
-0.012 3.324
-2.351 -2.048
3.634 -0.285
-2.614 2.179
-0.111 -3.911
2.435 2.454
-3.686 -0.054
3.283 -2.301
-1.520 4.337
-2.573 -4.105
3.911 1.516
-4.448 2.026
2.410 -5.422
1.714 5.084
-4.983 -2.186
4.936 -1.660
-3.334 5.124
-1.281 -5.292
4.609 4.176
-6.354 0.667
4.560 -4.025
-0.390 5.665
-4.344 -4.205
5.648 0.893
-5.539 3.592
0.632 -5.930
3.736 5.779
-6.688 -1.597
6.089 -3.080
-2.152 7.178
-2.864 -6.101
6.597 3.458
-7.123 2.321
4.350 -6.658
1.936 8.037
-6.633 -4.695
7.457 -0.239
-5.343 5.406
-0.519 -7.587
5.679 5.807
-8.258 -0.727
6.304 -4.915
-0.417 7.529
-5.224 -6.369
8.019 2.375
-7.263 4.164
3.172 -8.036
3.729 7.923
-7.729 -3.316
7.801 -2.576
-3.989 7.194
-2.060 -8.456
7.562 4.997
-8.555 1.071
5.935 -7.655
0.248 9.233
-6.847 -7.212
9.244 0.509
-7.790 5.879
0.901 -9.561
5.561 7.583
-9.912 -1.448
8.166 -4.640
-2.885 9.096
-4.206 -8.166
9.980 3.117
-9.046 4.489
4.263 -9.450
3.063 10.103
-9.795 -5.160
10.610 -2.079
-6.523 8.207
-1.394 -10.145
8.306 7.064
-10.781 0.156
7.621 -7.100
-0.803 10.777
-5.955 -8.727
11.113 1.655
-9.560 6.584
1.770 -11.181
4.950 9.889
-10.609 -3.179
10.919 -4.667
-4.380 10.053
-3.702 -11.607
9.346 4.778
-11.234 3.511
6.472 -9.985
2.097 11.659
-8.648 -7.199
10.856 -0.232
-8.275 7.815
0.258 -12.131
8.108 8.956
-11.791 -1.403
9.402 -7.201
-2.273 11.967
-5.662 -10.590
11.785 3.351
-10.895 5.281
4.330 -12.165
5.212 12.054
-11.800 -5.417
12.168 -3.288
-6.209 10.381
-2.189 -12.620
10.814 7.153
-12.300 1.134
8.130 -9.114
0.344 12.354
-8.892 -8.975
12.791 0.738
-9.994 8.335
2.290 -12.936
6.870 10.472
-12.661 -3.004
11.448 -6.343
-4.824 11.846
-5.380 -12.315
12.456 5.021
-12.565 4.742
6.544 -12.411
3.672 13.003
-10.392 -7.376
13.722 -2.477
-7.930 10.556
-0.731 -13.608
9.812 9.898
-14.159 -0.468
10.663 -9.619
-1.037 13.648
-8.652 -10.739
13.800 2.190
-11.458 7.192
4.543 -13.960
7.020 12.418
-13.486 -4.671
13.677 -5.272
-6.853 12.841
-3.948 -13.390
12.726 6.882
-14.331 3.216
8.575 -11.176
2.096 14.225
-10.828 -10.018
15.052 -0.608
-10.114 10.177
0.817 -14.734
9.853 12.055
-14.620 -2.183
12.914 -8.302
-3.960 13.600
-6.748 -13.469
14.752 4.459
-13.081 6.562
6.377 -14.227
4.986 14.522
-12.750 -7.013
14.922 -3.852
-8.628 13.302
-2.253 -16.123
11.629 9.244
-15.121 1.067
11.064 -11.323
-1.039 15.436
-10.121 -11.664
15.863 1.974
-12.386 8.728
2.689 -14.741
8.460 14.184
-15.238 -4.586
14.280 -7.166
-5.203 14.936
-5.576 -14.924
14.768 6.903
-14.758 4.973
8.539 -14.088
2.849 15.856
-13.464 -9.981
16.121 -2.099
-10.847 12.203
0.227 -16.410
11.344 11.062
-16.328 -1.431
12.868 -10.151
-1.885 16.981
-8.591 -13.891
16.405 3.758
-14.130 8.246
4.952 -16.129
7.019 15.362
-15.909 -7.172
16.163 -5.166
-7.242 14.629
-3.925 -15.427
13.618 8.790
-16.766 3.289
10.337 -13.214
0.968 16.390
-12.460 -11.465
17.344 0.930
-13.608 10.883
2.377 -17.044
10.876 13.799
-17.006 -4.453
15.361 -8.632
-5.313 16.724
-7.291 -15.643
16.522 6.521
-15.827 6.481
7.350 -15.768
4.247 16.917
-14.998 -8.755
17.041 -3.611
-10.573 14.154
-1.405 -17.788
12.463 12.385
-18.606 -0.320
13.995 -12.304
-1.744 18.813
-10.395 -13.818
18.074 3.045
-15.393 10.127
4.051 -17.733
8.303 16.647
-17.703 -6.361
16.885 -7.009
-7.604 16.329
-6.082 -16.988
15.459 8.878
-18.635 4.244
9.840 -15.916
2.107 17.841
-14.701 -11.713
19.209 -1.338
-12.593 12.324
0.318 -18.356
12.163 15.122
-18.443 -2.148
14.987 -10.839
-3.892 18.586
-9.398 -17.072
18.285 5.214
-17.321 8.674
7.951 -17.681
6.391 18.155
-17.574 -8.181
18.974 -5.520
-10.427 15.869
-2.840 -18.865
