-1.636 -1.028
1.450 -0.437
-0.325 1.226
0.024 -1.732
1.347 1.785
-3.313 -0.273
2.226 -2.183
-0.001 3.645
-1.967 -2.777
3.907 0.196
-2.638 2.235
0.343 -3.670
2.037 3.453
-4.205 -1.856
4.294 -2.243
-1.818 3.780
-1.671 -4.593
5.216 2.828
-5.203 1.310
2.570 -4.796
1.268 5.051
-4.846 -3.726
5.376 -0.862
-4.524 4.267
-0.166 -6.387
3.655 4.862
-5.617 -0.834
4.533 -4.000
-1.333 5.560
-3.146 -5.804
5.862 1.095
-6.055 3.271
2.117 -6.542
2.592 6.312
-6.987 -2.709
6.307 -2.376
-3.965 6.306
-1.755 -7.283
6.296 4.859
-8.164 1.300
5.201 -6.244
-0.347 7.453
-4.970 -5.751
7.604 0.078
-6.235 5.206
1.373 -8.175
4.405 6.671
-7.473 -1.006
6.759 -4.709
-2.997 7.807
-3.582 -7.567
7.762 3.793
-8.191 3.095
3.912 -7.445
1.956 7.979
-6.859 -4.541
8.592 -1.390
-5.575 7.146
-0.396 -8.613
7.166 6.517
-9.224 -0.477
7.727 -6.260
-1.232 9.176
-5.250 -8.227
9.460 1.648
-7.996 4.949
2.221 -9.767
3.985 8.505
-8.841 -3.590
8.470 -3.553
-3.890 9.705
-3.765 -9.370
9.086 4.991
-10.312 2.261
5.913 -9.359
1.240 10.740
-7.670 -7.146
10.223 -0.594
-7.694 7.726
0.691 -10.760
6.481 8.154
-10.681 -1.647
9.168 -5.252
-2.522 10.949
-5.813 -10.047
11.008 2.642
-10.247 4.159
4.002 -10.327
3.796 11.251
-9.678 -5.155
11.861 -2.780
-5.497 8.942
-2.619 -11.475
9.446 7.236
-11.787 1.176
7.856 -8.057
-0.620 10.841
-7.142 -8.862
12.074 1.209
-9.564 7.380
2.324 -11.644
6.441 9.938
-11.751 -3.205
11.002 -4.814
-4.265 11.485
-4.410 -11.276
11.787 5.271
-12.426 4.250
6.326 -11.338
2.323 12.388
-9.862 -7.005
12.753 -1.192
-7.979 10.219
-0.165 -12.351
8.448 8.820
-12.342 -0.627
9.645 -8.160
-1.740 12.694
-7.525 -10.617
12.716 3.298
-10.979 6.027
3.988 -12.386
5.426 11.911
-11.431 -5.739
12.699 -4.397
-5.983 12.024
-3.742 -12.899
11.859 7.497
-13.251 2.641
8.169 -9.781
1.392 13.874
-9.901 -8.733
13.623 0.338
-10.638 9.005
1.578 -14.079
8.752 11.385
-13.524 -2.105
11.385 -7.783
-3.266 13.586
-6.270 -11.987
13.561 5.624
-12.930 6.024
5.715 -13.078
4.183 14.048
-12.263 -7.840
13.658 -2.885
-7.859 12.147
-2.081 -14.539
10.469 9.425
-14.346 0.974
10.837 -10.008
-0.575 15.053
-9.352 -10.881
14.624 1.971
-12.791 8.877
3.323 -14.403
7.263 13.525
-13.248 -5.015
13.957 -5.670
-5.603 14.357
-5.515 -13.556
13.683 7.473
-14.869 3.831
7.991 -12.161
2.669 15.178
-12.584 -9.645
16.250 -0.981
-10.128 10.868
0.123 -15.158
10.421 11.918
-15.307 -2.247
12.422 -9.174
-3.212 15.659
-7.729 -13.033
14.484 3.837
-14.804 7.321
5.767 -14.831
6.024 14.798
-14.482 -6.359
15.315 -4.388
-8.041 14.181
-3.800 -15.103
13.374 9.618
-16.031 1.596
11.006 -12.639
0.827 16.236
-11.315 -11.771
16.342 1.514
-11.918 10.441
2.707 -16.165
9.110 13.625
-16.780 -3.212
14.522 -7.475
-5.034 16.059
-7.112 -14.734
15.691 6.203
-15.865 5.792
8.398 -15.297
3.882 16.518
-14.016 -8.367
15.688 -2.702
-9.832 12.887
-1.963 -16.972
12.362 11.342
-16.415 -0.321
12.407 -11.522
-2.288 17.218
-9.782 -14.420
16.805 3.707
-14.609 9.760
5.774 -16.605
7.401 15.991
-16.256 -6.609
16.167 -6.042
-7.797 15.959
-5.219 -16.286
15.143 8.565
-17.198 2.906
9.905 -14.265
2.263 17.272
-13.281 -11.651
17.844 -0.005
-13.324 11.452
1.778 -18.524
11.168 14.918
-18.618 -3.214
14.591 -9.279
-4.453 17.779
-8.888 -16.140
17.360 5.430
-17.247 6.971
7.731 -17.150
5.663 17.383
-15.682 -8.861
17.413 -4.731
-10.064 14.714
-2.769 -18.911
15.095 11.058
-17.951 0.700
12.831 -13.737
-0.174 19.255
-11.298 -13.521
18.275 1.758
-16.029 10.939
3.589 -18.218
9.630 15.791
-18.224 -5.338
17.756 -8.029
-6.632 17.820
-7.288 -17.948
17.002 9.314
-18.600 4.947
9.534 -16.878
4.014 19.349
-15.002 -11.640
19.030 -1.351
