0.662 1.815
-1.414 -0.544
1.008 -0.769
-1.080 1.354
0.030 -2.236
2.451 2.246
-3.097 0.361
2.235 -2.880
-0.148 3.400
-2.967 -2.550
3.454 -0.149
-2.521 2.690
0.507 -3.977
2.185 4.043
-4.768 -0.859
3.753 -1.872
-1.495 4.653
-2.388 -5.432
4.914 2.154
-4.970 2.214
2.094 -4.768
1.545 5.915
-4.776 -2.614
6.190 -0.598
-3.783 5.149
0.092 -6.082
3.927 4.101
-6.034 0.383
4.461 -3.577
-1.071 6.514
-3.961 -4.458
6.789 1.126
-5.683 3.872
1.820 -6.576
3.861 6.423
-6.440 -1.988
6.998 -2.552
-3.077 6.830
-1.997 -7.699
7.247 3.977
-7.937 1.746
4.842 -5.677
0.402 7.591
-5.960 -4.722
8.117 -0.292
-6.096 5.618
0.608 -7.971
5.288 5.375
-8.227 -0.422
7.154 -4.332
-1.808 8.174
-3.809 -7.754
8.370 2.575
-7.654 3.485
3.345 -7.503
2.637 7.792
-7.641 -4.167
8.785 -2.230
-4.966 7.048
-1.667 -9.542
6.996 6.031
-9.942 0.210
6.598 -6.495
-0.894 9.719
-6.465 -7.101
9.351 0.991
-7.742 6.356
2.064 -9.162
4.786 8.256
-8.870 -2.384
9.022 -5.284
-2.768 9.711
-4.120 -9.513
9.534 4.534
-10.409 3.771
5.603 -9.246
1.680 10.348
-8.442 -5.797
10.815 -1.389
-7.140 8.078
-0.123 -10.415
7.430 7.847
-10.463 -1.469
8.703 -7.106
-1.564 11.502
-7.079 -8.834
10.646 2.995
-9.491 5.707
3.897 -11.217
4.488 10.005
-11.076 -5.073
9.824 -3.697
-4.964 10.672
-3.029 -11.507
10.034 6.295
-11.145 1.551
7.135 -8.185
0.212 11.380
-8.799 -8.355
12.080 0.030
-8.973 7.776
1.002 -11.800
7.321 9.735
-11.644 -2.940
10.409 -6.461
-3.426 11.612
-6.083 -11.390
12.423 4.258
-11.948 5.081
5.757 -11.212
3.499 11.579
-10.807 -6.874
12.568 -3.184
-7.439 9.860
-1.269 -12.147
9.368 8.060
-12.622 0.536
9.155 -8.964
-0.561 13.001
-8.026 -10.400
12.369 1.967
-10.743 7.343
3.013 -12.737
5.515 11.541
-12.729 -4.309
12.097 -5.834
-4.949 12.485
-4.775 -13.193
12.089 6.035
-12.450 2.722
7.403 -11.816
2.471 12.969
-10.557 -8.617
13.924 -0.595
-9.876 10.157
0.062 -14.360
9.396 9.952
-13.766 -0.828
10.907 -8.734
-2.392 13.315
-7.268 -12.756
13.909 3.165
-12.531 6.831
5.305 -13.664
4.885 13.711
-12.561 -6.092
13.655 -4.781
-7.266 12.764
-2.495 -13.864
11.932 8.023
-14.697 1.266
9.681 -11.542
0.720 14.330
-10.347 -10.520
15.547 0.825
-11.454 9.344
2.551 -15.139
7.394 12.082
-14.504 -4.074
13.226 -7.910
-3.950 14.092
-6.231 -14.291
14.096 6.086
-13.768 4.711
7.194 -13.629
4.032 15.334
-13.441 -9.185
14.664 -2.379
-9.387 11.902
-0.929 -15.804
10.718 11.157
-15.438 -0.365
12.136 -10.404
-1.881 15.035
-9.093 -11.909
16.185 3.288
-13.647 8.184
4.310 -15.385
7.546 13.901
-14.791 -5.919
15.045 -6.277
-6.254 14.263
-4.673 -15.797
13.646 8.564
-16.443 3.241
9.297 -13.336
1.726 16.236
-11.984 -11.212
15.816 -0.946
-12.047 11.114
1.153 -16.349
11.290 12.823
-16.056 -2.994
13.820 -9.604
-3.411 16.001
-8.596 -14.518
16.086 5.147
-16.011 6.940
7.057 -15.431
5.946 15.202
-14.052 -7.480
15.667 -4.157
-8.851 14.614
-2.816 -16.539
12.774 10.314
-16.865 1.500
12.361 -12.202
-1.109 17.390
-11.007 -13.229
17.526 1.242
-14.739 9.581
3.953 -17.171
8.794 15.185
-16.478 -5.135
15.942 -7.831
-5.858 16.068
-6.716 -16.049
15.371 8.245
-16.570 5.201
8.798 -15.034
3.353 17.346
-14.102 -10.933
17.547 -0.883
-12.759 13.547
0.318 -18.632
12.741 13.951
-17.217 -1.611
14.416 -11.319
-2.869 18.201
-10.389 -14.931
17.900 5.063
-16.619 8.813
6.179 -17.206
6.960 16.614
-16.658 -6.935
16.971 -5.458
-9.403 16.640
-5.149 -17.989
14.613 10.449
-18.557 2.990
11.939 -15.108
0.640 17.608
-13.363 -12.589
19.371 1.181
-14.002 12.195
2.069 -18.380
11.128 15.387
-18.951 -4.539
16.163 -10.015
-5.242 18.649
-7.726 -17.780
17.729 7.492
-17.878 7.492
8.687 -17.749
4.720 18.392
-15.865 -10.596
