-1.484 -1.238
1.496 -0.239
-0.487 1.171
0.256 -1.713
1.095 1.950
-3.247 -0.714
2.498 -1.865
-0.489 3.612
-1.577 -3.016
3.846 0.718
-2.914 1.861
0.832 -3.591
1.556 3.695
-3.918 -2.402
4.556 -1.648
-2.308 3.502
-1.041 -4.775
4.790 3.502
-5.331 0.601
3.190 -4.408
0.580 5.176
-4.303 -4.342
5.443 -0.134
-5.055 3.622
0.691 -6.352
2.971 5.308
-5.455 -1.579
5.028 -3.357
-2.066 5.332
-2.340 -6.173
5.662 1.870
-6.438 2.430
2.975 -6.199
1.723 6.602
-6.561 -3.620
6.569 -1.510
-4.774 5.718
-0.763 -7.452
5.588 5.659
-8.264 0.194
5.991 -5.491
-1.342 7.339
-4.155 -6.365
7.525 1.096
-6.876 4.323
2.456 -7.918
3.472 7.201
-7.271 -1.998
7.329 -3.760
-4.016 7.335
-2.535 -7.979
7.184 4.799
-8.532 1.970
4.874 -6.853
0.869 8.169
-6.189 -5.419
8.701 -0.227
-6.482 6.335
0.761 -8.588
6.228 7.419
-9.077 -1.709
8.496 -5.168
-2.451 8.928
-4.100 -8.856
9.154 2.901
-8.587 3.833
3.510 -9.382
2.809 8.962
-8.281 -4.742
8.870 -2.386
-5.155 9.096
-2.476 -9.790
8.336 6.163
-10.522 0.859
7.114 -8.483
-0.210 10.809
-6.643 -8.110
10.211 0.781
-8.660 6.626
2.126 -10.570
5.330 8.949
-10.364 -3.063
9.789 -3.976
-3.966 10.512
-4.415 -10.735
10.554 4.093
-10.712 2.748
5.349 -9.697
2.254 11.658
-8.900 -6.406
12.127 -1.166
-6.645 8.125
-1.058 -11.723
8.392 8.436
-11.838 -0.414
8.864 -6.932
-2.067 10.660
-5.890 -9.739
11.803 2.816
-10.467 6.032
3.863 -11.228
5.051 10.712
-11.216 -4.751
11.548 -3.296
-5.765 10.810
-2.860 -11.765
10.975 6.803
-12.883 2.547
7.788 -10.388
0.642 12.588
-8.834 -8.263
12.797 0.527
-9.276 9.058
1.491 -12.262
7.190 9.873
-12.147 -2.275
10.651 -6.794
-3.425 12.346
-6.035 -11.529
12.160 4.972
-11.688 4.502
5.612 -11.740
3.781 12.530
-10.559 -7.219
13.174 -2.656
-7.540 11.114
-1.980 -13.284
10.748 9.019
-13.485 0.842
9.406 -8.599
-0.479 13.935
-8.642 -9.981
13.455 2.161
-11.748 7.498
3.450 -13.740
7.148 12.455
-13.120 -3.898
12.325 -6.187
-5.056 13.026
-4.608 -12.719
12.685 7.390
-13.621 4.237
7.415 -12.194
2.263 14.482
-11.102 -9.412
13.922 -1.029
-9.416 10.984
-0.115 -14.686
9.111 10.743
-14.347 -0.957
12.080 -8.466
-2.587 14.840
-7.810 -12.036
14.228 3.912
-13.865 7.083
5.223 -13.828
5.386 14.377
-12.456 -6.745
14.591 -3.749
-7.476 13.476
-3.649 -14.173
12.558 9.239
-15.248 1.804
9.549 -10.980
0.612 15.399
-11.178 -11.244
16.235 1.206
-11.493 9.413
2.152 -15.005
8.730 13.207
-14.868 -4.278
13.539 -7.427
-5.281 15.088
-5.913 -13.951
13.840 5.743
-15.651 5.272
7.702 -13.924
3.987 15.472
-13.500 -8.242
15.765 -2.297
-9.868 12.976
-1.742 -15.476
11.965 11.323
-16.100 -0.566
12.600 -11.051
-1.356 16.200
-9.635 -13.181
15.991 3.690
-13.209 8.750
4.849 -15.657
7.202 14.723
-16.199 -5.431
15.393 -5.462
-7.140 15.240
-5.074 -15.554
14.718 8.249
-16.498 3.615
10.372 -14.034
1.634 16.889
-12.768 -10.170
15.908 -0.576
-11.470 11.453
0.329 -17.082
10.731 12.896
-16.224 -2.517
13.839 -9.756
-4.575 16.756
-7.762 -15.601
16.157 5.925
-15.785 7.715
7.947 -15.681
5.191 16.838
-15.224 -8.727
16.831 -3.821
-9.865 14.770
-2.990 -16.839
13.859 10.517
-17.433 0.576
11.727 -12.809
-0.071 17.419
-11.600 -13.326
17.683 2.386
-14.739 9.564
4.244 -18.119
9.069 16.279
-18.019 -5.680
15.703 -7.241
-6.795 17.022
-6.646 -17.185
16.476 7.707
-18.025 4.597
9.959 -15.959
3.283 17.985
-14.353 -10.883
17.890 -2.355
-11.945 13.233
-0.210 -19.111
13.477 12.981
-17.883 -1.711
14.556 -11.894
-2.752 19.058
-9.385 -14.913
17.875 4.190
-17.351 8.693
5.997 -17.573
7.427 16.939
-17.344 -7.732
18.672 -5.578
-8.960 16.771
-4.818 -18.763
15.601 11.508
-19.095 2.410
11.710 -15.448
1.386 19.712
-13.307 -13.545
19.040 1.211
