-0.495 -1.868
1.359 0.669
-1.074 0.675
1.199 -1.250
-0.233 2.224
-2.237 -2.459
3.117 -0.079
-2.487 2.665
0.456 -3.373
2.724 2.808
-3.453 -0.165
2.754 -2.451
-0.865 3.914
-1.809 -4.225
4.670 1.288
-3.908 1.524
1.910 -4.499
1.886 5.626
-4.698 -2.590
5.151 -1.754
-2.518 4.559
-1.003 -6.030
4.520 3.036
-6.219 0.035
4.234 -4.785
-0.643 6.049
-3.539 -4.440
6.043 0.166
-4.767 3.157
1.657 -6.390
3.540 4.798
-6.659 -1.737
6.010 -3.341
-2.409 6.384
-3.263 -6.746
6.233 2.563
-7.200 1.907
3.683 -6.523
1.291 7.848
-6.857 -4.617
8.062 -1.019
-5.336 5.214
0.287 -7.596
5.508 5.243
-8.110 -0.445
6.580 -5.043
-1.328 7.883
-4.780 -5.833
8.154 1.166
-7.517 3.666
2.541 -7.977
3.090 8.068
-8.102 -3.322
7.938 -2.777
-4.011 7.169
-1.920 -7.999
7.232 4.843
-8.951 1.424
5.584 -6.569
0.796 9.653
-6.421 -6.640
9.920 0.692
-7.159 5.870
1.771 -9.598
5.795 7.657
-9.223 -1.834
8.286 -5.628
-2.886 8.938
-4.018 -8.655
8.618 3.179
-9.464 4.445
3.637 -9.420
3.241 9.847
-9.084 -5.379
10.708 -2.813
-6.418 8.700
-0.736 -10.457
7.882 6.538
-10.896 0.404
7.843 -7.398
-0.822 10.383
-6.688 -8.488
10.287 2.411
-9.312 6.288
2.600 -11.313
6.249 9.439
-10.331 -3.947
9.970 -4.823
-4.897 10.817
-3.562 -10.371
10.571 6.056
-10.119 2.791
5.911 -10.179
1.974 11.734
-9.422 -7.179
11.240 -0.535
-7.847 7.505
0.821 -11.352
8.006 9.118
-12.028 -1.125
9.641 -6.931
-2.067 11.661
-6.409 -10.358
11.329 3.983
-10.952 5.491
4.465 -11.254
5.026 11.894
-11.986 -5.366
12.359 -3.978
-6.750 10.644
-2.435 -11.848
10.140 7.825
-12.805 2.032
8.302 -9.146
0.163 12.212
-8.599 -8.876
12.619 0.610
-9.930 8.097
1.737 -12.897
7.051 11.085
-12.140 -3.080
11.364 -6.339
-4.155 12.411
-4.446 -11.993
12.286 5.445
-12.576 4.713
6.060 -11.985
3.560 13.571
-11.492 -7.106
12.645 -1.582
-8.444 11.096
-1.285 -13.140
9.733 9.539
-13.921 -0.669
10.756 -9.220
-1.364 14.296
-8.455 -10.763
13.635 2.072
-11.654 7.709
3.589 -13.043
6.082 13.362
-13.565 -4.412
13.099 -5.667
-6.522 13.127
-3.622 -14.097
11.957 7.205
-14.032 3.524
8.393 -12.052
1.228 14.033
-11.156 -9.072
14.751 0.071
-10.687 10.617
0.581 -14.336
9.351 11.415
-15.409 -2.231
12.254 -8.267
-3.912 14.846
-6.269 -12.702
14.075 5.372
-13.889 6.678
5.211 -13.676
4.910 14.797
-13.487 -7.338
14.138 -3.444
-8.399 12.921
-2.626 -15.636
12.553 10.366
-14.819 1.041
10.427 -11.002
-0.507 15.823
-9.663 -12.083
15.342 1.762
-13.029 9.262
3.236 -14.803
7.976 12.684
-15.820 -4.741
14.332 -6.913
-5.687 14.931
-6.255 -14.527
14.194 7.236
-15.552 4.887
7.521 -13.637
3.222 16.155
-12.813 -9.766
16.669 -1.738
-10.468 12.438
-0.247 -16.325
10.919 12.252
-15.837 -0.492
13.005 -9.976
-2.630 16.178
-10.082 -13.793
15.719 4.437
-14.634 8.312
4.847 -15.626
7.245 15.237
-15.554 -6.584
16.575 -5.460
-8.426 14.728
-4.544 -15.678
13.316 8.723
-15.979 2.720
10.139 -13.751
1.306 16.726
-11.786 -11.430
16.932 0.035
-13.416 11.032
2.681 -17.217
9.763 14.172
-17.341 -2.826
15.547 -8.206
-5.493 16.742
-7.381 -15.920
15.944 6.608
-16.587 6.354
7.290 -15.471
5.233 16.591
-14.560 -9.604
16.973 -3.678
-10.124 14.175
-1.767 -17.579
13.053 12.166
-17.555 -0.711
13.934 -12.335
-2.006 18.527
-11.424 -15.048
17.000 3.165
-15.382 9.966
4.507 -17.866
8.993 15.811
-17.368 -6.664
17.350 -7.270
-7.713 16.575
-5.426 -17.176
15.961 8.416
-17.395 3.898
10.872 -15.719
3.498 18.382
-13.606 -11.730
18.752 -1.296
-13.259 13.964
0.958 -17.594
12.167 13.749
-19.184 -2.931
15.049 -10.876
-3.727 18.117
-9.687 -16.332
18.462 6.238
-17.004 8.509
6.911 -18.097
6.083 18.407
-16.977 -9.068
18.483 -5.841
-10.260 16.889
-3.034 -18.744
14.839 11.990
