1.845 0.576
-1.291 0.793
0.001 -1.268
0.419 1.681
-1.758 -1.382
3.273 -0.583
-1.594 2.680
-0.930 -3.524
2.611 2.183
-3.828 0.808
1.980 -2.835
0.606 3.636
-2.851 -2.818
4.539 0.720
-3.578 3.266
0.792 -4.119
2.789 4.014
-5.766 -1.402
4.695 -2.596
-1.260 5.293
-2.516 -4.560
5.637 2.365
-4.977 2.207
3.284 -5.281
1.792 6.133
-4.776 -3.767
5.643 -0.629
-3.361 5.026
-0.132 -5.716
4.524 4.808
-5.947 0.439
5.018 -4.709
-0.376 6.866
-4.119 -5.440
7.447 0.834
-5.491 3.909
2.223 -7.109
3.557 6.593
-7.329 -3.090
7.561 -3.342
-3.434 7.365
-1.569 -7.294
6.274 4.291
-7.372 1.867
4.698 -6.626
0.761 8.255
-5.963 -5.324
7.482 -0.936
-5.332 6.279
0.903 -8.314
5.396 6.401
-8.474 -1.684
7.129 -5.085
-1.880 8.197
-3.929 -7.215
7.792 2.638
-7.952 3.539
3.565 -8.333
2.583 8.226
-8.593 -4.471
9.040 -1.895
-5.872 8.026
-1.152 -9.186
7.178 6.613
-9.568 0.823
6.466 -6.827
0.347 10.011
-6.025 -7.205
9.465 1.212
-7.282 5.599
1.282 -10.376
6.034 8.097
-10.060 -2.504
9.393 -4.820
-3.326 10.559
-3.942 -10.067
9.241 4.950
-9.732 3.186
5.465 -9.435
2.081 10.579
-8.349 -6.228
10.747 -1.136
-7.522 7.419
-0.359 -11.230
8.187 8.229
-11.317 0.258
8.845 -6.638
-1.231 11.006
-6.544 -9.908
10.674 2.512
-10.758 5.718
3.030 -10.050
5.463 10.426
-10.981 -4.582
11.096 -4.148
-5.537 9.796
-2.169 -10.639
9.169 6.744
-11.982 1.916
7.362 -9.578
0.728 11.852
-8.766 -7.963
12.180 0.097
-9.407 7.464
1.189 -12.194
7.144 9.775
-12.743 -2.085
10.928 -7.283
-3.220 12.578
-5.410 -11.384
11.324 4.253
-12.025 4.410
5.104 -11.918
3.315 11.899
-10.421 -6.370
12.093 -2.547
-7.241 10.353
-1.561 -12.717
9.988 8.342
-13.137 0.059
9.075 -8.632
-0.692 12.994
-8.288 -10.130
12.518 2.629
-11.155 7.495
2.713 -13.154
6.913 11.515
-13.381 -4.219
12.137 -5.938
-5.399 11.543
-4.890 -13.058
11.804 5.914
-13.258 3.153
7.985 -11.423
2.071 14.015
-11.370 -8.772
13.613 -1.420
-9.019 10.433
-0.313 -13.969
9.124 9.988
-14.548 -1.974
10.962 -9.127
-2.184 14.104
-7.632 -12.514
13.859 4.447
-12.468 6.278
4.495 -13.752
5.726 13.525
-12.529 -6.438
13.621 -4.606
-7.921 12.445
-3.289 -14.701
11.821 8.131
-14.642 1.830
10.099 -11.850
0.466 14.774
-10.477 -11.221
14.089 1.464
-12.046 9.047
1.750 -15.312
8.795 11.697
-15.138 -3.730
13.397 -7.502
-4.620 13.799
-6.458 -13.993
14.630 6.110
-15.461 5.099
7.016 -13.094
3.754 14.687
-13.119 -8.861
15.373 -1.738
-9.667 12.043
-0.895 -15.960
10.802 10.626
-14.984 -0.010
12.442 -10.860
-1.787 15.812
-9.604 -12.768
15.626 2.448
-13.686 8.155
4.152 -15.764
7.532 13.631
-15.387 -5.883
15.091 -5.639
-7.412 15.032
-4.947 -15.486
13.946 8.490
-16.186 2.710
8.855 -13.139
1.512 16.321
-12.288 -10.846
17.044 -1.181
-12.131 10.936
0.764 -16.812
10.640 12.428
-16.754 -1.989
13.859 -9.653
-4.212 16.935
-7.973 -14.978
15.688 4.510
-14.477 6.620
6.214 -14.971
6.233 15.908
-14.849 -7.808
15.952 -3.883
-9.052 14.309
-2.186 -17.231
13.141 11.443
-17.195 0.709
11.632 -13.168
-1.341 17.529
-11.240 -13.570
17.405 2.237
-14.088 9.971
3.462 -17.421
9.206 14.413
-16.828 -4.413
15.885 -7.203
-5.932 16.322
-6.600 -16.120
15.817 7.872
-17.250 4.563
9.957 -14.476
3.012 18.364
-14.608 -11.570
18.821 -1.648
-11.737 12.699
-0.236 -18.327
12.716 13.334
-18.171 -0.815
14.894 -11.145
-3.093 18.555
-9.915 -15.359
17.426 4.562
-15.627 9.022
5.971 -16.797
7.508 17.576
-17.419 -6.835
17.176 -5.263
-8.896 16.558
-4.751 -18.660
14.377 10.186
-18.117 2.969
12.703 -14.671
1.184 18.530
-13.344 -12.808
18.983 0.506
-15.116 12.299
1.860 -18.923
11.631 15.491
-18.817 -4.662
16.720 -9.534
-4.907 18.753
-8.824 -17.682
17.478 7.421
-18.054 6.168
