1.928 -0.130
-0.916 1.206
-0.457 -1.183
0.999 1.415
-2.139 -0.653
2.841 -1.727
-0.518 3.075
-2.142 -2.949
3.224 1.091
-3.276 2.138
0.821 -3.359
1.880 3.171
-3.677 -1.596
4.492 -0.970
-2.155 4.339
-0.751 -4.127
4.052 2.733
-5.883 0.778
3.439 -4.118
0.739 5.391
-3.995 -3.341
6.111 0.166
-3.843 3.857
1.152 -6.111
3.889 5.070
-5.815 -1.785
5.034 -2.627
-1.316 5.901
-2.190 -5.282
5.957 2.846
-5.386 2.560
2.976 -6.205
2.133 6.537
-5.807 -3.582
7.245 -1.916
-3.706 5.630
-0.498 -7.432
5.700 4.860
-7.950 -0.231
5.841 -5.850
-0.538 8.109
-4.100 -6.233
7.401 1.731
-6.198 4.406
1.984 -7.876
3.694 7.421
-7.485 -2.807
6.637 -3.579
-2.701 7.782
-2.164 -8.078
7.345 4.017
-8.509 1.494
4.807 -7.319
1.211 8.322
-6.272 -5.306
8.218 -0.358
-6.134 6.175
0.310 -9.058
5.383 6.735
-9.628 -1.061
7.743 -5.036
-2.572 9.606
-4.396 -8.148
9.083 3.570
-8.622 4.227
3.560 -8.703
3.944 9.208
-8.223 -4.538
9.263 -2.293
-4.765 7.853
-2.557 -10.138
8.553 5.367
-10.285 1.303
7.014 -7.891
0.718 11.047
-7.316 -7.960
10.406 1.273
-7.922 6.490
1.683 -10.773
5.765 9.111
-10.036 -2.788
9.609 -4.946
-4.330 9.637
-4.395 -10.340
10.609 4.711
-10.458 4.333
5.846 -9.388
2.832 10.707
-9.684 -6.871
10.860 -1.518
-7.962 9.221
-0.809 -10.465
8.864 7.744
-11.895 -0.301
8.845 -7.879
-1.620 11.136
-5.870 -9.135
10.987 2.972
-10.478 6.119
3.400 -11.592
4.964 10.786
-11.052 -4.254
11.391 -4.314
-6.071 10.361
-3.301 -11.799
10.195 6.530
-12.635 2.664
7.555 -10.742
1.546 12.891
-9.161 -8.657
12.095 -0.130
-9.616 8.460
0.448 -12.957
7.393 9.895
-12.019 -2.170
10.354 -6.748
-3.007 12.271
-6.054 -11.292
12.328 4.166
-12.226 4.806
5.339 -11.330
4.054 12.365
-11.390 -6.447
12.621 -2.076
-7.690 11.021
-2.227 -13.245
10.609 8.236
-14.001 0.905
9.168 -9.925
-0.859 12.715
-9.281 -10.406
13.144 1.246
-11.220 7.734
3.313 -13.538
6.999 12.317
-13.773 -4.066
12.178 -6.246
-4.636 12.989
-5.344 -12.911
12.119 6.012
-14.277 3.421
6.920 -12.474
3.064 13.939
-11.641 -8.907
14.529 -0.866
-9.354 10.362
-0.782 -14.447
10.230 10.539
-14.009 -1.472
11.034 -9.220
-2.885 14.467
-8.383 -12.516
13.962 3.306
-12.989 7.002
5.130 -14.700
5.777 13.606
-13.826 -6.673
13.665 -3.730
-7.959 12.791
-3.906 -14.908
12.430 7.725
-15.462 1.997
9.777 -11.839
0.683 14.535
-11.081 -10.710
15.850 0.406
-12.570 10.345
1.806 -14.745
8.811 12.335
-15.436 -3.517
13.704 -7.180
-4.657 14.724
-6.606 -14.557
13.913 6.001
-13.973 5.410
7.673 -14.625
4.052 15.388
-13.571 -8.431
15.454 -3.368
-9.811 12.552
-1.830 -16.199
11.952 9.984
-16.473 0.080
12.031 -10.714
-1.475 16.695
-10.212 -12.649
16.072 2.872
-14.111 8.380
3.504 -15.452
7.311 14.669
-15.379 -5.668
15.464 -7.265
-7.355 14.583
-5.367 -15.951
14.414 7.740
-16.340 4.205
9.431 -14.012
2.197 17.312
-12.850 -11.082
16.257 -1.469
-11.103 11.407
0.379 -16.205
11.564 12.577
-16.668 -1.909
13.469 -9.389
-3.265 16.614
-8.269 -15.275
16.390 5.917
-15.775 6.879
6.083 -16.483
5.089 16.827
-15.387 -8.587
17.036 -4.208
-9.528 14.391
-3.072 -17.494
13.795 10.108
-17.285 1.971
12.206 -12.460
0.371 17.363
-11.983 -12.643
17.593 1.620
-14.433 10.492
4.048 -17.097
9.449 16.031
-17.804 -5.504
16.951 -8.343
-6.350 16.084
-6.847 -17.001
16.678 7.833
-17.236 5.811
9.856 -15.777
3.826 18.418
-14.798 -10.734
17.896 -2.049
-11.307 14.062
-0.507 -17.820
13.356 13.672
-18.712 -0.074
14.111 -11.118
-2.306 18.655
-11.177 -15.680
17.088 4.298
-15.818 9.320
6.538 -18.272
7.805 16.848
-17.073 -7.115
17.881 -6.393
-9.646 16.933
-5.109 -18.315
16.446 10.237
-19.230 2.459
12.140 -14.935
2.207 19.258
-14.621 -13.294
18.979 0.599
-14.601 12.279
