-0.317 1.906
-0.963 -1.169
1.256 -0.173
-1.607 0.646
1.127 -1.931
1.027 3.162
-2.873 -1.211
3.363 -1.406
-1.803 2.886
-1.327 -3.680
3.080 1.571
-3.519 1.100
2.400 -3.212
-0.089 4.595
-3.727 -3.096
4.189 0.219
-3.592 3.314
0.596 -5.904
3.216 4.294
-5.416 -0.521
4.171 -3.119
-1.567 5.909
-2.870 -4.627
5.682 2.527
-5.828 2.618
3.075 -5.248
1.399 5.503
-5.440 -2.638
5.644 -0.916
-4.140 5.142
-1.252 -5.830
5.354 4.323
-6.852 0.572
4.822 -4.827
0.198 7.491
-4.626 -4.901
7.347 1.225
-6.041 4.429
2.053 -7.684
4.349 7.030
-7.767 -2.389
7.009 -2.556
-3.388 6.805
-2.862 -7.045
7.208 3.743
-8.072 1.888
4.454 -6.638
1.956 7.283
-6.952 -4.418
8.359 -0.248
-5.599 6.224
0.503 -8.625
6.017 6.362
-8.378 -0.736
6.606 -4.884
-1.542 8.080
-4.598 -7.390
8.744 2.385
-7.793 3.689
3.247 -9.126
3.120 8.694
-8.757 -4.713
8.941 -2.404
-5.564 8.018
-2.130 -9.364
7.651 5.467
-9.868 1.720
6.308 -6.958
0.100 9.542
-6.546 -6.443
10.454 -0.156
-7.191 7.089
1.098 -10.308
6.066 8.641
-10.916 -1.843
9.429 -5.288
-3.633 9.834
-4.493 -9.202
10.097 4.116
-10.193 3.515
5.022 -9.125
2.603 10.489
-8.383 -6.431
11.074 -1.899
-7.025 9.240
-1.811 -11.174
7.791 7.849
-11.071 0.293
8.915 -7.844
-1.021 10.918
-7.142 -9.870
10.371 1.620
-9.576 6.844
3.030 -11.507
5.633 10.420
-10.464 -4.138
10.240 -3.611
-5.420 10.009
-3.544 -11.605
10.499 5.975
-11.639 2.350
6.683 -9.777
1.578 12.078
-8.687 -8.292
12.242 -0.498
-8.700 8.420
0.314 -12.909
8.716 9.823
-12.901 -1.461
10.532 -6.924
-2.656 11.801
-6.021 -11.305
12.507 3.417
-11.330 4.919
4.877 -11.198
4.185 11.628
-11.250 -5.749
12.382 -3.294
-6.891 11.039
-1.864 -13.004
9.797 7.803
-12.966 1.101
8.894 -9.602
-0.883 12.760
-8.957 -10.019
13.402 0.880
-10.456 8.430
2.340 -13.834
7.550 11.205
-12.176 -3.761
12.262 -6.638
-4.236 12.505
-4.945 -12.699
12.412 6.339
-13.597 3.977
7.126 -12.468
3.277 13.289
-11.574 -7.500
13.794 -2.230
-8.639 10.411
-0.045 -14.681
10.547 9.604
-14.270 -0.225
11.346 -9.280
-2.500 14.339
-7.933 -11.487
14.239 2.563
-12.609 7.531
4.655 -13.295
6.434 12.859
-13.415 -6.135
14.109 -5.279
-6.429 12.827
-3.825 -14.252
13.125 8.374
-14.570 2.492
9.675 -11.920
0.486 14.157
-10.617 -10.688
15.407 -0.371
-10.377 10.319
1.614 -15.507
9.272 12.238
-14.303 -2.679
12.972 -8.320
-4.041 15.331
-7.176 -14.613
13.934 5.150
-14.031 5.737
6.974 -14.213
3.834 14.988
-13.257 -7.920
15.686 -3.080
-9.041 12.160
-2.050 -14.843
12.467 10.832
-15.908 0.403
11.327 -11.268
-0.277 15.814
-9.959 -12.436
16.185 1.945
-12.466 9.334
3.712 -16.050
7.659 14.173
-15.908 -5.276
14.659 -7.029
-6.493 14.981
-4.909 -15.660
14.231 6.965
-15.958 3.741
9.054 -13.662
3.513 16.720
-12.500 -10.513
16.758 -1.554
-10.848 12.247
-0.333 -16.869
11.466 12.401
-17.353 -1.845
13.740 -9.956
-2.311 16.159
-8.547 -13.430
15.683 4.097
-14.900 8.361
5.693 -15.781
6.039 15.267
-15.418 -6.999
16.767 -4.533
-9.528 14.589
-3.066 -16.934
14.642 9.711
-17.547 1.081
11.896 -12.998
0.176 17.547
-11.813 -12.583
17.732 1.035
-13.011 11.100
2.058 -17.275
9.318 14.745
-16.982 -3.633
15.060 -8.753
-5.624 16.748
-6.890 -16.459
15.707 7.873
-17.775 5.508
9.452 -16.060
4.219 18.416
-14.191 -9.880
18.120 -2.753
-11.460 14.428
-1.690 -18.111
13.087 13.221
-18.804 -0.514
13.851 -11.932
-2.123 17.887
-11.084 -14.239
17.458 3.606
-16.377 9.852
4.376 -18.193
7.574 16.290
-17.624 -6.536
17.830 -7.270
-8.114 15.641
-5.431 -17.537
16.278 10.566
-18.192 3.720
10.852 -14.978
2.108 18.872
-14.260 -13.282
18.999 -0.758
-13.746 13.650
2.031 -19.280
11.742 15.251
-19.250 -2.282
16.301 -11.170
-4.949 18.332
-8.591 -17.034
