-1.625 1.045
0.219 -1.499
0.972 0.815
-1.558 -0.756
2.188 -0.462
-1.652 2.885
-1.033 -2.942
3.300 1.547
-3.350 0.603
1.835 -3.455
0.905 3.337
-3.178 -1.868
3.991 -0.380
-3.464 3.020
-0.210 -4.840
2.652 3.250
-4.868 -0.435
4.774 -3.524
-1.021 5.267
-3.252 -4.362
5.112 0.995
-5.430 2.808
1.500 -5.234
1.945 5.907
-5.854 -2.559
5.953 -1.247
-3.138 4.733
-1.700 -5.802
4.470 3.566
-6.590 0.387
3.478 -4.844
0.394 6.870
-5.026 -4.692
6.815 0.330
-5.417 5.178
0.524 -6.719
4.028 6.266
-7.340 -1.500
7.071 -3.640
-2.286 7.944
-3.448 -7.359
6.602 3.475
-7.316 2.061
3.296 -6.853
2.069 7.854
-6.821 -4.711
7.909 -1.160
-4.081 6.341
-1.397 -8.118
5.799 6.026
-8.372 0.033
6.727 -5.420
-0.672 8.731
-5.082 -6.701
8.055 1.614
-7.022 4.285
2.386 -8.370
4.107 8.080
-7.968 -3.295
8.942 -3.724
-4.345 8.151
-2.391 -9.653
7.787 5.008
-9.677 1.264
5.506 -7.868
1.089 9.340
-7.903 -6.155
9.392 -0.001
-7.002 6.484
0.376 -9.178
7.138 7.639
-10.082 -0.565
8.374 -6.111
-2.327 10.298
-5.967 -9.325
10.252 3.433
-9.725 3.914
3.799 -9.510
3.733 10.245
-9.451 -5.190
10.133 -2.410
-6.022 8.974
-0.867 -10.530
8.845 6.928
-11.564 1.002
7.062 -8.848
-0.581 11.044
-7.654 -8.004
11.799 1.335
-8.774 6.577
2.514 -11.921
5.766 8.771
-11.503 -2.496
10.559 -5.485
-3.935 11.173
-3.964 -10.531
9.554 5.160
-11.055 2.708
6.216 -10.421
2.626 11.792
-9.559 -7.044
11.732 -1.617
-7.887 9.282
0.308 -12.005
8.592 8.734
-12.082 -0.789
9.774 -8.438
-1.422 13.055
-7.584 -10.538
12.204 3.151
-10.526 5.959
4.330 -12.054
5.869 11.561
-11.255 -5.090
11.571 -3.909
-5.803 10.911
-3.298 -12.196
10.757 6.960
-12.807 2.311
8.381 -10.116
0.801 12.499
-9.525 -8.866
13.088 0.139
-10.046 7.917
1.405 -13.365
8.351 10.519
-13.268 -2.083
11.820 -7.559
-3.229 13.120
-5.392 -11.547
13.154 4.624
-12.109 5.262
6.086 -12.193
3.642 13.453
-12.080 -7.401
14.023 -3.096
-7.643 11.354
-2.219 -13.612
10.918 8.720
-13.515 0.593
10.846 -9.894
-0.030 14.265
-9.419 -10.723
14.496 2.172
-12.301 7.780
3.181 -13.593
7.666 12.270
-14.049 -4.282
12.976 -5.482
-5.204 13.404
-4.466 -14.059
13.388 6.906
-13.821 3.853
7.988 -12.407
2.613 15.348
-11.633 -9.119
15.329 -0.840
-10.161 9.869
0.786 -15.044
10.624 11.164
-14.615 -0.756
12.572 -9.221
-2.838 15.090
-7.622 -12.395
14.877 4.021
-14.072 7.305
6.005 -15.132
5.545 13.782
-13.675 -6.541
15.213 -4.381
-8.528 12.909
-3.038 -15.141
12.818 9.551
-15.081 1.471
9.619 -11.489
0.350 16.511
-10.984 -11.514
15.956 0.822
-11.902 10.417
2.523 -15.731
9.431 13.297
-15.288 -2.965
14.383 -8.031
-5.355 15.194
-6.777 -15.328
15.053 6.138
-15.459 5.253
8.303 -14.156
4.400 15.221
-13.490 -9.309
16.203 -2.470
-10.027 13.833
-0.609 -16.322
12.408 11.371
-16.359 0.190
12.273 -11.578
-1.485 16.824
-10.290 -14.094
16.605 3.491
-13.523 9.143
4.208 -15.352
7.499 14.370
-16.202 -5.422
15.515 -6.384
-7.254 14.729
-5.171 -16.123
14.621 9.376
-17.208 2.741
10.485 -13.646
2.641 17.370
-12.587 -12.272
17.620 0.082
-12.881 11.917
1.387 -17.203
11.144 13.831
-16.962 -2.182
14.180 -10.080
-4.664 16.807
-8.716 -15.021
16.601 5.277
-16.185 7.084
7.565 -16.161
4.719 16.924
-16.020 -9.468
18.246 -3.786
-10.808 15.496
-2.213 -17.150
14.211 11.575
-18.386 1.202
12.281 -13.418
-1.003 18.575
-12.251 -14.275
18.143 2.246
-14.677 10.442
3.103 -17.775
9.056 15.355
-18.300 -5.515
16.417 -8.978
-6.981 16.553
-6.997 -17.446
17.363 8.325
-17.037 4.496
9.344 -15.804
3.107 19.156
-14.975 -10.978
18.385 -2.022
-12.564 14.238
0.261 -19.486
13.324 13.565
-19.345 -1.014
15.647 -11.446
-3.411 18.942
-11.240 -15.793
19.225 4.573
-16.904 8.648
6.849 -17.806
