-0.933 1.693
-0.520 -1.423
1.242 0.254
-1.730 0.076
1.705 -1.447
-0.082 3.323
-2.308 -2.097
3.639 -0.209
-2.660 2.124
-0.029 -3.912
2.383 2.505
-3.684 -0.131
3.330 -2.232
-1.611 4.304
-2.487 -4.158
3.878 1.598
-4.489 1.933
2.523 -5.371
1.607 5.119
-4.936 -2.290
4.970 -1.557
-3.441 5.053
-1.170 -5.318
4.520 4.271
-6.367 0.534
4.644 -3.929
-0.509 5.656
-4.255 -4.295
5.628 1.011
-5.613 3.475
0.756 -5.915
3.614 5.856
-6.653 -1.737
6.152 -2.952
-2.302 7.131
-2.735 -6.160
6.523 3.596
-7.170 2.171
4.489 -6.565
1.767 8.075
-6.533 -4.833
7.461 -0.083
-5.455 5.293
-0.360 -7.596
5.556 5.925
-8.241 -0.900
6.406 -4.782
-0.574 7.519
-5.090 -6.477
7.967 2.543
-7.348 4.011
3.340 -7.968
3.562 7.999
-7.657 -3.477
7.853 -2.412
-4.139 7.109
-1.883 -8.497
7.455 5.154
-8.576 0.891
6.094 -7.529
0.055 9.237
-6.694 -7.354
9.232 0.702
-7.911 5.715
1.101 -9.540
5.401 7.698
-9.879 -1.655
8.261 -4.468
-3.075 9.033
-4.034 -8.252
9.913 3.325
-9.138 4.298
4.460 -9.358
2.851 10.165
-9.684 -5.364
10.651 -1.856
-6.693 8.069
-1.181 -10.172
8.156 7.236
-10.782 -0.070
7.768 -6.939
-1.029 10.758
-5.771 -8.850
11.076 1.887
-9.696 6.382
2.004 -11.141
4.742 9.991
-10.540 -3.401
11.014 -4.437
-4.590 9.959
-3.458 -11.682
9.244 4.973
-11.305 3.275
6.680 -9.847
1.852 11.700
-8.496 -7.379
10.858 -0.005
-8.436 7.640
0.512 -12.123
7.919 9.123
-11.759 -1.650
9.551 -7.002
-2.523 11.916
-5.439 -10.707
11.712 3.597
-11.003 5.052
4.584 -12.071
4.958 12.161
-11.684 -5.663
12.234 -3.032
-6.425 10.248
-1.924 -12.663
10.662 7.378
-12.321 0.876
8.319 -8.942
0.085 12.358
-8.702 -9.159
12.773 1.006
-10.166 8.124
2.561 -12.885
6.649 10.614
-12.595 -3.268
11.579 -6.102
-5.071 11.743
-5.120 -12.425
12.349 5.281
-12.662 4.478
6.802 -12.271
3.399 13.077
-10.235 -7.592
13.771 -2.189
-8.149 10.388
-0.446 -13.620
9.602 10.102
-14.146 -0.765
10.863 -9.393
-1.323 13.623
-8.426 -10.918
13.751 2.478
-11.606 6.950
4.834 -13.862
6.759 12.562
-13.385 -4.952
13.784 -4.984
-7.121 12.694
-3.667 -13.470
12.579 7.147
-14.395 2.915
8.807 -10.994
1.798 14.266
-10.616 -10.243
15.061 -0.292
-10.325 9.963
1.126 -14.713
9.599 12.258
-14.571 -2.489
13.085 -8.030
-4.244 13.514
-6.464 -13.608
14.655 4.767
-13.216 6.287
6.673 -14.090
4.681 14.623
-12.601 -7.278
14.999 -3.539
-8.904 13.119
-1.914 -16.167
11.433 9.486
-15.140 0.750
11.299 -11.089
-1.362 15.411
-9.874 -11.874
15.818 2.305
-12.566 8.466
2.997 -14.681
8.161 14.358
-15.138 -4.904
14.427 -6.866
-5.515 14.824
-5.263 -15.037
14.620 7.211
-14.859 4.663
8.832 -13.906
2.517 15.913
-13.252 -10.260
16.161 -1.760
-11.100 11.973
0.571 -16.402
11.110 11.297
-16.294 -1.772
13.078 -9.879
-2.241 16.937
-8.298 -14.068
16.322 4.101
-14.300 7.948
5.289 -16.022
6.696 15.505
-15.755 -7.504
16.267 -4.827
-7.547 14.474
-3.601 -15.506
13.431 9.074
-16.831 2.937
10.611 -12.994
0.625 16.406
-12.217 -11.723
17.321 1.294
-13.833 10.596
2.733 -16.991
10.585 14.023
-16.909 -4.809
15.539 -8.309
-5.662 16.609
-6.962 -15.793
16.381 6.866
-15.959 6.148
7.679 -15.611
3.891 17.003
-14.811 -9.067
17.113 -3.254
-10.867 13.930
-1.032 -17.814
12.200 12.643
-18.596 -0.709
14.250 -12.008
-2.137 18.772
-10.104 -14.033
18.006 3.422
-15.601 9.803
4.422 -17.644
7.952 16.817
-17.566 -6.731
17.028 -6.654
-7.944 16.166
-5.725 -17.112
15.269 9.200
-18.720 3.853
10.171 -15.706
1.733 17.881
-14.452 -12.019
19.233 -0.935
-12.848 12.058
0.703 -18.346
11.844 15.373
-18.394 -2.534
15.211 -10.523
-4.280 18.501
-9.038 -17.265
18.172 5.596
-17.499 8.309
8.320 -17.510
6.009 18.285
-17.399 -8.547
19.086 -5.122
-10.757 15.647
-2.445 -18.921
