-1.824 0.637
0.563 -1.406
0.755 1.019
-1.339 -1.099
2.235 0.062
-2.280 2.419
-0.318 -3.102
2.848 2.275
-3.398 -0.195
2.591 -2.931
0.101 3.456
-2.655 -2.558
3.969 0.562
-4.073 2.128
0.926 -4.755
1.820 3.779
-4.632 -1.559
5.465 -2.312
-2.222 4.883
-2.144 -5.001
4.739 2.161
-5.936 1.463
2.680 -4.739
0.512 6.198
-5.095 -3.855
6.080 0.177
-4.156 3.870
-0.298 -6.038
3.514 4.511
-6.499 -1.162
4.513 -3.898
-1.221 6.772
-3.792 -5.736
6.550 1.912
-6.476 3.771
2.078 -6.412
2.454 7.033
-6.787 -3.172
7.726 -1.889
-4.078 7.191
-1.635 -7.960
5.608 4.921
-7.595 0.296
4.805 -5.894
0.178 8.120
-5.532 -6.173
7.962 0.719
-5.449 5.213
0.537 -8.220
4.232 7.213
-8.148 -1.922
7.807 -3.700
-2.691 8.333
-3.378 -7.702
7.456 3.449
-7.828 2.528
4.274 -7.582
2.107 8.816
-6.978 -5.064
9.564 -1.534
-6.128 6.911
-0.072 -9.944
6.402 6.688
-9.705 -1.030
7.190 -6.365
-1.121 9.336
-6.248 -7.830
9.133 2.192
-8.322 4.670
2.508 -8.836
5.158 9.095
-9.672 -2.903
9.569 -3.987
-4.667 9.470
-3.626 -10.460
9.167 5.731
-10.370 1.536
5.914 -8.360
1.238 10.833
-7.978 -7.253
10.416 0.023
-7.950 7.320
1.615 -10.441
6.984 8.802
-11.479 -1.725
8.932 -6.955
-3.143 10.603
-5.574 -9.570
11.161 4.053
-10.067 4.347
5.227 -11.005
3.559 9.875
-10.602 -5.112
11.548 -2.869
-6.435 9.945
-1.396 -11.166
8.085 7.248
-11.382 0.053
8.477 -8.682
-0.199 12.079
-7.650 -9.081
11.785 1.167
-9.836 7.184
3.102 -11.601
6.315 10.499
-11.563 -3.588
11.473 -5.924
-4.431 12.363
-4.914 -12.018
11.131 5.913
-11.627 3.337
7.024 -10.710
3.009 12.611
-9.756 -7.576
12.164 -1.100
-8.190 9.255
-0.360 -12.629
8.835 9.279
-12.992 -0.743
10.511 -7.880
-2.139 12.341
-7.192 -10.844
12.694 3.191
-11.617 5.353
4.487 -12.668
5.664 12.178
-12.415 -5.123
13.258 -4.591
-6.203 12.003
-2.548 -12.487
11.711 7.567
-13.003 2.290
8.764 -10.436
0.401 13.931
-10.018 -10.017
14.358 0.263
-10.082 9.256
1.020 -13.754
8.580 11.028
-13.280 -2.578
12.856 -7.089
-3.359 13.864
-6.655 -12.625
13.588 5.496
-13.778 4.693
6.266 -12.474
4.590 13.720
-12.661 -7.444
13.897 -2.301
-8.189 11.819
-1.061 -14.713
11.406 9.841
-14.338 0.520
10.664 -10.200
-1.042 15.534
-9.183 -11.583
15.102 2.762
-12.184 7.225
4.276 -14.445
7.724 13.336
-14.035 -4.147
14.377 -6.031
-6.282 14.010
-4.518 -13.832
13.527 7.383
-15.389 3.818
9.372 -13.312
2.174 14.696
-11.770 -9.553
15.815 -0.708
-11.306 10.561
0.580 -15.432
10.234 12.280
-15.007 -2.090
12.035 -8.926
-3.514 16.137
-7.993 -13.760
15.323 4.524
-14.005 7.351
6.125 -14.707
6.066 15.131
-14.174 -6.452
15.861 -4.452
-8.754 13.525
-3.011 -16.487
13.205 9.483
-16.258 1.499
11.379 -11.827
0.725 15.828
-10.944 -12.201
16.332 1.381
-12.979 11.110
3.218 -16.013
9.410 13.953
-15.952 -3.634
14.636 -8.393
-5.371 16.013
-6.715 -16.107
15.331 7.271
-15.284 5.733
7.675 -13.946
3.937 15.724
-14.489 -9.054
16.576 -2.585
-10.492 12.629
-1.265 -16.885
12.028 12.530
-17.372 -1.352
13.381 -10.821
-1.487 17.507
-9.375 -14.872
17.114 4.193
-15.307 8.581
5.365 -16.404
7.608 16.050
-15.984 -6.082
16.141 -6.491
-8.459 15.254
-4.969 -16.641
14.910 9.007
-17.391 3.110
11.128 -13.948
0.638 17.558
-13.367 -12.946
18.626 0.579
-14.127 12.545
1.851 -17.192
11.116 14.572
-18.159 -3.123
15.074 -10.180
-5.312 17.828
-8.580 -16.741
17.118 6.419
-16.709 6.727
7.167 -16.560
5.221 17.045
-16.507 -9.634
18.059 -4.898
-10.652 14.466
-2.731 -18.597
14.940 12.148
-17.616 0.394
12.775 -13.186
-1.451 19.352
-11.999 -14.171
18.349 2.326
-15.541 10.912
4.803 -18.886
9.789 16.301
-18.574 -5.502
17.886 -7.477
-7.738 17.623
-7.242 -17.981
17.626 8.934
-18.456 4.463
10.816 -15.716
