0.882 -1.720
0.562 1.407
-1.249 -0.217
1.727 -0.127
-1.661 1.497
-0.017 -3.324
2.369 2.027
-3.631 0.317
2.595 -2.202
0.145 3.910
-2.456 -2.433
3.686 0.022
-3.262 2.330
1.482 -4.350
2.609 4.082
-3.924 -1.482
4.430 -2.065
-2.363 5.443
-1.759 -5.069
5.001 2.143
-4.922 1.703
3.290 -5.153
1.327 5.280
-4.645 -4.135
6.348 -0.722
-4.525 4.065
0.341 -5.668
4.380 4.167
-5.655 -0.843
5.508 -3.640
-0.580 5.935
-3.786 -5.746
6.702 1.539
-6.062 3.133
2.089 -7.197
2.917 6.076
-6.627 -3.401
7.102 -2.383
-4.292 6.696
-2.006 -8.019
6.673 4.637
-7.455 0.304
5.296 -5.452
0.585 7.582
-5.729 -5.757
8.264 0.655
-6.261 4.970
0.351 -7.533
5.280 6.323
-8.039 -2.305
7.226 -4.228
-3.102 8.063
-3.798 -7.890
7.757 3.248
-7.778 2.644
3.926 -7.229
2.134 8.438
-7.605 -4.931
8.546 -1.145
-5.868 7.706
-0.329 -9.231
6.910 7.152
-9.248 -0.428
7.738 -5.947
-0.817 9.568
-5.627 -7.534
9.924 1.362
-8.125 4.711
2.806 -9.121
4.277 8.129
-10.007 -3.029
9.006 -4.567
-4.180 9.487
-3.151 -10.076
9.839 5.075
-10.591 2.171
6.451 -8.264
1.483 10.133
-8.368 -6.991
10.779 -0.250
-7.558 7.167
0.709 -10.784
6.031 8.675
-11.127 -1.558
9.502 -6.667
-1.672 11.196
-5.036 -9.846
10.636 3.087
-10.878 4.762
4.292 -10.091
3.804 11.574
-9.387 -4.697
11.203 -3.609
-6.385 10.041
-2.199 -11.640
8.711 7.123
-10.853 0.327
8.206 -7.887
-0.152 12.133
-8.186 -8.884
11.802 1.300
-9.339 7.283
2.169 -11.986
5.754 10.541
-11.813 -3.248
10.848 -5.376
-4.224 12.202
-5.317 -12.008
11.846 5.314
-12.138 3.394
6.118 -10.435
2.299 12.600
-10.876 -7.058
12.290 -1.241
-8.051 9.185
-0.451 -12.350
8.970 8.897
-12.797 -0.627
9.921 -8.422
-2.177 12.955
-6.961 -10.412
12.686 2.893
-11.393 6.443
4.721 -11.888
5.487 12.268
-12.500 -4.912
12.524 -4.852
-6.435 12.467
-3.786 -12.970
10.456 7.285
-13.700 2.596
7.837 -10.625
0.850 13.601
-9.898 -9.812
14.162 0.345
-10.579 9.711
0.918 -13.656
8.746 10.664
-13.819 -2.069
11.395 -7.291
-4.421 13.999
-7.128 -12.356
13.526 4.553
-13.630 5.391
6.741 -12.900
4.065 13.355
-12.786 -6.771
14.302 -3.341
-8.477 11.250
-2.220 -14.206
10.915 9.924
-15.046 0.739
10.025 -10.265
-0.689 14.740
-9.958 -11.968
14.638 2.055
-12.841 8.415
3.841 -13.634
6.865 13.410
-14.790 -4.330
13.024 -6.676
-6.252 14.282
-5.112 -14.478
12.811 6.901
-14.888 3.982
8.511 -13.377
2.393 16.103
-11.709 -9.143
15.111 -1.199
-10.965 11.420
0.904 -15.445
10.222 11.575
-15.880 -1.835
12.310 -8.836
-2.560 14.764
-8.584 -14.109
15.277 4.453
-14.217 7.291
5.072 -14.981
5.706 14.875
-14.828 -6.774
14.714 -5.102
-8.416 14.162
-2.988 -15.831
13.551 9.863
-16.102 2.239
10.740 -12.297
-0.084 16.411
-11.440 -10.962
16.340 1.288
-12.779 10.263
1.737 -16.996
8.712 13.815
-16.437 -3.615
14.058 -8.369
-4.811 16.171
-7.153 -15.300
15.971 7.033
-16.117 5.307
7.114 -14.692
4.059 15.392
-13.695 -8.671
16.737 -3.435
-10.221 13.304
-1.111 -16.381
12.560 11.355
-17.352 -0.779
13.513 -11.001
-2.228 17.064
-10.996 -13.703
17.045 4.305
-15.285 8.766
5.167 -16.770
7.428 15.579
-16.578 -6.377
15.769 -6.619
-7.213 15.832
-4.394 -16.880
15.074 8.624
-17.009 3.760
10.449 -14.246
1.560 17.775
-12.570 -12.275
18.608 0.157
-13.887 12.426
1.579 -18.827
10.516 13.727
-18.100 -2.887
15.304 -10.261
-3.896 17.768
-8.448 -16.574
17.758 6.206
-16.823 7.156
7.461 -16.395
6.230 16.935
-15.535 -8.743
18.598 -4.407
-9.700 16.001
-2.262 -17.822
14.803 11.585
-19.197 1.505
12.485 -12.434
-0.158 18.358
-12.295 -15.015
18.461 1.987
-14.892 10.970
3.729 -18.619
9.546 16.989
-18.330 -5.054
17.245 -8.825
-7.796 17.749
-6.549 -18.098
17.644 8.027
-18.926 5.685
10.288 -15.960
3.005 18.840
