-0.971 -1.671
1.487 0.287
-0.858 0.934
0.826 -1.522
0.362 2.207
-2.807 -1.782
2.986 -0.898
-1.695 3.227
-0.451 -3.373
3.368 1.990
-3.374 0.752
2.010 -3.090
0.198 4.004
-2.860 -3.597
4.845 0.010
-3.367 2.501
0.655 -4.843
3.304 4.929
-5.215 -1.258
4.505 -3.051
-1.225 5.062
-2.559 -5.552
5.161 1.736
-5.989 1.675
2.822 -5.732
0.976 6.004
-4.586 -3.349
5.873 -1.435
-3.765 4.303
-0.088 -6.601
4.681 3.694
-6.881 0.082
4.916 -4.808
-0.639 6.793
-4.927 -5.646
6.689 0.828
-6.442 3.740
1.832 -7.264
3.316 7.229
-7.832 -2.644
7.508 -3.110
-3.771 6.438
-1.727 -7.402
6.696 3.604
-7.940 1.711
5.016 -6.600
0.800 7.954
-6.149 -4.365
8.173 -1.027
-6.283 5.519
0.346 -8.365
5.110 6.966
-8.691 -1.067
6.924 -4.773
-1.977 7.974
-3.962 -7.209
8.253 2.763
-8.258 3.736
3.653 -7.810
3.315 9.101
-7.945 -4.710
9.751 -1.951
-5.357 7.551
-0.824 -9.725
7.610 5.857
-9.380 0.665
6.507 -7.615
-0.425 9.382
-6.159 -7.288
9.151 0.792
-7.955 6.784
1.022 -10.046
5.725 8.643
-10.182 -2.792
9.586 -5.538
-3.895 10.085
-3.469 -9.893
9.328 4.226
-10.404 3.264
5.613 -9.205
1.947 10.232
-8.691 -6.423
10.558 -0.388
-7.322 8.522
-0.477 -11.598
8.518 7.456
-11.006 -1.081
8.343 -7.283
-1.869 11.726
-6.173 -9.063
11.794 3.052
-9.023 5.362
3.015 -11.378
5.000 10.797
-10.983 -4.438
10.700 -3.482
-5.589 9.310
-2.204 -11.167
10.128 6.683
-11.899 2.089
7.470 -9.229
1.083 11.793
-8.915 -8.300
11.979 0.852
-9.115 8.187
1.337 -12.033
7.986 10.146
-12.977 -2.013
10.872 -7.098
-3.702 12.048
-5.475 -10.786
11.845 4.872
-11.815 5.339
5.595 -11.012
3.380 11.737
-10.637 -6.292
12.333 -2.741
-7.441 10.430
-1.728 -12.898
9.726 8.831
-12.523 0.233
9.289 -9.113
-0.733 13.068
-7.453 -10.395
13.288 2.010
-10.887 7.865
2.683 -13.160
7.015 12.151
-12.960 -3.821
11.779 -4.863
-5.216 12.931
-4.707 -12.335
11.905 6.632
-13.604 3.028
7.941 -11.732
2.457 14.149
-10.996 -8.150
13.698 -1.599
-9.207 10.511
0.020 -13.528
9.392 11.283
-14.249 -0.677
11.139 -8.923
-2.827 14.382
-7.214 -12.642
13.434 3.795
-12.605 7.102
4.915 -13.840
4.888 13.211
-13.154 -5.806
14.247 -3.824
-7.507 13.061
-3.222 -13.981
12.032 8.543
-15.451 1.914
9.638 -11.208
0.144 15.352
-9.398 -10.598
14.993 1.467
-11.634 10.107
1.418 -14.566
8.641 12.977
-14.945 -3.520
12.728 -7.052
-4.692 14.680
-6.659 -14.389
14.844 6.686
-14.019 4.914
7.155 -13.364
3.686 15.396
-12.508 -9.105
15.263 -2.348
-10.123 12.371
-0.785 -15.132
11.041 10.130
-16.510 -0.399
12.000 -10.450
-1.545 15.902
-9.867 -12.362
15.600 3.234
-13.711 8.818
3.656 -15.138
7.371 14.733
-14.936 -6.038
15.620 -6.075
-6.815 14.759
-4.546 -15.681
13.765 8.937
-15.405 3.705
9.911 -13.054
1.732 16.298
-13.364 -10.644
16.332 0.132
-11.922 11.879
0.552 -16.351
11.009 12.785
-16.740 -2.246
14.546 -9.640
-4.241 16.430
-8.520 -13.924
15.146 4.900
-14.695 6.840
6.151 -15.940
5.673 15.788
-14.385 -7.914
16.341 -4.435
-10.030 14.181
-1.958 -17.315
13.156 11.094
-17.472 1.850
12.831 -12.018
-0.881 17.599
-11.321 -13.408
17.123 2.166
-14.322 10.505
2.949 -16.846
9.426 14.622
-16.578 -5.421
15.401 -8.026
-6.025 16.344
-6.343 -16.490
15.801 8.290
-17.121 3.946
10.185 -15.574
2.954 18.399
-14.990 -11.500
17.232 -1.433
-12.207 13.671
-0.367 -18.422
12.847 12.877
-18.511 -1.845
14.816 -11.591
-3.066 18.023
-9.766 -15.136
17.616 3.906
-15.750 8.350
6.339 -18.031
8.224 16.807
-16.219 -7.724
17.746 -6.198
-9.104 16.967
-3.718 -17.223
15.363 10.051
-19.278 2.235
11.646 -14.462
1.186 18.458
-13.654 -13.197
19.454 1.145
-14.156 12.695
1.890 -19.279
10.724 16.150
-18.768 -4.266
16.287 -10.512
-5.440 18.998
-7.872 -17.279
17.477 7.649
