1.379 1.353
-1.510 0.118
0.579 -1.128
-0.392 1.687
-0.935 -2.031
3.179 0.972
-2.640 1.659
0.777 -3.561
1.330 3.133
-3.776 -1.024
3.053 -1.622
-1.117 3.513
-1.254 -3.808
3.713 2.709
-4.673 1.277
2.582 -3.306
0.654 4.843
-4.494 -3.875
5.362 -0.172
-3.533 4.138
-0.163 -5.206
3.941 4.673
-5.436 -0.303
5.329 -3.205
-1.198 6.276
-2.535 -5.529
5.310 2.011
-5.281 2.943
2.487 -5.149
1.837 6.341
-5.494 -2.318
6.612 -1.906
-3.462 5.941
-1.188 -6.719
6.250 4.135
-6.668 0.978
5.217 -5.316
0.163 7.489
-5.116 -6.089
8.253 0.469
-6.412 4.992
1.926 -7.208
3.631 6.678
-7.413 -1.696
7.201 -3.758
-3.083 7.695
-2.883 -7.456
7.087 2.575
-7.607 3.161
4.592 -6.990
1.887 8.156
-6.776 -5.359
8.663 -1.279
-5.408 6.440
-0.211 -8.213
5.734 5.898
-8.691 -0.472
6.969 -5.795
-1.448 8.500
-5.613 -7.894
8.911 2.431
-8.883 4.470
3.159 -8.703
3.377 9.157
-8.892 -3.626
8.867 -3.132
-4.251 9.070
-2.082 -9.158
7.874 5.391
-9.033 1.667
5.868 -8.653
1.683 9.957
-7.814 -6.812
10.557 -0.012
-7.771 7.885
1.076 -10.758
5.972 8.616
-10.115 -1.598
9.163 -5.910
-2.967 10.365
-4.595 -9.348
10.085 3.884
-10.076 3.178
4.797 -10.160
3.540 11.055
-10.192 -4.926
10.898 -1.880
-6.110 9.237
-1.312 -11.802
8.358 7.099
-12.181 0.190
7.276 -7.566
0.114 11.770
-7.688 -9.082
11.767 1.362
-9.392 6.198
2.916 -10.460
5.090 10.180
-11.539 -3.753
10.917 -5.173
-4.751 10.882
-4.176 -11.082
10.799 5.635
-11.775 2.359
6.614 -10.313
1.907 11.956
-10.394 -7.661
13.046 -1.505
-8.596 9.730
0.369 -12.598
8.143 8.945
-12.714 -1.552
9.973 -8.285
-2.470 12.103
-6.375 -10.418
11.926 3.242
-11.162 5.918
4.404 -12.032
5.091 11.976
-11.722 -5.932
12.011 -3.550
-6.535 11.252
-2.764 -12.793
9.946 8.042
-13.344 1.590
8.407 -10.474
0.908 13.400
-9.990 -9.852
13.509 0.243
-10.065 7.817
1.595 -13.852
7.814 10.642
-13.238 -3.233
12.312 -6.532
-4.541 13.419
-6.126 -12.988
12.765 4.938
-12.782 5.179
6.085 -12.578
3.573 13.048
-12.051 -8.384
13.917 -3.131
-8.369 11.560
-1.094 -14.617
10.312 10.272
-13.960 -0.091
10.266 -10.194
-1.063 14.648
-8.221 -11.439
14.224 2.105
-12.720 7.470
3.769 -14.585
6.819 12.624
-13.869 -5.041
14.388 -5.949
-6.315 13.365
-4.215 -14.762
11.875 7.722
-14.845 2.567
8.533 -12.833
2.501 14.420
-11.777 -10.216
15.343 -0.576
-10.399 10.179
0.625 -15.398
10.241 12.104
-16.086 -2.504
12.211 -8.461
-3.349 14.784
-7.642 -13.865
14.477 5.456
-14.091 6.317
6.474 -14.615
4.775 14.380
-13.334 -6.834
16.024 -4.000
-8.794 13.262
-2.733 -15.742
12.795 9.298
-15.899 1.025
10.877 -12.142
0.496 15.565
-11.018 -12.246
16.003 1.855
-13.446 10.005
2.650 -16.039
8.547 13.911
-15.644 -4.961
13.868 -7.663
-6.089 15.217
-5.998 -15.253
15.711 6.713
-15.781 4.210
8.339 -14.618
3.810 15.911
-14.009 -9.403
16.735 -2.280
-11.464 13.157
-0.274 -16.966
11.912 11.161
-15.903 -0.702
12.351 -10.496
-1.698 17.001
-9.662 -13.715
15.970 3.810
-14.577 8.615
5.904 -16.335
6.485 16.173
-15.630 -7.202
16.353 -6.424
-9.179 14.993
-3.824 -17.201
14.475 9.920
-17.083 2.459
11.018 -13.932
1.630 17.024
-12.971 -11.594
17.423 0.824
-12.716 11.827
1.468 -17.357
10.494 14.213
-17.435 -3.797
15.458 -8.351
-5.684 17.720
-7.734 -16.954
17.506 7.107
-16.233 5.958
8.139 -16.422
5.246 17.663
-15.805 -9.004
18.336 -3.137
-11.206 15.109
-1.830 -18.190
13.434 11.999
-18.021 0.912
12.968 -12.233
-1.323 19.067
-12.392 -14.020
17.688 3.140
-15.463 10.688
4.272 -18.776
8.158 15.617
-17.481 -5.610
17.992 -7.274
-7.387 17.035
-6.045 -17.480
16.668 9.098
-19.059 4.062
10.276 -15.998
3.297 19.089
-14.628 -12.722
19.227 -0.871
-12.911 14.459
0.200 -19.760
12.178 14.568
-18.881 -2.734
