1.799 0.707
-1.344 0.699
0.092 -1.265
0.298 1.706
-1.655 -1.504
3.306 -0.347
-1.782 2.559
-0.676 -3.582
2.448 2.364
-3.876 0.533
2.177 -2.686
0.344 3.670
-2.642 -3.015
4.476 1.043
-3.803 3.002
1.085 -4.052
2.495 4.203
-5.651 -1.811
4.869 -2.253
-1.635 5.190
-2.184 -4.728
5.454 2.762
-5.123 1.845
3.653 -5.033
1.349 6.245
-4.494 -4.099
5.674 -0.224
-3.711 4.772
0.277 -5.711
4.169 5.119
-5.963 0.013
5.342 -4.338
-0.866 6.821
-3.719 -5.721
7.369 1.364
-5.756 3.506
2.726 -6.932
3.077 6.830
-7.089 -3.606
7.781 -2.793
-3.952 7.101
-1.043 -7.388
5.952 4.728
-7.486 1.335
5.160 -6.273
0.169 8.288
-5.567 -5.737
7.530 -0.399
-5.767 5.882
1.496 -8.228
4.924 6.771
-8.332 -2.286
7.474 -4.562
-2.462 8.041
-3.403 -7.477
7.583 3.189
-8.184 2.961
4.151 -8.057
1.988 8.390
-8.251 -5.074
9.153 -1.244
-6.430 7.586
-0.493 -9.245
6.686 7.109
-9.602 0.137
6.938 -6.347
-0.369 10.010
-5.495 -7.617
9.354 1.886
-7.664 5.064
2.020 -10.258
5.439 8.508
-9.855 -3.217
9.713 -4.137
-4.072 10.295
-3.212 -10.323
8.863 5.598
-9.935 2.482
6.126 -9.021
1.319 10.701
-7.882 -6.809
10.801 -0.365
-8.033 6.863
0.445 -11.227
7.578 8.793
-11.307 -0.552
9.297 -5.989
-2.015 10.890
-5.819 -10.351
10.467 3.269
-11.139 4.934
3.741 -9.807
4.704 10.790
-10.626 -5.356
11.364 -3.344
-6.223 9.375
-1.403 -10.767
8.663 7.382
-12.088 1.054
8.028 -9.028
-0.122 11.873
-8.174 -8.570
12.142 0.967
-9.917 6.773
2.058 -12.078
6.427 10.261
-12.561 -2.991
11.421 -6.483
-4.111 12.316
-4.583 -11.741
10.991 5.052
-12.310 3.539
5.943 -11.523
2.456 12.106
-9.939 -7.099
12.244 -1.676
-7.962 9.809
-0.647 -12.796
9.366 9.035
-13.107 -0.880
9.669 -7.961
-1.619 12.911
-7.543 -10.696
12.298 3.517
-11.662 6.678
3.647 -12.926
6.072 11.980
-13.045 -5.165
12.530 -5.055
-6.211 11.128
-3.944 -13.374
11.351 6.743
-13.449 2.197
8.781 -10.823
1.063 14.127
-10.714 -9.562
13.680 -0.443
-9.742 9.762
0.686 -13.956
8.387 10.614
-14.369 -3.009
11.587 -8.320
-3.187 13.912
-6.718 -13.027
13.506 5.426
-12.885 5.371
5.467 -13.395
4.745 13.899
-12.037 -7.318
13.915 -3.620
-8.790 11.846
-2.230 -14.898
11.210 8.956
-14.736 0.779
10.920 -11.097
-0.591 14.770
-9.648 -11.942
13.948 2.468
-12.662 8.163
2.840 -15.147
7.936 12.296
-14.832 -4.803
13.899 -6.525
-5.595 13.433
-5.441 -14.419
14.156 7.141
-15.786 3.981
7.935 -12.559
2.694 14.917
-12.452 -9.776
15.458 -0.634
-10.503 11.321
0.249 -15.983
10.014 11.371
-14.945 -1.081
13.187 -9.943
-2.913 15.644
-8.667 -13.422
15.411 3.559
-14.234 7.155
5.268 -15.427
6.538 14.134
-14.927 -6.968
15.456 -4.545
-8.468 14.463
-3.827 -15.800
13.303 9.465
-16.339 1.546
9.772 -12.472
0.341 16.387
-11.481 -11.697
17.085 0.041
-12.882 10.041
1.964 -16.715
9.724 13.157
-16.569 -3.181
14.514 -8.637
-5.412 16.590
-6.881 -15.510
15.326 5.620
-14.913 5.568
7.268 -14.488
5.080 16.313
-14.253 -8.849
16.189 -2.733
-10.052 13.625
-0.948 -17.343
12.289 12.353
-17.201 -0.522
12.543 -12.303
-2.591 17.388
-10.241 -14.339
17.200 3.476
-14.764 8.938
4.699 -17.129
8.152 15.034
-16.470 -5.605
16.360 -6.049
-7.084 15.856
-5.431 -16.551
15.213 8.983
-17.532 3.318
10.966 -13.727
1.692 18.532
-13.744 -12.585
18.891 -0.298
-12.615 11.827
1.075 -18.297
11.730 14.209
-18.067 -2.112
15.653 -10.052
-4.412 18.287
-8.792 -16.029
17.055 5.796
-16.232 7.881
7.157 -16.327
6.232 18.068
-16.885 -8.063
17.509 -4.021
-10.057 15.880
-3.404 -18.952
13.612 11.188
-18.283 1.666
13.720 -13.725
-0.144 18.568
-12.394 -13.729
18.898 1.862
-15.957 11.186
3.209 -18.741
10.494 16.283
-18.436 -5.995
17.359 -8.314
-6.235 18.354
-7.537 -18.267
16.902 8.652
-18.448 4.861
