1.322 -1.410
0.152 1.507
-1.141 -0.553
1.695 0.354
-2.010 0.981
0.900 -3.200
1.719 2.602
-3.578 -0.696
3.102 -1.401
-0.938 3.798
-1.690 -3.016
3.538 1.037
-3.778 1.340
2.624 -3.773
1.383 4.643
-3.363 -2.506
4.827 -0.764
-3.772 4.581
-0.293 -5.357
4.217 3.438
-5.201 0.281
4.582 -4.046
-0.180 5.442
-3.325 -5.255
6.301 1.056
-5.470 2.660
1.890 -5.355
3.062 5.213
-5.204 -2.370
6.298 -1.981
-2.193 5.545
-2.056 -6.567
6.018 3.327
-6.690 1.341
3.992 -6.342
1.129 6.645
-5.433 -5.096
7.484 -0.333
-5.971 5.253
0.282 -8.262
5.137 6.297
-7.250 -1.762
6.594 -3.781
-1.528 7.449
-3.920 -7.114
7.763 2.908
-7.389 3.051
2.414 -7.144
3.332 7.533
-7.092 -4.432
8.112 -2.072
-5.204 6.896
-1.476 -8.631
6.561 5.261
-8.206 0.397
5.766 -5.867
-0.275 8.699
-5.951 -6.836
8.530 1.255
-7.765 5.790
2.228 -8.964
4.671 8.779
-8.772 -2.961
9.078 -3.584
-3.423 8.972
-3.332 -8.793
9.164 4.044
-9.109 2.289
5.211 -7.994
1.871 8.993
-8.784 -5.670
9.916 -1.908
-6.633 7.967
-0.252 -10.554
8.059 7.590
-10.779 -0.832
8.479 -6.165
-1.368 10.149
-6.116 -9.027
10.430 2.731
-9.241 4.806
3.654 -10.170
3.406 10.001
-10.267 -4.565
10.972 -3.790
-4.693 10.301
-2.127 -10.853
9.373 5.899
-11.769 1.579
6.907 -8.517
0.466 12.174
-7.729 -7.102
11.764 -0.381
-8.905 7.892
1.095 -11.795
6.410 9.249
-10.523 -2.678
10.062 -5.320
-3.490 11.621
-5.420 -10.797
10.987 4.503
-10.985 4.426
5.388 -10.924
2.626 11.718
-10.461 -6.378
11.910 -2.178
-7.423 10.565
-1.801 -13.009
9.923 8.373
-12.604 -0.084
8.758 -8.344
-1.263 12.746
-8.509 -9.782
12.156 2.194
-10.270 6.610
2.970 -11.996
6.170 11.025
-12.129 -4.130
11.858 -5.361
-5.664 11.853
-3.822 -11.927
11.398 6.278
-12.727 3.053
7.815 -10.126
1.893 13.305
-10.662 -8.168
13.376 -1.212
-9.623 10.211
-0.064 -13.511
8.043 9.885
-13.884 -1.281
10.462 -8.053
-2.932 13.308
-6.809 -12.160
13.519 4.235
-12.846 6.419
4.647 -12.874
5.468 12.661
-12.713 -5.798
12.963 -3.868
-8.108 12.239
-3.446 -13.842
11.747 8.105
-14.588 1.425
10.036 -10.542
0.226 13.958
-10.424 -10.032
14.669 0.731
-11.249 8.478
1.781 -14.268
7.757 12.548
-14.667 -3.437
12.466 -7.104
-4.725 13.979
-6.273 -14.249
13.505 6.011
-14.663 4.549
7.450 -12.047
2.903 14.783
-13.024 -8.239
14.359 -2.827
-9.947 12.005
-0.924 -15.326
10.413 10.165
-15.409 -0.276
11.869 -10.513
-2.138 16.139
-8.735 -12.016
14.856 3.013
-13.688 7.955
5.126 -14.597
6.635 13.945
-14.759 -6.141
14.268 -5.100
-6.530 13.486
-4.362 -15.929
13.458 8.491
-15.675 3.090
9.005 -13.003
1.385 15.871
-12.386 -10.599
15.550 -0.849
-11.993 11.293
1.492 -16.041
10.307 13.216
-16.095 -2.286
13.713 -8.861
-4.604 15.752
-7.975 -13.691
15.352 5.742
-15.113 6.343
6.355 -15.859
4.567 15.682
-14.804 -8.005
15.820 -4.170
-9.082 14.219
-2.659 -16.679
13.413 11.163
-16.955 0.659
10.888 -12.162
-0.341 15.915
-10.774 -12.110
17.035 1.311
-13.492 9.971
3.447 -16.052
8.943 14.377
-16.465 -5.532
16.022 -6.851
-6.845 15.789
-6.793 -16.203
15.198 8.836
-17.109 4.213
9.589 -14.696
2.846 17.023
-14.178 -10.699
16.983 -2.016
-11.297 13.230
0.429 -17.437
12.113 12.445
-17.386 -1.074
13.971 -10.814
-3.400 17.517
-8.700 -15.265
17.844 5.280
-16.775 8.117
6.708 -17.662
6.325 16.094
-16.603 -7.764
17.539 -5.645
-8.643 16.005
-3.552 -18.260
15.359 10.861
-18.144 2.242
11.691 -13.703
1.321 17.996
-12.524 -12.687
19.092 0.890
-13.735 12.707
2.738 -17.755
11.036 15.216
-18.868 -3.845
15.428 -8.511
-5.212 17.604
-7.680 -17.822
17.199 6.999
-17.339 6.440
8.717 -16.870
4.494 18.962
-16.227 -9.911
19.009 -3.730
-12.387 14.913
-1.307 -19.203
14.748 12.579
-19.760 0.249
14.288 -12.506
-2.305 18.938
