-1.446 1.282
-0.012 -1.515
1.085 0.656
-1.656 -0.509
2.092 -0.791
-1.192 3.104
-1.471 -2.749
3.498 1.024
-3.218 1.108
1.285 -3.695
1.405 3.159
-3.427 -1.359
3.886 -0.986
-2.961 3.515
-0.948 -4.751
3.118 2.806
-4.877 0.315
4.179 -4.213
-0.203 5.361
-3.881 -3.813
5.204 0.201
-4.937 3.606
0.681 -5.402
2.825 5.540
-6.177 -1.633
5.693 -2.143
-2.377 5.157
-2.567 -5.473
4.963 2.840
-6.454 1.391
2.696 -5.319
1.440 6.729
-5.685 -3.868
6.786 -0.717
-4.561 5.946
-0.511 -6.720
4.939 5.576
-7.483 -0.360
6.431 -4.679
-1.044 8.200
-4.533 -6.745
7.056 2.424
-6.915 3.156
2.209 -7.276
3.246 7.445
-7.461 -3.612
7.639 -2.356
-3.063 6.891
-2.622 -7.809
6.652 5.068
-8.268 1.314
5.819 -6.386
0.672 8.731
-6.047 -5.844
8.207 0.362
-6.284 5.309
1.077 -8.637
5.294 7.357
-8.378 -2.037
8.267 -5.048
-3.047 8.720
-3.840 -9.173
8.461 3.758
-9.370 2.730
4.237 -8.618
2.506 9.063
-8.751 -4.873
9.281 -1.438
-5.927 7.478
-1.032 -9.127
8.223 6.457
-10.050 0.984
7.341 -7.320
-0.724 10.533
-7.324 -8.302
10.656 1.824
-9.012 5.356
2.299 -9.979
5.256 9.553
-10.133 -3.683
9.645 -3.931
-4.578 9.789
-2.468 -10.273
9.801 5.494
-11.275 2.760
5.625 -9.824
1.115 11.003
-8.788 -6.739
11.864 -0.485
-7.665 7.842
0.661 -12.165
7.040 7.786
-11.749 -0.707
9.596 -7.036
-2.180 11.643
-5.528 -9.801
10.231 3.638
-10.511 4.368
4.549 -11.249
4.399 11.251
-10.524 -5.499
11.347 -3.393
-6.374 10.379
-1.532 -11.911
9.827 7.317
-12.060 1.068
8.368 -9.834
0.592 13.119
-9.107 -9.254
12.542 1.247
-9.491 7.499
2.435 -12.575
7.569 10.526
-11.901 -3.308
10.837 -5.633
-4.066 11.670
-5.125 -11.548
11.695 5.233
-12.302 4.243
6.735 -11.279
2.704 12.230
-10.769 -7.304
12.955 -1.865
-8.717 9.361
-0.656 -13.423
9.862 9.117
-13.430 -0.029
10.525 -9.278
-1.184 13.459
-7.095 -10.586
13.707 2.558
-11.161 7.052
4.148 -12.981
5.657 12.737
-13.070 -5.466
13.384 -5.205
-5.816 12.390
-4.275 -13.112
12.123 6.947
-13.265 2.654
9.204 -11.437
2.153 14.101
-10.948 -9.155
14.657 -0.072
-10.966 9.570
1.064 -13.919
9.453 10.952
-14.538 -2.083
11.984 -7.403
-3.092 14.042
-6.564 -13.210
14.287 4.777
-13.069 5.922
5.996 -13.483
4.930 14.768
-12.892 -7.232
15.020 -3.175
-8.531 11.308
-1.525 -14.988
12.207 9.407
-14.559 1.489
11.013 -11.035
-0.496 15.346
-9.429 -11.083
15.317 1.698
-12.789 9.371
3.620 -15.872
7.588 12.771
-14.514 -4.372
14.364 -6.657
-6.453 14.061
-5.319 -14.498
14.128 7.478
-14.678 3.761
7.748 -12.825
2.872 16.263
-12.616 -9.698
15.894 -1.628
-10.168 12.115
0.087 -15.931
11.354 11.698
-15.562 -0.591
12.985 -10.137
-2.967 15.835
-9.042 -14.111
15.815 3.763
-14.473 7.556
6.040 -15.260
6.677 14.369
-14.756 -7.136
15.634 -4.920
-7.793 15.204
-3.099 -16.036
14.001 9.339
-16.138 2.691
10.357 -13.319
1.107 16.853
-12.325 -12.354
16.944 0.910
-11.965 11.104
1.810 -15.815
9.609 13.054
-16.841 -2.879
14.356 -8.682
-4.915 15.665
-7.577 -15.142
15.883 7.029
-16.586 5.341
8.274 -15.089
5.267 16.762
-14.317 -10.202
17.425 -2.615
-10.906 13.747
-1.261 -17.213
13.129 11.963
-17.097 0.438
12.471 -12.130
-2.038 17.323
-10.912 -13.511
17.212 2.675
-14.910 9.477
5.003 -17.128
7.252 16.003
-17.280 -6.906
17.453 -6.532
-8.311 16.967
-4.811 -16.609
15.815 9.264
-17.986 4.001
10.084 -15.139
1.850 18.510
-14.291 -12.233
18.273 -0.556
-12.907 12.565
0.347 -18.041
11.298 13.789
-18.928 -2.650
14.850 -11.384
-4.366 17.426
-9.583 -16.170
18.432 5.571
-16.148 7.049
6.816 -17.047
6.001 18.456
-16.478 -8.558
17.859 -4.811
-10.238 15.993
-2.723 -19.296
15.242 11.367
-19.273 1.958
13.711 -13.705
-0.473 19.241
-13.523 -13.888
19.698 1.578
-15.382 11.132
4.044 -18.644
