-1.202 -1.514
1.513 0.070
-0.714 1.048
0.598 -1.626
0.677 2.131
-3.035 -1.358
2.825 -1.320
-1.212 3.438
-0.933 -3.273
3.620 1.483
-3.230 1.232
1.543 -3.348
0.774 3.933
-3.349 -3.147
4.795 -0.690
-2.970 2.961
-0.051 -4.887
3.981 4.400
-5.342 -0.492
4.017 -3.670
-0.482 5.186
-3.333 -5.124
5.357 0.973
-5.685 2.522
1.965 -6.080
1.833 5.800
-5.021 -2.652
5.604 -2.268
-3.104 4.802
-1.040 -6.519
5.165 2.980
-6.797 1.074
4.170 -5.467
0.349 6.814
-5.691 -4.876
6.738 -0.146
-5.835 4.631
0.764 -7.452
4.325 6.675
-8.132 -1.486
6.980 -4.162
-2.802 6.915
-2.778 -7.075
7.146 2.599
-7.610 2.839
4.011 -7.255
1.939 7.755
-6.715 -3.431
7.939 -2.196
-5.420 6.369
-0.865 -8.327
6.062 6.156
-8.754 0.199
6.163 -5.723
-0.805 8.176
-4.961 -6.562
8.566 1.542
-7.632 4.889
2.487 -8.256
4.594 8.527
-8.542 -3.514
9.368 -3.338
-4.210 8.245
-2.219 -9.504
8.376 4.697
-9.186 2.012
5.340 -8.475
0.934 9.345
-7.147 -6.323
9.170 -0.537
-6.893 7.862
-0.439 -10.088
6.912 7.726
-10.478 -1.293
8.686 -6.864
-2.398 10.542
-4.861 -9.288
9.840 2.836
-9.823 4.732
4.225 -9.919
3.404 9.844
-9.527 -5.101
10.392 -1.909
-6.016 9.490
-2.146 -11.408
9.505 6.148
-11.047 0.519
7.205 -8.411
-0.157 11.873
-7.416 -8.077
12.111 1.317
-8.155 6.609
1.341 -11.694
6.507 9.962
-11.508 -2.806
10.086 -4.990
-4.186 10.019
-3.793 -10.731
10.987 5.151
-11.472 3.784
6.060 -10.211
2.774 11.513
-10.020 -6.926
11.976 -0.886
-7.838 9.417
-0.414 -12.100
9.367 8.887
-13.132 -0.119
9.733 -8.593
-1.924 12.456
-6.975 -9.882
12.425 3.111
-10.920 6.989
3.947 -11.705
5.039 11.126
-11.433 -4.691
11.808 -4.493
-5.857 11.395
-3.571 -12.514
10.899 7.335
-12.358 2.038
7.876 -10.358
1.161 13.037
-8.876 -9.210
13.439 0.071
-9.637 9.354
0.755 -13.409
8.695 11.011
-13.376 -1.910
10.954 -6.513
-3.295 13.548
-6.438 -11.526
12.737 4.844
-13.025 4.960
6.165 -12.755
4.474 13.646
-12.057 -6.478
13.324 -3.559
-7.593 11.730
-1.933 -13.389
10.923 9.809
-14.197 1.387
9.734 -10.437
-0.721 14.640
-8.963 -11.468
13.841 1.815
-11.448 8.847
2.866 -14.405
6.744 12.367
-13.855 -3.847
13.546 -5.840
-5.543 14.007
-5.207 -13.370
13.139 6.716
-15.013 4.125
7.919 -12.482
2.358 15.170
-10.830 -9.130
15.048 -0.712
-10.054 11.680
-0.700 -14.618
10.424 11.594
-15.297 -1.325
11.577 -8.816
-2.524 15.203
-8.666 -13.277
15.653 4.473
-13.163 6.886
5.151 -14.257
5.870 14.703
-13.692 -7.204
14.764 -4.527
-8.231 13.703
-2.961 -14.860
12.387 8.430
-16.395 1.989
10.366 -12.073
0.767 15.959
-11.548 -10.808
15.903 0.948
-12.295 10.705
1.432 -15.507
9.420 13.514
-15.651 -3.819
14.580 -8.266
-4.613 15.589
-6.762 -14.861
14.911 6.856
-14.709 5.890
7.923 -14.348
4.067 15.877
-14.761 -8.603
16.180 -2.227
-10.082 13.475
-1.814 -16.260
12.739 11.062
-16.888 0.194
13.002 -11.639
-1.825 16.870
-10.441 -12.548
15.694 2.662
-13.554 8.889
3.786 -16.661
7.893 14.804
-15.376 -5.755
15.530 -6.747
-7.878 15.480
-4.437 -16.851
14.620 9.078
-17.022 4.353
10.962 -13.744
1.669 17.541
-13.138 -11.633
17.256 -0.328
-12.656 12.463
0.487 -17.095
11.438 13.109
-17.187 -2.971
14.081 -10.165
-3.602 17.043
-8.657 -15.401
16.832 5.922
-16.372 6.376
7.830 -16.881
5.579 17.780
-16.493 -9.216
16.845 -3.906
-10.106 15.290
-3.023 -18.176
14.571 10.888
-18.583 0.846
12.988 -13.608
-0.433 18.277
-11.848 -13.567
17.996 1.322
-14.380 10.536
3.670 -18.757
10.564 15.444
-17.164 -5.302
16.665 -8.695
-6.560 18.104
-6.165 -16.506
16.653 7.728
-18.753 4.994
9.436 -15.992
3.838 18.093
-15.416 -11.088
19.415 -1.675
-12.175 14.605
-0.913 -19.350
12.943 14.432
-19.187 -1.512
14.599 -12.753
-2.641 19.584
-10.284 -15.962
18.399 5.046
