-1.419 -1.312
1.506 -0.163
-0.545 1.145
0.342 -1.698
0.995 2.003
-3.207 -0.878
2.590 -1.737
-0.671 3.583
-1.423 -3.092
3.805 0.912
-3.004 1.711
1.012 -3.545
1.367 3.769
-3.791 -2.597
4.633 -1.415
-2.482 3.381
-0.798 -4.822
4.607 3.740
-5.355 0.331
3.409 -4.241
0.317 5.198
-4.078 -4.554
5.443 0.142
-5.232 3.362
1.012 -6.309
2.698 5.452
-5.368 -1.853
5.191 -3.098
-2.333 5.220
-2.025 -6.284
5.560 2.154
-6.553 2.101
3.284 -6.041
1.387 6.681
-6.370 -3.948
6.636 -1.176
-5.057 5.469
-0.385 -7.481
5.295 5.935
-8.264 -0.224
6.261 -5.180
-1.712 7.262
-3.827 -6.567
7.460 1.476
-7.086 3.970
2.854 -7.783
3.103 7.367
-7.161 -2.364
7.510 -3.385
-4.382 7.123
-2.129 -8.097
6.932 5.156
-8.621 1.536
5.215 -6.598
0.455 8.203
-5.907 -5.725
8.701 0.214
-6.795 5.999
1.195 -8.539
5.844 7.724
-8.979 -2.166
8.747 -4.732
-2.899 8.793
-3.647 -9.053
8.996 3.360
-8.770 3.393
3.980 -9.192
2.352 9.093
-8.030 -5.155
8.979 -1.934
-5.609 8.824
-1.977 -9.903
8.013 6.577
-10.552 0.326
7.534 -8.112
-0.757 10.785
-6.224 -8.435
10.158 1.297
-8.984 6.179
2.658 -10.449
4.870 9.207
-10.196 -3.583
9.977 -3.476
-4.493 10.298
-3.866 -10.945
10.334 4.621
-10.837 2.203
5.833 -9.414
1.661 11.758
-8.565 -6.848
12.170 -0.551
-7.048 7.778
-0.463 -11.761
7.954 8.850
-11.802 -1.013
9.204 -6.474
-2.604 10.541
-5.390 -10.025
11.645 3.409
-10.758 5.495
4.426 -11.018
4.503 10.953
-10.961 -5.312
11.700 -2.708
-6.305 10.505
-2.261 -11.894
10.617 7.350
-12.996 1.892
8.304 -9.981
0.004 12.604
-8.405 -8.699
12.754 1.174
-9.723 8.577
2.110 -12.171
6.681 10.224
-12.016 -2.886
10.981 -6.247
-4.045 12.157
-5.444 -11.820
11.892 5.581
-11.901 3.905
6.198 -11.441
3.142 12.706
-10.180 -7.744
13.291 -1.986
-8.093 10.718
-1.305 -13.367
10.277 9.551
-13.511 0.158
9.829 -8.112
-1.184 13.893
-8.126 -10.406
13.329 2.839
-12.113 6.894
4.141 -13.548
6.509 12.801
-12.906 -4.557
12.623 -5.556
-5.709 12.753
-3.958 -12.936
12.295 8.023
-13.818 3.543
8.023 -11.804
1.527 14.578
-10.612 -9.962
13.956 -0.323
-9.959 10.494
0.628 -14.673
8.556 11.190
-14.280 -1.682
12.493 -7.844
-3.334 14.690
-7.191 -12.416
14.012 4.627
-14.205 6.373
5.916 -13.546
4.651 14.631
-12.099 -7.366
14.762 -3.006
-8.148 13.081
-2.928 -14.339
12.075 9.863
-15.320 1.031
10.092 -10.483
-0.168 15.410
-10.595 -11.795
16.153 2.025
-11.955 8.819
2.909 -14.877
8.050 13.632
-14.633 -5.024
13.898 -6.733
-6.038 14.801
-5.200 -14.232
13.531 6.436
-15.898 4.473
8.397 -13.517
3.199 15.654
-13.065 -8.914
15.861 -1.496
-10.512 12.460
-0.957 -15.544
11.377 11.914
-16.051 -1.380
13.143 -10.399
-2.173 16.111
-8.956 -13.651
15.784 4.494
-13.635 8.071
5.635 -15.391
6.448 15.068
-15.903 -6.244
15.649 -4.676
-7.902 14.859
-4.280 -15.791
14.282 8.983
-16.660 2.775
11.069 -13.491
0.777 16.950
-12.237 -10.803
15.917 0.230
-12.035 10.858
1.193 -17.044
10.065 13.422
-16.076 -3.335
14.315 -9.043
-5.417 16.503
-6.962 -15.974
15.837 6.735
-16.156 6.906
8.730 -15.259
4.333 17.080
-14.763 -9.486
17.003 -2.964
-10.600 14.252
-2.134 -16.969
13.309 11.204
-17.440 -0.307
12.360 -12.200
-0.953 17.393
-10.911 -13.896
17.540 3.278
-15.204 8.806
5.155 -17.881
8.234 16.717
-17.709 -6.584
16.049 -6.437
-7.648 16.656
-5.768 -17.499
16.065 8.531
-18.235 3.679
10.753 -15.435
2.369 18.128
-13.785 -11.595
17.986 -1.447
-12.599 12.612
0.757 -19.098
12.803 13.646
-17.773 -2.614
15.139 -11.142
-3.713 18.894
-8.618 -15.368
17.640 5.089
-17.768 7.804
6.879 -17.247
6.561 17.293
-16.931 -8.599
18.930 -4.626
-9.797 16.296
-3.862 -18.983
14.999 12.282
-19.193 1.441
12.476 -14.836
0.387 19.757
-12.605 -14.201
18.954 2.172
