1.349 -1.384
0.123 1.510
-1.130 -0.575
1.688 0.386
-2.028 0.942
0.961 -3.183
1.668 2.634
-3.564 -0.765
3.128 -1.341
-1.011 3.779
-1.632 -3.048
3.517 1.105
-3.803 1.268
2.696 -3.722
1.293 4.669
-3.315 -2.570
4.841 -0.671
-3.859 4.508
-0.190 -5.362
4.150 3.519
-5.205 0.181
4.659 -3.957
-0.284 5.437
-3.224 -5.318
6.280 1.176
-5.520 2.555
1.992 -5.317
2.961 5.271
-5.157 -2.469
6.335 -1.859
-2.299 5.502
-1.929 -6.606
5.953 3.441
-6.715 1.212
4.113 -6.264
1.001 6.665
-5.334 -5.199
7.489 -0.189
-6.071 5.138
0.441 -8.255
5.015 6.395
-7.215 -1.901
6.665 -3.654
-1.670 7.419
-3.783 -7.188
7.706 3.056
-7.446 2.909
2.550 -7.096
3.187 7.596
-7.006 -4.567
8.150 -1.916
-5.336 6.795
-1.310 -8.658
6.459 5.386
-8.212 0.240
5.878 -5.755
-0.442 8.692
-5.819 -6.949
8.505 1.418
-7.875 5.640
2.400 -8.919
4.501 8.868
-8.714 -3.129
9.145 -3.409
-3.595 8.905
-3.163 -8.856
9.085 4.219
-9.151 2.114
5.364 -7.893
1.698 9.027
-8.674 -5.838
9.951 -1.717
-6.785 7.838
-0.049 -10.557
7.912 7.743
-10.761 -1.039
8.595 -6.002
-1.562 10.121
-5.942 -9.143
10.376 2.931
-9.332 4.627
3.849 -10.098
3.213 10.065
-10.177 -4.761
11.042 -3.578
-4.890 10.209
-1.918 -10.891
9.258 6.078
-11.797 1.353
7.070 -8.383
0.232 12.181
-7.591 -7.249
11.769 -0.155
-9.055 7.720
1.321 -11.772
6.231 9.370
-10.470 -2.879
10.163 -5.126
-3.713 11.552
-5.211 -10.899
10.898 4.713
-11.068 4.215
5.597 -10.818
2.401 11.767
-10.336 -6.578
11.950 -1.949
-7.625 10.421
-1.551 -13.041
9.760 8.562
-12.600 -0.325
8.916 -8.174
-1.507 12.719
-8.320 -9.944
12.111 2.427
-10.395 6.412
3.200 -11.937
5.957 11.141
-12.047 -4.362
11.958 -5.132
-5.891 11.742
-3.592 -11.999
11.275 6.496
-12.784 2.808
8.008 -9.974
1.637 13.339
-10.503 -8.371
13.397 -0.955
-9.817 10.024
0.195 -13.510
7.852 10.038
-13.857 -1.547
10.615 -7.851
-3.187 13.250
-6.575 -12.289
13.435 4.494
-12.967 6.171
4.893 -12.782
5.224 12.764
-12.600 -6.041
13.035 -3.618
-8.342 12.081
-3.180 -13.906
11.589 8.329
-14.613 1.145
10.236 -10.348
-0.042 13.960
-10.230 -10.231
14.652 1.012
-11.410 8.260
2.055 -14.231
7.514 12.694
-14.598 -3.718
12.600 -6.863
-4.992 13.886
-5.999 -14.367
13.387 6.269
-14.748 4.267
7.680 -11.902
2.619 14.836
-12.863 -8.488
14.411 -2.551
-10.175 11.812
-0.629 -15.341
10.215 10.363
-15.401 -0.572
12.068 -10.283
-2.448 16.095
-8.503 -12.181
14.796 3.297
-13.838 7.691
5.406 -14.496
6.366 14.069
-14.638 -6.423
14.363 -4.825
-6.788 13.358
-4.056 -16.009
13.292 8.748
-15.732 2.788
9.253 -12.828
1.080 15.895
-12.180 -10.835
15.564 -0.550
-12.208 11.061
1.799 -16.010
10.051 13.411
-16.048 -2.594
13.881 -8.596
-4.906 15.661
-7.711 -13.841
15.239 6.036
-15.232 6.051
6.658 -15.734
4.265 15.766
-14.647 -8.288
15.897 -3.866
-9.354 14.042
-2.338 -16.727
13.197 11.418
-16.965 0.333
11.120 -11.950
-0.646 15.906
-10.540 -12.315
17.007 1.638
-13.681 9.710
3.755 -15.983
8.666 14.546
-16.355 -5.847
16.150 -6.542
-7.147 15.655
-6.481 -16.331
15.025 9.126
-17.187 3.884
9.870 -14.509
2.518 17.075
-13.970 -10.969
17.019 -1.689
-11.549 13.011
0.764 -17.426
11.872 12.675
-17.362 -1.408
14.176 -10.544
-3.736 17.448
-8.405 -15.429
17.740 5.622
-16.927 7.793
7.046 -17.530
6.015 16.212
-16.451 -8.081
17.644 -5.308
-8.948 15.837
-3.201 -18.325
15.148 11.154
-18.183 1.893
11.952 -13.476
0.975 18.018
-12.278 -12.925
19.071 1.257
-13.977 12.441
3.078 -17.699
10.742 15.425
-18.791 -4.206
15.589 -8.213
-5.549 17.500
-7.336 -17.966
17.061 7.328
-17.459 6.106
9.039 -16.700
4.129 19.045
-16.034 -10.220
19.077 -3.364
-12.671 14.672
-0.938 -19.224
14.504 12.860
-19.761 -0.131
14.526 -12.229
-2.668 18.891
