1.689 0.938
-1.425 0.515
0.259 -1.242
0.070 1.731
-1.441 -1.710
3.323 0.093
-2.105 2.301
-0.196 -3.640
2.114 2.667
-3.912 0.015
2.513 -2.374
-0.144 3.684
-2.220 -3.338
4.299 1.626
-4.166 2.472
1.611 -3.873
1.917 4.496
-5.362 -2.542
5.124 -1.589
-2.307 4.928
-1.539 -4.975
5.041 3.459
-5.322 1.152
4.287 -4.505
0.511 6.369
-3.913 -4.657
5.654 0.529
-4.310 4.240
1.030 -5.624
3.455 5.625
-5.912 -0.776
5.869 -3.594
-1.760 6.647
-2.930 -6.162
7.123 2.327
-6.169 2.714
3.618 -6.511
2.146 7.177
-6.550 -4.512
8.082 -1.739
-4.856 6.516
-0.057 -7.461
5.274 5.474
-7.597 0.333
5.944 -5.535
-0.929 8.238
-4.760 -6.423
7.517 0.600
-6.495 5.067
2.571 -7.958
3.986 7.362
-7.956 -3.367
8.012 -3.534
-3.504 7.645
-2.384 -7.862
7.095 4.163
-8.504 1.853
5.180 -7.437
0.861 8.579
-7.508 -6.120
9.237 -0.022
-7.377 6.669
0.734 -9.229
5.687 7.931
-9.536 -1.134
7.717 -5.374
-1.690 9.873
-4.439 -8.277
9.023 3.107
-8.266 4.006
3.359 -9.901
4.266 9.153
-9.343 -4.492
10.175 -2.816
-5.398 9.666
-1.819 -10.657
8.045 6.721
-10.176 1.146
7.265 -8.131
-0.108 10.781
-6.912 -7.792
10.754 1.067
-8.870 5.740
1.926 -11.069
6.348 9.718
-11.134 -2.043
10.007 -4.707
-3.437 10.528
-4.399 -11.030
9.943 4.625
-11.694 3.418
5.005 -9.226
3.236 11.317
-9.824 -6.714
11.706 -1.811
-7.408 8.470
0.033 -10.858
7.611 8.463
-12.122 -0.554
9.151 -7.887
-1.691 11.753
-6.969 -9.575
11.907 2.565
-10.725 5.402
3.637 -11.699
5.013 11.021
-12.055 -4.626
12.178 -4.916
-5.704 11.664
-2.989 -12.244
10.226 6.461
-12.670 1.880
7.415 -10.636
0.833 12.324
-8.913 -8.351
12.358 -0.042
-9.190 8.670
1.051 -12.769
8.088 10.194
-12.876 -2.606
10.637 -6.612
-3.312 12.584
-6.062 -11.600
11.725 5.112
-12.443 5.077
5.324 -12.330
4.434 12.678
-12.247 -6.845
13.089 -3.354
-7.628 10.209
-2.141 -13.778
10.359 8.185
-13.622 0.399
10.135 -9.567
-0.814 14.143
-9.355 -10.895
13.618 1.371
-10.948 8.387
2.526 -13.743
6.910 11.630
-13.845 -4.883
12.585 -6.715
-4.999 13.368
-4.936 -13.801
12.669 7.165
-13.482 3.620
7.191 -12.554
2.865 14.405
-10.963 -8.845
14.272 -1.748
-10.280 10.580
-0.240 -15.062
9.927 10.360
-14.709 -1.177
12.292 -9.556
-2.540 14.562
-7.984 -13.113
13.499 4.291
-13.630 6.417
4.818 -14.639
6.240 13.238
-14.067 -6.722
14.640 -4.629
-7.322 12.575
-3.486 -15.012
13.087 8.950
-16.174 1.858
9.526 -11.399
0.697 15.143
-11.050 -11.337
15.406 1.416
-11.908 9.833
2.361 -15.810
8.423 12.596
-14.671 -3.048
14.386 -8.111
-4.957 15.121
-6.815 -14.451
14.805 5.566
-15.056 5.210
7.262 -14.595
4.611 14.875
-13.875 -8.881
15.921 -2.461
-10.307 13.216
-1.704 -16.167
11.935 11.142
-16.400 -0.628
11.335 -11.070
-1.829 16.288
-9.833 -13.113
16.930 2.300
-14.097 8.249
4.158 -16.308
7.898 14.328
-16.003 -5.345
15.529 -6.642
-7.559 15.729
-4.770 -16.284
14.448 7.597
-15.519 3.546
9.121 -13.400
2.878 16.841
-12.957 -10.657
16.408 -0.567
-11.766 12.176
1.354 -17.316
10.547 13.870
-16.981 -2.792
14.060 -10.536
-4.868 16.893
-8.255 -15.567
16.589 5.720
-15.817 6.907
6.923 -16.357
6.092 15.980
-15.584 -7.734
17.016 -3.832
-9.119 14.780
-3.194 -17.124
13.892 10.916
-17.817 0.970
12.685 -12.156
-0.774 18.593
-11.959 -14.292
18.764 2.203
-14.068 10.055
3.485 -17.994
9.748 15.636
-17.629 -4.483
16.845 -7.893
-6.792 17.543
-6.594 -17.051
16.138 8.000
-17.132 5.665
9.253 -15.237
3.788 18.733
-15.670 -10.226
17.887 -1.670
-12.069 14.410
-0.868 -19.236
12.013 12.890
-18.343 -0.767
15.414 -11.790
-2.598 18.385
-10.470 -15.247
18.486 4.345
-17.296 8.978
5.659 -18.152
8.248 17.528
-17.481 -8.381
18.306 -5.945
-8.608 17.369
-5.055 -19.104
15.610 10.811
-18.929 2.379
