-1.861 0.521
0.650 -1.368
0.690 1.064
-1.267 -1.181
2.227 0.202
-2.428 2.271
-0.122 -3.116
2.700 2.449
-3.379 -0.408
2.770 -2.763
-0.116 3.455
-2.489 -2.720
3.926 0.811
-4.199 1.868
1.223 -4.688
1.579 3.886
-4.525 -1.847
5.599 -1.964
-2.524 4.734
-1.826 -5.126
4.594 2.454
-6.016 1.087
2.973 -4.562
0.122 6.218
-4.843 -4.167
6.057 0.558
-4.390 3.601
0.081 -6.045
3.224 4.723
-6.413 -1.568
4.749 -3.607
-1.644 6.682
-3.424 -5.963
6.417 2.319
-6.700 3.357
2.476 -6.268
2.008 7.173
-6.574 -3.592
7.829 -1.400
-4.521 6.921
-1.132 -8.047
5.288 5.263
-7.599 -0.181
5.166 -5.580
-0.332 8.116
-5.134 -6.509
7.901 1.217
-5.765 4.860
1.052 -8.170
3.771 7.465
-8.012 -2.430
8.024 -3.203
-3.209 8.147
-2.887 -7.899
7.225 3.911
-7.971 2.031
4.741 -7.299
1.549 8.930
-6.647 -5.492
9.641 -0.930
-6.550 6.513
0.553 -9.929
5.970 7.077
-9.621 -1.637
7.576 -5.901
-1.705 9.247
-5.744 -8.206
8.977 2.761
-8.598 4.138
3.058 -8.661
4.576 9.401
-9.470 -3.505
9.801 -3.379
-5.252 9.158
-2.962 -10.667
8.789 6.296
-10.446 0.882
6.427 -7.972
0.556 10.890
-7.507 -7.739
10.394 0.677
-8.394 6.806
2.267 -10.319
6.417 9.223
-11.348 -2.442
9.351 -6.380
-3.803 10.385
-4.962 -9.901
10.885 4.746
-10.320 3.707
5.908 -10.655
2.932 10.079
-10.260 -5.768
11.706 -2.138
-7.047 9.522
-0.692 -11.231
7.614 7.742
-11.363 -0.662
9.006 -8.132
-0.957 12.043
-7.065 -9.543
11.689 1.904
-10.268 6.553
3.824 -11.384
5.644 10.874
-11.315 -4.307
11.823 -5.191
-5.198 12.060
-4.150 -12.303
10.737 6.600
-11.813 2.600
7.683 -10.248
2.211 12.775
-9.261 -8.174
12.209 -0.334
-8.755 8.722
0.434 -12.626
8.235 9.816
-12.920 -1.557
10.985 -7.205
-2.910 12.182
-6.497 -11.274
12.468 3.981
-11.930 4.613
5.273 -12.361
4.889 12.509
-12.069 -5.892
13.520 -3.749
-6.944 11.590
-1.759 -12.622
11.213 8.288
-13.121 1.469
9.402 -9.865
-0.475 13.929
-9.370 -10.626
14.313 1.164
-10.644 8.605
1.882 -13.662
7.871 11.545
-13.092 -3.407
13.276 -6.268
-4.223 13.625
-5.850 -13.018
13.216 6.338
-14.045 3.819
7.037 -12.056
3.719 13.981
-12.168 -8.224
14.014 -1.424
-8.915 11.281
-0.135 -14.751
10.765 10.538
-14.343 -0.381
11.283 -9.510
-2.016 15.438
-8.438 -12.137
14.899 3.705
-12.614 6.445
5.175 -14.148
6.872 13.794
-13.747 -5.020
14.727 -5.116
-7.149 13.588
-3.641 -14.089
13.037 8.218
-15.598 2.844
10.189 -12.697
1.247 14.803
-11.147 -10.273
15.829 0.286
-11.947 9.830
1.548 -15.365
9.443 12.898
-14.846 -3.029
12.572 -8.153
-4.520 15.885
-7.113 -14.234
15.009 5.478
-14.439 6.457
7.037 -14.293
5.104 15.482
-13.741 -7.329
16.109 -3.447
-9.586 12.948
-1.970 -16.644
12.583 10.293
-16.320 0.475
12.099 -11.089
-0.270 15.842
-10.157 -12.864
16.213 2.404
-13.651 10.273
4.217 -15.779
8.516 14.516
-15.692 -4.628
15.134 -7.457
-6.366 15.644
-5.691 -16.497
14.844 8.220
-15.613 4.762
8.536 -13.436
2.942 15.940
-13.892 -9.946
16.706 -1.539
-11.264 11.945
-0.202 -16.931
11.218 13.261
-17.253 -2.440
14.034 -9.960
-2.583 17.379
-8.422 -15.431
16.817 5.259
-15.815 7.603
6.384 -16.035
6.585 16.496
-15.571 -7.073
16.517 -5.465
-9.400 14.693
-3.914 -16.920
14.315 9.925
-17.552 2.012
11.982 -13.222
-0.466 17.563
-12.528 -13.760
18.553 1.747
-14.887 11.633
2.927 -17.042
10.179 15.242
-17.927 -4.257
15.684 -9.213
-6.421 17.459
-7.512 -17.247
16.681 7.481
-17.099 5.665
8.192 -16.077
4.140 17.339
-15.869 -10.652
18.331 -3.754
-11.539 13.769
-1.557 -18.732
14.147 13.062
-17.606 -0.713
13.578 -12.357
-2.663 19.223
-11.085 -14.896
18.167 3.473
-16.196 9.914
5.979 -18.547
8.746 16.883
-18.192 -6.657
18.321 -6.339
-8.830 17.102
-6.099 -18.400
17.030 10.023
-18.700 3.295
11.782 -15.005
