-1.783 -0.744
1.358 -0.670
-0.118 1.263
-0.262 -1.712
1.623 1.539
-3.313 0.278
1.835 -2.521
0.601 3.595
-2.398 -2.415
3.886 -0.451
-2.233 2.640
-0.268 -3.677
2.579 3.069
-4.453 -1.136
3.865 -2.921
-1.169 4.028
-2.406 -4.254
5.612 1.929
-4.915 2.151
1.744 -5.154
2.084 4.773
-5.395 -2.875
5.160 -1.738
-3.758 4.955
-1.218 -6.272
4.407 4.192
-5.677 0.105
3.811 -4.694
-0.397 5.704
-4.061 -5.205
5.962 0.112
-5.432 4.225
1.008 -6.802
3.599 5.797
-7.338 -1.518
5.828 -3.385
-2.870 6.874
-2.933 -6.893
7.012 3.754
-7.837 2.629
4.099 -7.017
0.888 7.408
-5.851 -4.852
7.513 -1.178
-5.290 6.163
0.005 -8.290
5.446 5.852
-7.537 0.241
5.889 -5.760
-1.668 8.195
-4.781 -6.872
8.282 2.460
-7.568 4.405
2.630 -7.988
3.246 7.547
-7.515 -3.347
8.244 -2.789
-4.319 7.969
-1.812 -8.430
8.143 5.245
-9.177 1.052
6.588 -7.449
0.299 9.253
-6.536 -7.248
9.603 0.064
-7.069 6.200
0.579 -10.000
5.334 7.730
-9.313 -2.082
7.768 -4.902
-2.235 10.214
-5.260 -8.620
9.785 3.423
-9.798 3.932
4.287 -10.207
2.996 10.388
-8.744 -5.782
9.985 -2.273
-6.313 8.890
-1.095 -10.726
7.737 6.973
-10.806 0.139
8.175 -6.693
-0.680 11.215
-7.392 -8.950
11.293 0.789
-9.420 5.793
2.242 -10.846
5.601 10.470
-10.396 -3.487
11.240 -4.700
-3.946 9.727
-4.477 -10.886
10.511 5.577
-11.431 3.105
6.418 -9.243
1.177 10.794
-8.507 -7.562
12.108 -0.801
-8.215 8.858
0.370 -11.868
7.993 8.739
-12.119 -1.221
10.057 -6.564
-2.311 12.032
-6.211 -10.393
12.496 3.253
-11.554 6.243
4.368 -12.227
4.336 11.835
-10.882 -5.281
12.381 -3.281
-6.183 11.396
-2.201 -12.154
9.788 7.305
-12.277 1.419
8.166 -9.640
0.379 12.807
-9.174 -9.229
13.086 1.154
-9.834 7.757
1.889 -12.874
7.317 10.852
-12.222 -3.774
11.799 -6.432
-3.917 12.847
-5.819 -12.104
12.934 5.437
-12.633 4.792
6.442 -10.995
3.663 13.454
-11.207 -6.979
13.492 -1.915
-9.006 10.637
-0.767 -14.146
10.511 9.785
-13.686 0.156
9.945 -9.555
-0.978 13.939
-8.163 -10.788
14.303 3.309
-11.759 8.076
3.478 -13.842
6.444 13.165
-13.389 -5.708
12.995 -5.100
-5.747 13.277
-4.452 -13.996
11.881 7.568
-13.988 3.328
9.037 -11.660
1.917 14.942
-11.020 -9.188
14.749 -0.470
-11.150 10.866
0.901 -14.754
9.396 12.141
-13.894 -2.760
12.830 -7.896
-3.157 15.084
-7.677 -12.460
14.729 5.112
-14.032 6.232
5.875 -13.313
5.138 14.529
-14.004 -7.436
15.866 -3.649
-8.196 12.390
-2.381 -14.970
12.245 10.035
-15.468 0.310
10.738 -11.099
-0.584 15.975
-9.774 -11.578
14.919 1.394
-13.392 9.664
3.240 -15.579
8.384 13.601
-15.333 -3.881
14.381 -6.856
-5.590 15.314
-6.241 -14.268
14.778 7.279
-15.548 4.220
8.769 -14.283
3.496 15.876
-13.102 -9.742
16.367 -1.204
-10.031 12.265
0.002 -16.390
11.234 11.935
-17.080 -0.398
13.089 -9.769
-2.314 16.670
-9.446 -13.358
16.499 3.528
-14.692 8.332
5.758 -16.473
6.555 15.651
-15.205 -5.939
15.027 -5.254
-7.570 14.333
-4.737 -16.415
14.064 9.146
-16.243 2.393
10.335 -13.412
0.585 17.359
-12.028 -12.608
17.187 0.882
-12.798 12.037
2.954 -17.330
9.938 14.550
-17.124 -3.835
14.948 -8.627
-5.056 17.027
-7.836 -15.202
16.349 5.948
-16.483 5.705
7.415 -15.704
5.083 16.661
-15.022 -9.300
17.598 -2.950
-11.251 13.494
-1.303 -18.563
13.477 12.870
-18.893 -0.097
12.859 -11.560
-1.458 18.270
-11.430 -14.452
18.019 2.490
-15.860 9.722
4.794 -18.190
8.454 16.209
-16.930 -6.152
16.394 -7.540
-7.497 16.173
-5.852 -18.195
16.713 8.415
-17.589 3.654
10.388 -15.666
3.007 19.019
-13.375 -11.471
18.314 -1.283
-14.004 13.435
0.533 -18.561
12.104 13.985
-18.855 -2.257
16.188 -10.850
-3.600 18.670
-10.151 -16.499
18.306 6.380
-17.529 7.949
6.618 -18.220
7.153 18.421
-16.718 -9.004
18.546 -4.474
