-1.897 -0.367
1.194 -0.932
0.140 1.260
-0.604 -1.623
1.901 1.178
-3.188 0.944
1.286 -2.841
1.317 3.399
-2.838 -1.878
3.714 -1.230
-1.651 3.038
-1.008 -3.546
3.148 2.483
-4.591 -0.210
3.192 -3.644
-0.328 4.181
-3.219 -3.678
5.886 0.751
-4.377 3.103
0.662 -5.401
3.009 4.251
-5.866 -1.721
4.700 -2.748
-2.675 5.614
-2.465 -5.895
5.166 3.211
-5.538 1.254
2.780 -5.369
0.768 5.666
-5.032 -4.274
5.861 -1.099
-4.462 5.239
-0.392 -6.865
4.699 4.947
-7.494 0.002
5.021 -4.496
-1.417 7.313
-4.270 -6.155
7.627 2.254
-7.141 4.164
2.591 -7.702
2.372 7.074
-6.714 -3.565
7.118 -2.677
-3.930 7.108
-1.676 -8.119
6.519 4.626
-7.331 1.765
4.599 -6.834
0.029 8.363
-6.076 -5.760
8.609 0.729
-6.517 5.848
0.955 -8.355
4.709 6.732
-8.037 -1.753
7.508 -4.403
-2.613 8.679
-3.484 -7.887
9.037 3.485
-8.773 2.891
4.940 -8.631
2.169 9.001
-7.870 -5.772
9.416 -1.885
-5.665 7.505
-1.461 -9.910
6.791 6.488
-9.541 -0.150
6.612 -6.375
-0.117 10.455
-6.899 -7.374
10.276 1.367
-8.797 5.837
2.128 -10.864
5.040 9.565
-9.735 -3.889
9.317 -4.251
-4.379 9.986
-3.247 -10.281
8.991 5.259
-10.553 2.327
6.648 -8.212
1.608 11.120
-9.053 -7.265
11.218 -1.518
-8.050 7.583
-0.003 -11.075
7.608 9.117
-10.888 -1.307
10.053 -6.882
-1.891 10.325
-6.591 -9.752
11.424 3.330
-10.564 5.359
4.410 -10.352
3.342 10.331
-9.864 -5.680
11.694 -3.239
-6.248 10.339
-2.044 -11.697
9.599 6.937
-12.115 1.262
8.517 -8.466
0.177 12.250
-8.189 -8.918
12.896 0.652
-10.048 8.456
1.798 -12.859
6.645 10.710
-11.727 -2.964
11.458 -5.723
-3.744 12.413
-4.620 -11.455
11.066 5.168
-11.734 3.879
6.041 -11.096
2.968 12.464
-10.855 -7.177
13.048 -1.523
-8.056 9.590
-0.761 -12.990
9.366 9.143
-12.733 -1.217
10.250 -8.691
-1.230 13.374
-8.153 -10.673
13.768 2.702
-11.399 7.254
4.079 -12.073
6.315 12.431
-12.390 -4.562
12.824 -4.611
-6.661 12.242
-3.620 -13.696
12.277 7.450
-13.370 2.928
7.800 -11.374
1.869 13.847
-10.181 -8.908
14.677 0.340
-9.877 10.292
0.599 -14.259
8.980 11.585
-14.268 -2.874
11.691 -7.629
-2.935 14.167
-7.198 -12.802
13.169 5.001
-13.023 6.096
6.484 -13.250
4.907 14.242
-12.654 -6.763
14.347 -3.451
-8.715 12.902
-2.110 -14.630
11.663 9.983
-14.164 0.115
10.962 -10.334
-0.032 15.411
-10.044 -10.644
15.459 2.019
-12.477 8.949
3.053 -14.228
7.978 13.186
-15.220 -4.441
14.796 -6.791
-5.513 13.795
-5.367 -14.177
14.025 7.343
-15.084 3.441
8.264 -13.046
2.668 15.761
-11.919 -9.356
14.892 -1.661
-11.154 12.179
0.014 -15.913
10.967 11.618
-15.802 -0.691
12.692 -9.630
-2.368 16.129
-9.005 -12.706
15.947 4.131
-14.369 7.286
5.691 -15.764
6.642 14.838
-14.805 -6.883
15.783 -4.498
-7.335 14.044
-3.322 -16.050
13.421 9.409
-16.806 3.074
10.836 -12.221
1.114 16.793
-11.959 -11.165
16.872 0.109
-12.697 11.138
2.298 -17.299
9.593 13.996
-16.093 -2.733
13.649 -8.192
-4.506 15.570
-7.968 -15.114
15.627 6.104
-15.420 5.637
7.400 -15.229
4.093 16.880
-14.335 -9.907
17.008 -2.621
-10.091 14.383
-0.621 -17.569
12.683 12.233
-17.546 -0.283
12.888 -11.479
-1.498 17.699
-10.756 -13.297
17.215 2.509
-14.984 8.929
4.076 -16.881
8.356 15.284
-16.595 -6.060
16.634 -6.457
-8.281 15.496
-5.041 -17.913
15.807 9.869
-18.520 3.736
10.248 -13.928
2.277 18.186
-14.123 -11.833
18.149 -1.216
-13.559 12.736
1.006 -18.784
11.565 14.158
-17.825 -2.591
14.524 -10.707
-4.062 17.358
-9.420 -16.630
18.072 4.851
-16.483 7.144
6.995 -17.447
6.801 18.014
-15.423 -8.520
17.674 -4.970
-10.989 15.996
-3.242 -18.283
14.689 11.240
-18.921 1.613
13.651 -13.907
0.261 19.012
-13.286 -14.098
19.220 2.535
-15.553 11.338
2.786 -19.183
10.740 16.588
-18.196 -5.427
17.254 -8.142
