1.121 -1.574
0.353 1.473
-1.205 -0.395
1.728 0.124
-1.860 1.242
0.463 -3.292
2.052 2.348
-3.639 -0.211
2.886 -1.804
-0.421 3.890
-2.079 -2.762
3.645 0.554
-3.565 1.835
2.095 -4.091
1.992 4.416
-3.669 -2.033
4.681 -1.404
-3.124 5.045
-1.008 -5.269
4.640 2.842
-5.116 0.975
3.999 -4.624
0.551 5.417
-3.999 -4.762
6.386 0.202
-5.064 3.369
1.156 -5.560
3.733 4.756
-5.474 -1.651
5.975 -2.807
-1.430 5.789
-2.917 -6.233
6.409 2.490
-6.450 2.225
3.106 -6.820
2.009 6.433
-6.067 -4.322
7.372 -1.333
-5.214 6.006
-0.827 -8.225
5.934 5.552
-7.421 -0.775
6.028 -4.631
-0.516 7.587
-4.838 -6.524
8.083 1.841
-6.913 4.014
1.435 -7.403
4.312 7.019
-7.622 -3.442
7.761 -3.140
-4.233 7.531
-2.619 -8.356
7.207 4.334
-8.078 1.493
4.928 -6.586
0.893 8.658
-6.814 -5.977
8.622 0.100
-6.919 6.779
1.007 -9.182
5.805 8.075
-9.090 -1.759
8.516 -4.768
-2.190 9.350
-4.480 -8.267
9.623 2.780
-8.720 3.489
4.093 -8.620
3.059 8.661
-9.465 -4.442
9.571 -3.219
-5.506 8.784
-1.664 -10.425
9.004 6.442
-10.793 0.620
7.576 -7.246
0.004 10.240
-7.271 -8.126
10.702 1.309
-8.514 6.000
2.259 -10.568
4.715 9.455
-10.786 -3.148
10.365 -5.225
-3.271 10.837
-3.562 -10.470
10.079 4.590
-11.451 3.142
5.704 -9.365
2.093 12.002
-8.611 -6.002
11.607 -1.954
-7.767 9.014
-0.495 -11.835
7.591 8.306
-10.787 -1.243
9.259 -6.620
-1.902 11.984
-6.817 -9.973
11.491 2.990
-10.293 5.858
3.876 -11.547
4.172 11.261
-11.221 -4.919
11.511 -3.754
-5.941 11.464
-3.528 -12.650
10.955 6.968
-12.501 1.606
7.561 -9.442
0.456 12.800
-9.743 -8.554
12.340 0.546
-9.292 7.926
1.336 -12.286
7.591 10.099
-12.573 -2.468
11.033 -6.902
-4.025 12.505
-5.385 -11.308
12.136 4.694
-12.203 4.731
6.387 -11.082
3.658 12.931
-11.660 -6.665
13.093 -2.993
-8.168 11.408
-1.874 -13.381
9.295 8.718
-13.931 0.591
9.289 -9.382
-1.122 13.581
-8.377 -11.138
13.964 2.386
-11.870 8.082
2.880 -13.381
7.115 11.814
-13.376 -4.042
12.328 -5.570
-6.396 13.215
-5.270 -13.255
12.727 6.458
-14.266 3.367
8.533 -11.792
2.094 13.802
-11.674 -8.545
14.634 -1.241
-10.012 9.909
-0.146 -14.378
9.368 11.395
-14.995 -1.441
11.402 -8.710
-2.809 14.486
-8.126 -13.280
14.188 4.147
-13.921 6.473
5.769 -12.937
4.857 14.260
-14.010 -6.420
13.851 -4.726
-8.248 13.230
-2.969 -15.064
11.681 8.678
-15.307 1.791
10.353 -12.008
0.044 16.280
-10.267 -10.737
15.126 0.995
-12.498 9.717
3.124 -15.152
8.444 12.930
-15.448 -4.108
13.456 -6.966
-4.664 14.239
-6.457 -15.201
14.474 6.611
-15.120 5.162
7.182 -14.092
3.499 15.543
-13.695 -8.844
15.296 -2.925
-10.372 12.798
-0.671 -16.096
11.985 11.716
-16.256 -0.109
12.403 -10.618
-2.452 16.227
-9.738 -12.499
15.983 3.633
-14.127 8.310
4.173 -16.568
6.627 14.928
-15.743 -5.950
15.119 -6.252
-7.095 15.307
-4.870 -16.172
14.788 9.265
-16.714 2.925
9.160 -13.511
1.795 15.817
-12.299 -10.557
17.057 -0.983
-12.035 11.689
1.265 -16.369
10.789 13.049
-17.057 -3.276
14.959 -8.936
-4.668 16.564
-8.903 -15.147
16.245 6.720
-16.391 6.468
7.534 -15.848
5.101 16.488
-15.484 -8.703
16.560 -4.273
-9.422 14.625
-1.911 -17.337
13.671 10.710
-17.373 1.265
12.396 -12.588
-1.022 17.814
-10.666 -13.961
18.391 2.842
-15.536 10.291
4.281 -18.402
8.424 15.101
-17.493 -5.469
16.625 -7.945
-6.420 17.019
-5.967 -17.620
16.676 8.705
-17.680 4.653
9.750 -15.146
3.720 17.657
-14.111 -10.894
19.039 -1.676
-11.909 14.433
0.334 -17.961
12.975 13.600
-19.213 -1.282
14.149 -10.501
-2.807 18.143
-9.999 -16.633
17.981 4.632
-16.319 8.705
6.378 -17.886
6.994 18.189
-17.409 -7.647
18.338 -6.243
-10.277 16.438
-3.868 -18.854
16.301 10.490
-19.548 2.894
12.484 -14.307
0.254 19.076
