1.391 -1.341
0.076 1.513
-1.112 -0.610
1.675 0.439
-2.057 0.878
1.061 -3.151
1.585 2.685
-3.538 -0.877
3.169 -1.242
-1.129 3.746
-1.536 -3.098
3.481 1.215
-3.841 1.148
2.811 -3.636
1.146 4.707
-3.232 -2.673
4.860 -0.519
-3.999 4.384
-0.022 -5.365
4.038 3.647
-5.208 0.017
4.781 -3.809
-0.455 5.426
-3.055 -5.417
6.240 1.373
-5.598 2.380
2.158 -5.252
2.794 5.361
-5.077 -2.630
6.390 -1.660
-2.471 5.427
-1.721 -6.663
5.842 3.627
-6.750 1.000
4.308 -6.132
0.792 6.693
-5.168 -5.364
7.491 0.046
-6.230 4.944
0.700 -8.237
4.811 6.549
-7.151 -2.127
6.777 -3.443
-1.903 7.362
-3.555 -7.303
7.606 3.297
-7.534 2.674
2.772 -7.013
2.947 7.692
-6.859 -4.785
8.206 -1.659
-5.546 6.624
-1.037 -8.695
6.287 5.586
-8.215 -0.018
6.056 -5.567
-0.714 8.674
-5.598 -7.129
8.456 1.685
-8.048 5.390
2.679 -8.840
4.220 9.005
-8.611 -3.401
9.247 -3.120
-3.873 8.787
-2.883 -8.950
8.948 4.503
-9.213 1.825
5.609 -7.720
1.414 9.076
-8.486 -6.107
10.000 -1.404
-7.028 7.621
0.282 -10.554
7.665 7.988
-10.723 -1.376
8.780 -5.729
-1.879 10.066
-5.652 -9.325
10.279 3.255
-9.472 4.332
4.164 -9.972
2.896 10.161
-10.023 -5.078
11.149 -3.230
-5.209 10.051
-1.575 -10.946
9.063 6.365
-11.834 0.982
7.329 -8.156
-0.151 12.182
-7.360 -7.484
11.768 0.214
-9.293 7.432
1.690 -11.724
5.934 9.561
-10.374 -3.207
10.318 -4.804
-4.074 11.430
-4.867 -11.057
10.745 5.053
-11.195 3.865
5.934 -10.637
2.030 11.836
-10.125 -6.899
12.005 -1.572
-7.949 10.176
-1.141 -13.083
9.486 8.865
-12.583 -0.721
9.168 -7.890
-1.906 12.666
-8.003 -10.200
12.029 2.807
-10.592 6.082
3.573 -11.830
5.604 11.323
-11.904 -4.738
12.114 -4.754
-6.257 11.551
-3.213 -12.106
11.065 6.847
-12.865 2.405
8.317 -9.718
1.217 13.383
-10.235 -8.696
13.420 -0.534
-10.127 9.711
0.620 -13.497
7.532 10.279
-13.802 -1.981
10.856 -7.513
-3.601 13.143
-6.186 -12.489
13.287 4.914
-13.154 5.761
5.292 -12.622
4.820 12.922
-12.404 -6.434
13.142 -3.207
-8.717 11.813
-2.742 -13.999
11.322 8.689
-14.642 0.685
10.556 -10.021
-0.480 13.952
-9.903 -10.547
14.613 1.472
-11.664 7.898
2.501 -14.159
7.112 12.924
-14.474 -4.174
12.809 -6.464
-5.426 13.722
-5.544 -14.549
13.183 6.686
-14.874 3.802
8.050 -11.655
2.151 14.911
-12.590 -8.888
14.484 -2.097
-10.541 11.487
-0.147 -15.353
9.885 10.679
-15.375 -1.055
12.386 -9.899
-2.952 16.010
-8.116 -12.442
14.685 3.760
-14.073 7.252
5.858 -14.319
5.921 14.262
-14.429 -6.880
14.508 -4.372
-7.204 13.138
-3.551 -16.129
13.011 9.161
-15.812 2.293
9.652 -12.531
0.581 15.921
-11.834 -11.212
15.573 -0.061
-12.549 10.672
2.301 -15.945
9.625 13.720
-15.959 -3.097
14.144 -8.156
-5.396 15.499
-7.272 -14.077
15.042 6.511
-15.415 5.570
7.149 -15.517
3.767 15.893
-14.380 -8.744
16.011 -3.364
-9.790 13.741
-1.812 -16.792
12.831 11.827
-16.967 -0.200
11.489 -11.595
-1.146 15.877
-10.148 -12.640
16.947 2.172
-13.979 9.275
4.255 -15.857
8.204 14.811
-16.164 -6.358
16.348 -6.031
-7.635 15.423
-5.965 -16.526
14.731 9.594
-17.301 3.342
10.321 -14.192
1.981 17.145
-13.618 -11.403
17.063 -1.154
-11.952 12.642
1.310 -17.393
11.468 13.042
-17.309 -1.952
14.501 -10.093
-4.282 17.322
-7.916 -15.685
17.554 6.176
-17.164 7.258
7.593 -17.300
5.502 16.393
-16.189 -8.594
17.802 -4.751
-9.441 15.548
-2.624 -18.416
14.790 11.624
-18.234 1.321
12.369 -13.094
0.409 18.040
-11.866 -13.304
19.022 1.855
-14.360 11.996
3.632 -17.594
10.252 15.755
-18.649 -4.794
15.839 -7.719
-6.096 17.317
-6.768 -18.188
16.822 7.860
-17.642 5.554
9.560 -16.408
3.529 19.165
-15.705 -10.719
19.174 -2.763
-13.125 14.267
-0.334 -19.244
14.093 13.310
-19.747 -0.751
14.903 -11.767
-3.260 18.797
