1.905 0.327
-1.174 0.957
-0.166 -1.257
0.638 1.610
-1.925 -1.138
3.167 -1.010
-1.226 2.867
-1.388 -3.370
2.877 1.818
-3.687 1.307
1.587 -3.071
1.082 3.524
-3.199 -2.416
4.594 0.113
-3.115 3.710
0.241 -4.187
3.295 3.610
-5.901 -0.627
4.311 -3.194
-0.549 5.413
-3.097 -4.187
5.900 1.598
-4.642 2.846
2.557 -5.669
2.588 5.842
-5.232 -3.102
5.511 -1.370
-2.666 5.426
-0.886 -5.649
5.120 4.167
-5.837 1.222
4.351 -5.331
0.536 6.855
-4.802 -4.847
7.492 -0.158
-4.926 4.600
1.263 -7.341
4.398 6.065
-7.673 -2.093
7.053 -4.313
-2.429 7.755
-2.520 -7.023
6.787 3.423
-7.060 2.825
3.781 -7.189
1.846 8.082
-6.615 -4.489
7.293 -1.918
-4.455 6.929
-0.204 -8.361
6.195 5.631
-8.622 -0.549
6.394 -5.983
-0.780 8.374
-4.849 -6.632
8.072 1.585
-7.414 4.559
2.431 -8.732
3.648 7.812
-9.108 -3.295
8.710 -3.074
-4.758 8.732
-2.357 -8.953
7.989 5.606
-9.375 2.081
5.507 -7.622
1.668 9.877
-6.925 -6.344
9.542 -0.050
-6.477 6.512
-0.102 -10.455
7.052 7.228
-10.303 -1.152
8.673 -6.020
-1.900 10.906
-5.239 -9.457
9.814 3.684
-9.225 4.445
4.169 -10.075
3.461 10.211
-9.099 -5.069
10.502 -2.548
-6.475 8.349
-1.841 -11.084
9.203 7.074
-11.184 1.752
7.889 -7.750
0.235 11.072
-7.797 -8.956
10.913 1.078
-9.907 7.091
1.674 -10.362
6.794 9.611
-11.491 -3.090
10.450 -5.579
-4.193 10.442
-3.557 -10.259
9.980 5.472
-11.623 3.483
6.030 -10.468
2.289 11.651
-9.742 -6.734
12.086 -1.515
-8.337 8.643
-0.434 -12.244
8.374 8.744
-12.907 -0.382
9.869 -8.665
-1.528 12.893
-6.868 -10.568
11.787 2.718
-11.336 5.962
3.483 -12.489
4.859 11.356
-11.172 -4.936
11.650 -4.124
-5.808 11.220
-3.229 -12.399
11.003 6.948
-13.014 1.796
7.854 -9.756
1.033 12.971
-9.555 -8.945
12.756 0.950
-10.065 8.904
0.950 -13.397
8.375 10.500
-13.821 -2.413
11.245 -7.491
-3.825 12.156
-6.574 -12.296
12.482 4.301
-12.724 4.878
6.404 -12.379
3.906 13.618
-12.431 -7.191
13.306 -3.208
-7.560 11.534
-2.158 -13.805
10.365 8.693
-14.681 -0.032
9.659 -10.497
-0.300 14.269
-9.220 -11.394
14.326 2.575
-11.528 7.872
2.637 -14.225
7.465 12.648
-13.270 -4.725
12.892 -6.367
-6.205 13.383
-5.205 -14.136
12.793 6.496
-14.272 3.751
8.443 -13.081
2.416 14.583
-11.870 -9.737
14.159 -0.412
-10.743 10.561
-0.291 -15.408
10.265 10.431
-15.498 -1.695
12.287 -9.208
-2.754 14.288
-8.252 -13.016
15.310 4.122
-14.650 7.099
5.223 -13.907
5.663 14.061
-14.176 -7.048
15.008 -3.756
-7.989 13.216
-2.998 -15.702
12.112 9.104
-14.854 1.972
10.897 -12.410
0.320 15.909
-11.208 -11.386
15.813 0.360
-12.488 9.893
2.030 -16.175
9.269 12.515
-16.030 -3.796
14.213 -7.585
-5.359 15.880
-6.952 -14.695
14.946 6.571
-15.686 4.827
7.040 -14.195
3.657 15.977
-13.615 -9.126
16.738 -3.425
-10.578 12.445
-1.466 -16.766
12.190 10.912
-16.870 0.245
12.461 -11.401
-1.935 17.343
-9.884 -13.792
16.147 2.395
-13.474 8.476
4.179 -15.661
8.283 14.944
-15.751 -5.775
15.299 -5.959
-7.080 15.381
-4.445 -16.791
14.539 9.605
-16.950 2.977
9.788 -14.591
0.989 17.552
-12.936 -11.964
17.548 -0.084
-12.645 11.747
1.127 -17.726
11.032 13.069
-17.264 -2.148
14.793 -9.241
-3.722 16.963
-8.674 -15.106
16.719 5.711
-16.495 6.804
7.955 -15.666
5.415 17.804
-16.010 -9.536
18.438 -4.123
-9.954 14.139
-2.658 -18.135
14.368 11.535
-18.120 1.595
13.289 -13.017
-0.612 18.801
-11.859 -13.913
17.876 2.217
-14.297 11.009
3.697 -17.439
9.766 16.429
-18.170 -4.472
16.330 -7.488
-6.628 17.589
-7.177 -17.868
15.598 8.195
-17.566 5.339
10.651 -16.222
3.624 18.211
-14.921 -10.930
18.883 -2.009
-13.357 14.190
-0.659 -19.003
13.578 13.817
-19.269 -2.132
15.312 -11.662
-2.383 19.237
-11.085 -16.359
18.306 5.044
-17.079 8.501
