1.931 0.069
-1.036 1.105
-0.333 -1.224
0.848 1.510
-2.060 -0.869
3.003 -1.426
-0.831 3.005
-1.827 -3.154
3.095 1.416
-3.479 1.790
1.161 -3.256
1.544 3.348
-3.494 -1.966
4.568 -0.503
-2.590 4.094
-0.323 -4.182
3.749 3.135
-5.931 0.169
3.844 -3.743
0.181 5.438
-3.630 -3.734
6.061 0.793
-4.219 3.442
1.774 -5.960
3.347 5.442
-5.601 -2.373
5.278 -2.096
-1.915 5.734
-1.635 -5.479
5.633 3.444
-5.620 1.993
3.598 -5.866
1.449 6.722
-5.408 -4.160
7.403 -1.161
-4.265 5.219
0.268 -7.444
5.171 5.421
-7.884 -1.047
6.411 -5.219
-1.369 8.010
-3.438 -6.622
7.184 2.483
-6.618 3.746
2.783 -7.630
2.912 7.761
-7.157 -3.562
6.970 -2.878
-3.486 7.463
-1.322 -8.258
6.894 4.750
-8.618 0.612
5.534 -6.786
0.349 8.403
-5.694 -5.922
8.212 0.489
-6.736 5.512
1.239 -8.979
4.662 7.253
-9.468 -2.045
8.220 -4.213
-3.546 9.291
-3.536 -8.557
8.668 4.485
-9.011 3.319
4.436 -8.291
2.977 9.564
-7.713 -5.359
9.450 -1.328
-5.546 7.322
-1.502 -10.347
7.956 6.218
-10.364 0.239
7.788 -7.128
-0.422 11.063
-6.459 -8.670
10.220 2.336
-8.547 5.641
2.781 -10.543
4.798 9.655
-9.696 -3.805
10.066 -3.932
-5.298 9.141
-3.309 -10.737
10.068 5.777
-10.848 3.235
6.780 -8.737
1.717 10.941
-8.927 -7.830
10.959 -0.394
-8.868 8.354
0.271 -10.493
8.021 8.614
-11.801 -1.522
9.608 -6.929
-2.756 10.910
-4.900 -9.690
10.623 4.085
-11.052 5.009
4.573 -11.181
3.829 11.239
-10.556 -5.368
11.774 -3.121
-7.104 9.682
-2.070 -12.075
9.470 7.543
-12.841 1.351
8.619 -9.909
0.213 12.982
-8.222 -9.553
12.045 1.114
-10.435 7.427
1.778 -12.843
6.337 10.603
-11.732 -3.394
10.992 -5.648
-4.252 11.897
-4.861 -11.855
11.835 5.411
-12.656 3.524
6.476 -10.721
2.761 12.716
-10.667 -7.584
12.768 -0.768
-8.782 10.173
-0.854 -13.403
9.706 9.283
-14.020 -0.539
10.140 -8.930
-2.162 12.559
-8.162 -11.305
12.946 2.590
-11.956 6.539
4.687 -13.125
5.695 12.971
-13.282 -5.461
12.756 -4.961
-5.947 12.443
-3.988 -13.392
11.437 7.226
-14.553 1.935
8.165 -11.696
1.615 14.180
-10.664 -10.056
14.541 0.632
-10.370 9.346
0.708 -14.450
9.092 11.534
-13.784 -2.904
11.923 -8.037
-4.356 14.094
-7.052 -13.312
13.548 4.724
-13.640 5.629
6.614 -14.095
4.348 14.128
-13.067 -8.059
13.976 -2.305
-9.231 11.905
-2.353 -15.231
11.570 8.962
-15.586 0.397
10.942 -10.771
-0.815 14.529
-9.921 -11.793
15.724 2.033
-13.567 8.998
3.312 -14.482
7.496 13.176
-14.992 -5.085
14.370 -5.733
-6.146 14.167
-5.074 -15.158
13.223 7.399
-14.455 3.945
9.136 -13.758
2.448 15.723
-12.633 -9.781
15.718 -1.762
-11.049 11.477
-0.155 -16.301
10.862 11.160
-16.394 -1.614
13.069 -9.421
-3.183 16.455
-8.858 -13.631
15.692 4.509
-14.897 6.885
5.074 -15.010
5.765 15.343
-14.715 -7.219
16.128 -5.637
-8.815 13.750
-3.699 -16.418
13.542 9.180
-16.685 2.503
10.821 -12.968
0.406 17.446
-11.643 -12.344
16.322 0.210
-12.217 10.205
2.043 -16.080
10.210 13.699
-16.383 -3.613
14.362 -7.955
-4.955 16.191
-6.655 -16.044
15.695 7.570
-16.398 5.221
7.745 -15.771
3.332 17.261
-14.422 -10.123
17.378 -2.435
-10.957 13.335
-1.258 -17.717
12.683 11.473
-17.396 0.184
13.422 -11.139
-1.415 17.309
-10.620 -13.808
17.333 3.420
-15.435 8.953
5.784 -16.590
7.751 16.918
-17.144 -7.305
17.719 -6.556
-7.970 15.346
-5.064 -17.615
15.784 9.506
-17.743 4.009
11.425 -14.680
1.913 18.714
-13.617 -12.199
18.012 -0.198
-12.693 12.826
1.327 -17.777
11.880 14.972
-18.605 -1.997
15.179 -9.609
-4.212 18.319
-9.506 -16.745
16.555 6.032
-16.692 7.644
8.382 -17.503
6.032 17.561
-16.251 -8.832
18.443 -4.521
-11.335 15.852
-3.199 -18.743
15.307 11.873
-19.381 0.469
13.611 -13.608
0.216 19.383
-13.177 -14.727
18.817 2.546
-15.786 10.713
