1.724 0.873
-1.404 0.569
0.211 -1.251
0.136 1.727
-1.506 -1.653
3.324 -0.035
-2.015 2.380
-0.336 -3.630
2.215 2.584
-3.909 0.165
2.420 -2.469
-0.002 3.686
-2.347 -3.250
4.358 1.459
-4.068 2.630
1.461 -3.932
2.088 4.419
-5.455 -2.334
5.059 -1.785
-2.117 5.013
-1.729 -4.913
5.170 3.263
-5.273 1.355
4.111 -4.666
0.755 6.344
-4.089 -4.504
5.670 0.311
-4.144 4.402
0.814 -5.660
3.669 5.489
-5.938 -0.549
5.727 -3.816
-1.504 6.710
-3.164 -6.045
7.207 2.052
-6.061 2.949
3.366 -6.645
2.420 7.090
-6.718 -4.257
8.009 -2.048
-4.602 6.697
-0.343 -7.453
5.480 5.267
-7.579 0.624
5.727 -5.759
-0.612 8.267
-5.003 -6.235
7.534 0.311
-6.295 5.313
2.263 -8.051
4.265 7.204
-8.079 -3.060
7.870 -3.839
-3.208 7.774
-2.685 -7.764
7.249 3.888
-8.427 2.178
4.891 -7.631
1.190 8.540
-7.737 -5.828
9.229 -0.377
-7.116 6.947
0.380 -9.250
5.988 7.707
-9.572 -0.767
7.505 -5.666
-1.310 9.931
-4.753 -8.100
9.135 2.758
-8.106 4.320
2.977 -10.023
4.614 8.982
-9.508 -4.130
10.059 -3.204
-5.023 9.866
-2.227 -10.579
8.297 6.407
-10.125 1.536
6.947 -8.404
0.306 10.777
-7.206 -7.521
10.787 0.653
-8.643 6.076
1.500 -11.135
6.717 9.467
-11.205 -1.614
9.819 -5.087
-3.031 10.652
-4.819 -10.853
10.113 4.239
-11.554 3.864
4.647 -9.412
3.668 11.184
-10.074 -6.332
11.628 -2.259
-7.078 8.748
-0.384 -10.852
7.930 8.165
-12.134 -0.088
8.841 -8.232
-1.238 11.809
-7.331 -9.301
11.997 2.106
-10.510 5.809
3.186 -11.830
5.433 10.820
-12.224 -4.160
11.980 -5.380
-5.252 11.874
-3.457 -12.120
10.466 6.064
-12.588 2.365
7.001 -10.913
1.305 12.283
-9.227 -8.002
12.348 -0.516
-8.850 9.016
0.560 -12.800
8.474 9.876
-12.967 -2.110
10.375 -7.016
-2.827 12.701
-6.503 -11.359
11.912 4.659
-12.239 5.551
4.847 -12.525
4.917 12.498
-12.501 -6.370
12.950 -3.854
-7.230 10.494
-2.668 -13.686
10.666 7.781
-13.596 0.921
9.760 -9.949
-0.271 14.164
-9.767 -10.528
13.661 0.847
-10.618 8.802
1.997 -13.830
7.351 11.357
-14.022 -4.348
12.318 -7.193
-4.482 13.550
-5.462 -13.602
12.935 6.673
-13.334 4.134
6.703 -12.821
3.416 14.284
-11.295 -8.418
14.194 -2.295
-9.866 10.967
-0.818 -15.042
10.317 9.971
-14.744 -0.611
11.916 -10.021
-1.979 14.649
-8.482 -12.797
13.654 3.770
-13.374 6.935
4.253 -14.813
6.744 12.988
-14.315 -6.177
14.451 -5.188
-6.834 12.847
-4.060 -14.867
13.421 8.441
-16.090 2.477
9.081 -11.757
1.278 15.105
-11.477 -10.905
15.449 0.823
-11.522 10.282
1.752 -15.889
8.900 12.263
-14.777 -2.483
14.064 -8.658
-4.373 15.300
-7.365 -14.178
15.008 4.994
-14.845 5.784
6.697 -14.863
5.179 14.687
-14.205 -8.342
15.815 -3.070
-9.792 13.602
-2.323 -16.090
12.353 10.675
-16.412 0.002
10.902 -11.497
-1.203 16.346
-10.329 -12.725
17.005 1.648
-13.770 8.784
3.529 -16.456
8.443 14.014
-16.196 -4.727
15.262 -7.233
-6.949 16.007
-5.391 -16.089
14.729 7.037
-15.371 4.140
8.599 -13.740
3.522 16.718
-13.357 -10.151
16.374 -1.197
-11.289 12.619
0.688 -17.355
11.072 13.455
-17.076 -2.139
13.645 -11.068
-4.215 17.067
-8.846 -15.239
16.797 5.079
-15.540 7.509
6.290 -16.611
6.701 15.735
-15.869 -7.130
16.856 -4.482
-8.545 15.119
-3.849 -16.989
14.300 10.375
-17.767 1.653
12.209 -12.634
-0.060 18.609
-12.498 -13.822
18.835 1.481
-13.672 10.587
2.792 -18.114
10.341 15.250
-17.788 -3.803
16.529 -8.534
-6.113 17.790
-7.244 -16.785
16.434 7.375
-16.902 6.319
8.662 -15.581
4.504 18.574
-16.051 -9.617
17.809 -2.356
-11.507 14.863
-1.606 -19.188
12.499 12.419
-18.359 -0.062
14.950 -12.373
-1.891 18.472
-11.047 -14.834
18.639 3.632
-16.939 9.635
4.958 -18.356
8.915 17.199
-17.790 -7.703
18.064 -6.644
-7.934 17.686
-5.785 -18.896
16.013 10.204
-18.824 3.103
