2.06989, -16.10515
5.81850, -16.64698
11.43804, -14.75837
13.63204, -13.66827
10.81877, -13.00096
13.43383, -11.17754
13.06877, -9.44985
10.96040, -10.82397
8.40779, -17.55008
5.06634, -15.02971
6.58984, -14.12763
6.50781, -10.76750
4.54475, -11.21491
4.73360, -13.15450
1.77469, -12.85848
3.34183, -14.53382
14.37865, -5.76906
16.18081, -5.64796
14.01267, -2.32513
12.81518, -4.99589
12.81852, -0.81211
11.83194, -3.15661
11.03741, -5.72430
11.94101, -8.07092
10.11672, -8.96128
8.63906, -9.94832
8.18846, -11.71581
9.16177, -13.81234
7.73786, -15.80574
15.22675, -9.70396
14.38802, -7.98623
17.76432, -6.60696
5.57334, -6.81078
4.44023, -8.34732
6.81332, -8.76197
2.80555, -10.56186
2.80240, -7.69772
3.63792, -5.86530
1.78163, -5.98652
-0.29478, -4.18623
7.83175, -7.17739
9.59883, -6.97355
10.06824, -3.97060
8.23941, -4.24650
7.01858, -2.92809
5.31084, -2.14163
6.43698, -5.23424
3.83639, -3.77451
18.87402, 2.50910
17.34852, 3.38269
16.37506, 0.14224
15.75108, 1.97617
12.97152, 2.52427
12.06905, 1.06697
14.60357, 0.57836
15.75500, -1.81914
-1.60115, -5.50753
0.29751, -7.43774
1.25000, -8.99915
-1.45460, -10.37849
0.29317, -10.50246
17.40617, -2.46841
18.51341, -4.60877
18.04634, -0.21511
6.10188, 0.78202
4.60496, -0.56244
7.45421, -1.17385
13.61252, 4.67225
15.75064, 4.48551
16.62418, 6.00081
15.73731, 7.50894
15.84205, 9.48627
9.50658, -1.37056
11.00578, -0.42776
8.27195, 0.43763
10.26710, 2.30458
8.72882, 4.48850
7.22339, 2.43119
5.68764, 3.40897
3.10349, 1.37810
8.08101, 8.58851
4.70776, 7.26884
4.86555, 9.65382
3.01800, 9.51550
2.98573, 7.75197
3.42024, 5.44753
1.60670, 3.35138
3.79146, 3.11831
13.27427, 7.35608
11.47700, 7.19417
10.14267, 5.77141
11.90278, 5.37438
10.65039, 4.06241
5.22634, 5.41877
6.94193, 4.71034
8.02111, 6.20793
6.41498, 10.60265
9.76152, 9.24092
9.51678, 7.50160
5.78100, 12.93986
7.56325, 13.15795
5.84615, 15.31120
7.81740, 16.91253
6.13267, 17.51765
11.61617, 8.92146
13.61522, 9.15630
15.39590, 11.85333
12.76641, 11.44165
11.94581, 14.95848
10.94433, 11.10414
10.26454, 13.69066
9.13508, 11.48063
-0.71353, 14.51698
2.51925, 15.70929
0.48537, 17.42837
-1.32088, 17.31220
0.30185, 19.37401
-4.16314, 18.33562
-3.06934, 16.44812
-2.69069, 10.89762
3.38713, 17.23188
1.99906, 18.67548
4.42054, 14.14504
2.79586, 12.66550
3.91693, 11.20424
-2.10077, 12.52320
0.28585, 12.96023
1.69315, 14.15159
-10.91146, 13.32522
-9.14917, 11.92425
-8.68776, 10.16861
-11.91675, 6.54794
-13.52771, 9.01934
-10.39943, 7.42985
-10.32906, 9.35910
-10.99603, 11.49586
-7.03999, 9.66193
-5.88754, 12.46138
-4.29875, 14.13407
-6.06703, 14.15812
-4.90441, 16.21639
-7.93236, 15.35055
-8.75153, 13.72711
-11.27690, 15.90642
1.49567, 6.71439
0.37021, 8.39298
1.78804, 10.92868
-0.34563, 11.02774
-4.20009, 11.92920
-5.21059, 9.12001
-3.46821, 9.28809
-1.86657, 5.71199
-12.16223, 10.20091
-12.63188, 12.84638
-15.76242, 10.77454
-15.38255, 8.98970
-16.63728, 7.64147
-14.83208, 6.89217
0.25059, 5.41317
-1.34199, 7.98902
-11.01540, 4.99600
-8.99386, 3.32130
-10.79797, 3.20061
-15.54664, 0.40230
-12.78245, 1.35086
-14.53413, 1.94318
-12.59464, 3.54389
-13.62756, 5.68328
-6.58324, 3.77076
-4.16708, 3.45651
-4.21675, 5.22869
-6.69691, 5.52954
-3.44128, 7.47974
-5.49655, 7.33403
-8.84724, 8.34237
-8.47467, 5.65660
0.86582, 1.50259
-0.77373, 3.01414
-0.99337, 1.07878
-2.52881, 4.05736
-3.44931, 1.78606
-2.01700, -0.91410
-1.78343, -3.16299
1.20727, -3.29914
-14.41853, 3.97340
-16.34574, 5.26225
-17.70208, 4.02572
-16.67235, 2.49745
-19.34475, 0.50410
-0.24972, -1.25135
3.06224, -1.46364
1.96720, 0.02495
-11.77695, -1.55365
-9.69035, -3.82154
-10.54649, -5.38635
-14.99286, -5.07084
-13.21878, -5.45951
-11.70122, -3.40775
-13.74475, -2.89945
-14.01748, -0.52308
-3.44367, -1.94120
-5.56447, -2.36134
-5.92080, 0.15981
-5.60250, 1.97896
-7.85664, -1.07006
-8.60716, 0.59996
-10.31973, 0.23895
-9.44905, -2.02435
-3.44529, -6.63882
-3.62338, -3.73674
-5.39994, -4.14587
-7.14812, -3.56141
-5.64455, -5.89950
-7.67443, -5.32970
-6.42620, -8.67298
-4.87826, -9.68592
-16.36757, -1.60768
-17.39591, 0.19594
-18.57808, -1.96754
-16.32456, -3.57144
-17.14527, -7.28118
-3.28198, -10.75677
-3.55376, -8.57965
-1.32028, -8.25207
-14.40903, -10.14895
-13.60302, -12.21012
-12.60535, -9.76683
-6.62438, -16.05388
-5.06423, -15.15728
-4.85867, -11.85823
-7.05584, -13.34173
-8.15498, -11.30614
-11.66404, -12.37232
-10.64084, -10.03839
-8.23210, -9.53342
-8.95534, -7.82000
-10.64828, -7.55824
-13.05544, -8.06047
-14.68008, -7.20737
-16.24202, -8.84372
-0.84283, -13.42574
-2.07107, -12.05885
-3.96694, -13.41228
-2.31892, -15.22570
-3.70228, -16.41482
-5.06419, -17.62877
-3.17225, -18.71641
-1.21681, -17.75905
-8.83012, -13.65026
-9.92082, -11.80730
-10.63352, -13.82215
-13.19216, -14.72919
-9.49795, -16.75948
1.35582, -17.80836
-0.16680, -16.32897
0.69739, -14.45140
