1.726 -0.870
-0.375 1.468
-0.882 -0.912
1.471 0.915
-2.224 0.231
1.945 -2.696
0.720 3.034
-3.121 -1.884
3.394 -0.250
-2.186 3.244
-0.551 -3.413
2.966 2.190
-4.009 -0.040
3.761 -2.642
-0.297 4.836
-2.297 -3.509
4.796 0.941
-5.116 3.006
1.566 -5.132
2.779 4.678
-4.980 -1.524
5.694 -2.225
-2.039 5.049
-1.317 -6.078
5.555 3.157
-6.051 0.618
3.615 -4.379
1.084 5.948
-4.073 -4.014
6.595 0.304
-3.965 4.454
0.327 -6.874
4.508 5.192
-6.744 -1.040
5.928 -4.584
-1.223 6.628
-3.351 -6.652
7.142 2.259
-7.413 2.881
3.104 -7.662
2.660 7.679
-6.203 -4.146
7.492 -1.285
-3.995 6.471
-1.237 -8.028
6.291 5.399
-7.987 0.326
4.722 -5.879
0.540 8.220
-5.137 -6.599
8.330 0.842
-7.257 4.687
1.580 -8.613
4.354 7.195
-7.842 -2.447
7.431 -3.528
-3.247 8.075
-3.240 -8.465
7.580 4.110
-9.282 2.769
5.173 -7.652
1.369 9.850
-7.220 -5.795
9.757 -0.246
-6.298 7.249
-0.107 -9.403
7.216 6.947
-9.341 -0.981
7.641 -5.716
-1.333 9.088
-6.301 -8.344
9.968 1.616
-8.967 5.202
3.390 -9.998
4.960 9.897
-9.837 -4.486
10.081 -2.876
-4.772 9.061
-2.642 -10.579
8.856 6.149
-10.330 1.337
6.927 -8.295
-0.238 10.563
-8.073 -7.815
11.606 0.212
-7.948 8.061
1.732 -10.923
6.775 8.761
-11.595 -2.561
9.414 -5.624
-3.746 11.593
-4.818 -9.326
11.179 3.685
-11.075 4.351
5.082 -10.700
2.841 10.888
-8.962 -6.131
11.278 -1.538
-7.272 9.714
-1.379 -12.002
8.770 8.005
-11.837 0.382
8.814 -8.407
-1.561 11.907
-7.632 -9.584
11.933 2.048
-10.602 7.370
2.779 -12.835
6.441 11.273
-11.807 -4.410
11.092 -4.826
-5.566 11.536
-4.629 -12.111
10.661 6.238
-11.916 2.678
6.912 -10.245
2.005 12.474
-9.971 -8.047
12.978 -0.960
-9.393 9.185
0.510 -12.514
8.546 9.813
-13.001 -1.507
10.819 -6.824
-2.795 13.145
-7.205 -11.334
12.978 3.459
-12.545 6.282
4.583 -12.710
4.156 12.047
-12.599 -5.974
12.593 -3.967
-7.327 11.490
-2.216 -13.760
11.240 8.623
-14.270 1.614
8.788 -10.493
0.784 13.769
-9.947 -9.814
13.503 0.823
-11.820 8.707
1.521 -14.183
8.246 11.648
-14.189 -3.675
13.047 -6.451
-4.585 13.186
-6.342 -13.004
13.524 5.727
-13.478 4.096
6.576 -12.787
2.972 14.449
-12.592 -8.268
14.148 -2.387
-9.241 11.504
-0.994 -15.537
10.616 10.286
-15.333 -0.767
11.137 -8.753
-2.354 14.880
-9.399 -12.213
14.456 2.279
-13.467 7.856
4.400 -14.710
6.285 13.124
-14.375 -5.554
14.759 -5.794
-7.554 14.421
-4.074 -14.286
12.916 7.935
-15.588 2.767
9.831 -11.946
1.439 15.376
-11.749 -10.839
15.152 0.114
-10.767 10.421
1.377 -16.458
9.720 12.599
-15.783 -2.486
12.925 -9.116
-4.153 15.381
-7.989 -14.210
14.895 4.547
-15.144 6.484
6.914 -14.552
5.138 15.953
-14.329 -7.678
15.923 -3.608
-9.737 13.211
-2.785 -15.598
12.443 10.668
-16.372 0.763
11.418 -12.709
-1.101 16.296
-11.151 -12.605
16.290 1.521
-13.416 10.231
3.235 -16.577
8.760 15.093
-16.149 -5.208
14.404 -7.679
-5.789 14.829
-5.956 -15.075
15.547 7.086
-16.097 4.727
8.754 -13.890
3.458 16.575
-13.561 -10.853
17.400 -0.927
-11.854 12.475
-0.811 -17.551
11.236 13.521
-17.515 -1.923
14.056 -10.506
-3.178 16.964
-9.638 -14.920
16.641 3.943
-15.156 8.542
6.395 -16.228
7.098 15.850
-15.958 -6.983
16.837 -5.354
-9.213 15.281
-2.924 -17.325
14.943 11.091
-18.542 1.858
12.369 -14.281
0.409 17.287
-12.923 -12.997
18.411 0.726
-13.617 12.060
2.940 -18.369
10.692 15.478
-17.809 -4.130
15.688 -8.851
-4.944 17.354
-7.401 -16.218
17.623 7.397
-17.266 7.213
8.673 -15.733
5.135 18.082
-16.397 -10.094
17.413 -2.690
-10.944 14.740
-1.087 -19.376
13.746 12.483
-18.496 0.089
13.984 -12.847
-2.297 19.352
-11.833 -14.884
19.133 3.030
-16.757 9.748
5.372 -18.482
9.527 16.882
-18.642 -6.557
17.716 -6.834
-8.673 16.993
