1.930 -0.089
-0.942 1.187
-0.432 -1.192
0.969 1.436
-2.125 -0.698
2.876 -1.667
-0.582 3.063
-2.079 -2.994
3.200 1.158
-3.321 2.069
0.891 -3.341
1.813 3.210
-3.643 -1.673
4.512 -0.876
-2.246 4.293
-0.664 -4.141
3.994 2.818
-5.898 0.655
3.524 -4.045
0.626 5.405
-3.924 -3.424
6.106 0.294
-3.923 3.776
1.280 -6.086
3.782 5.150
-5.776 -1.907
5.088 -2.521
-1.439 5.872
-2.079 -5.327
5.896 2.970
-5.438 2.446
3.105 -6.141
1.995 6.580
-5.731 -3.703
7.283 -1.764
-3.823 5.551
-0.343 -7.441
5.597 4.979
-7.943 -0.397
5.962 -5.726
-0.708 8.095
-3.969 -6.318
7.363 1.886
-6.289 4.275
2.149 -7.833
3.538 7.497
-7.424 -2.964
6.711 -3.439
-2.863 7.724
-1.995 -8.122
7.260 4.170
-8.539 1.316
4.960 -7.217
1.036 8.346
-6.160 -5.436
8.224 -0.186
-6.262 6.045
0.499 -9.050
5.241 6.846
-9.604 -1.262
7.847 -4.873
-2.772 9.550
-4.225 -8.238
9.006 3.759
-8.709 4.046
3.742 -8.627
3.750 9.288
-8.126 -4.709
9.309 -2.098
-4.928 7.751
-2.344 -10.189
8.439 5.545
-10.310 1.087
7.178 -7.742
0.486 11.060
-7.148 -8.111
10.377 1.491
-8.056 6.322
1.908 -10.736
5.573 9.229
-9.975 -2.997
9.710 -4.744
-4.531 9.545
-4.178 -10.430
10.508 4.932
-10.546 4.113
6.041 -9.263
2.608 10.764
-9.538 -7.073
10.890 -1.290
-8.153 9.053
-0.590 -10.480
8.700 7.928
-11.886 -0.550
9.008 -7.693
-1.852 11.099
-5.677 -9.256
10.923 3.201
-10.604 5.898
3.642 -11.519
4.737 10.888
-10.961 -4.485
11.479 -4.075
-6.287 10.232
-3.053 -11.865
10.056 6.742
-12.688 2.399
7.778 -10.582
1.276 12.921
-8.977 -8.847
12.095 0.124
-9.791 8.257
0.720 -12.945
7.185 10.048
-11.971 -2.421
10.493 -6.529
-3.263 12.205
-5.816 -11.417
12.239 4.423
-12.324 4.549
5.576 -11.215
3.794 12.447
-11.253 -6.684
12.662 -1.811
-7.919 10.858
-1.949 -13.288
10.434 8.456
-14.017 0.612
9.374 -9.731
-1.126 12.694
-9.061 -10.598
13.115 1.521
-11.380 7.497
3.596 -13.465
6.739 12.461
-13.685 -4.354
12.307 -5.990
-4.907 12.889
-5.072 -13.020
11.990 6.265
-14.345 3.121
7.179 -12.326
2.771 14.000
-11.452 -9.149
14.544 -0.561
-9.569 10.164
-0.479 -14.460
10.007 10.750
-13.975 -1.765
11.224 -8.987
-3.187 14.403
-8.119 -12.689
13.890 3.598
-13.133 6.728
5.437 -14.589
5.491 13.724
-13.684 -6.961
13.740 -3.443
-8.225 12.622
-3.593 -14.987
12.265 7.984
-15.501 1.672
10.023 -11.631
0.378 14.547
-10.854 -10.940
15.838 0.738
-12.784 10.079
2.115 -14.704
8.550 12.517
-15.359 -3.840
13.852 -6.891
-4.965 14.623
-6.299 -14.692
13.785 6.291
-14.084 5.116
7.978 -14.461
3.728 15.470
-13.392 -8.713
15.521 -3.044
-10.072 12.344
-1.491 -16.234
11.740 10.233
-16.471 -0.265
12.253 -10.460
-1.824 16.660
-9.945 -12.860
16.009 3.208
-14.283 8.083
3.827 -15.375
7.003 14.819
-15.257 -5.989
15.612 -6.939
-7.659 14.426
-5.032 -16.060
14.249 8.040
-16.424 3.862
9.722 -13.811
1.834 17.354
-12.615 -11.348
16.285 -1.128
-11.340 11.172
0.719 -16.193
11.298 12.816
-16.624 -2.258
13.662 -9.105
-3.612 16.542
-7.947 -15.444
16.262 6.258
-15.915 6.547
6.426 -16.352
4.735 16.930
-15.203 -8.907
17.120 -3.850
-9.828 14.188
-2.705 -17.555
13.581 10.395
-17.323 1.609
12.464 -12.202
0.008 17.367
-11.715 -12.891
17.555 1.988
-14.649 10.187
4.405 -17.008
9.112 16.226
-17.684 -5.876
17.122 -7.986
-6.686 15.947
-6.490 -17.141
16.510 8.181
-17.354 5.449
10.184 -15.567
3.440 18.494
-14.570 -11.042
17.935 -1.673
-11.599 13.822
-0.134 -17.826
13.066 13.948
-18.706 -0.466
14.341 -10.820
-2.696 18.602
-10.846 -15.910
16.994 4.655
-16.009 8.986
6.919 -18.131
7.450 17.008
-16.920 -7.471
18.011 -6.017
-9.998 16.727
-4.724 -18.418
16.228 10.579
-19.277 2.056
12.451 -14.677
1.803 19.300
-14.339 -13.597
18.962 0.996
-14.855 11.970
