-1.931 0.072
0.952 -1.178
0.422 1.196
-0.956 -1.444
2.118 0.716
-2.891 1.642
0.608 -3.058
2.053 3.012
-3.190 -1.186
3.338 -2.040
-0.920 3.333
-1.785 -3.225
3.628 1.705
-4.519 0.836
2.283 -4.273
0.628 4.147
-3.969 -2.852
5.903 -0.603
-3.560 4.014
-0.579 -5.410
3.894 3.458
-6.103 -0.347
3.955 -3.742
-1.333 6.074
-3.737 -5.183
5.759 1.957
-5.110 2.477
1.490 -5.859
2.032 5.345
-5.870 -3.022
5.459 -2.399
-3.158 6.114
-1.938 -6.597
5.698 3.753
-7.298 1.700
3.871 -5.517
0.278 7.444
-5.554 -5.027
7.940 0.466
-6.012 5.674
0.778 -8.089
3.914 6.352
-7.347 -1.950
6.326 -4.220
-2.217 7.814
-3.473 -7.527
7.398 3.028
-6.741 3.380
2.930 -7.699
1.924 8.139
-7.223 -4.233
8.550 -1.241
-5.022 7.173
-0.964 -8.354
6.112 5.489
-8.225 0.114
6.314 -5.990
-0.578 9.045
-5.181 -6.892
9.592 1.346
-7.889 4.804
2.856 -9.526
4.153 8.275
-8.973 -3.838
8.744 -3.970
-3.817 8.594
-3.669 -9.321
8.085 4.780
-9.327 2.017
4.995 -7.708
2.255 10.209
-8.390 -5.619
10.319 -0.997
-7.245 7.679
-0.390 -11.064
7.077 8.173
-10.363 -1.581
8.111 -6.252
-2.002 10.718
-5.493 -9.278
9.949 3.084
-9.751 4.659
4.614 -9.505
4.087 10.466
-10.464 -5.024
10.582 -4.021
-6.122 9.210
-2.514 -10.786
9.476 7.156
-10.900 1.195
8.232 -8.981
0.498 10.485
-8.630 -8.004
11.881 0.654
-9.075 7.614
1.949 -11.083
5.596 9.305
-10.894 -3.296
10.655 -5.805
-3.742 11.486
-4.642 -10.929
10.921 4.580
-11.514 3.975
6.376 -10.176
2.949 11.891
-9.997 -6.830
12.708 -2.288
-7.870 10.513
-1.163 -12.931
8.900 8.925
-12.094 -0.229
9.863 -8.171
-0.833 12.938
-7.097 -10.110
11.950 2.526
-10.549 6.438
3.369 -12.176
5.716 11.467
-12.199 -4.530
12.364 -4.441
-5.673 11.166
-3.685 -12.479
11.194 6.782
-12.677 1.701
8.013 -10.788
1.833 13.305
-10.360 -8.547
14.022 -0.489
-9.458 9.649
1.236 -12.684
8.968 10.676
-13.101 -1.635
11.445 -7.397
-3.713 13.433
-6.630 -12.519
13.646 4.473
-12.358 5.882
5.019 -12.846
4.958 13.064
-11.935 -6.369
14.372 -2.996
-7.287 12.263
-2.649 -14.024
11.372 9.248
-14.549 0.434
9.657 -10.080
0.353 14.463
-9.912 -10.837
13.959 1.887
-11.302 8.889
3.313 -14.375
8.008 12.759
-13.858 -3.719
13.191 -6.613
-5.564 14.541
-5.371 -13.771
13.622 7.080
-13.770 3.323
8.335 -12.549
3.462 15.017
-12.195 -8.090
15.515 -1.537
-10.124 11.544
-0.251 -14.549
10.759 11.034
-15.831 -0.876
12.872 -9.968
-2.243 14.685
-8.441 -12.591
15.325 3.973
-13.911 6.770
5.092 -14.579
6.171 14.746
-13.729 -6.411
14.128 -4.993
-8.103 14.390
-3.593 -15.502
13.315 8.830
-15.547 2.908
10.179 -12.256
1.349 16.246
-11.650 -10.335
16.468 0.409
-12.344 10.353
1.970 -16.644
9.833 12.946
-15.980 -3.348
14.353 -7.958
-3.961 15.341
-6.873 -14.880
15.204 6.122
-15.672 6.803
7.784 -14.359
4.892 16.103
-14.178 -8.164
16.457 -3.718
-9.842 13.726
-1.682 -17.369
12.515 11.458
-16.294 0.986
11.437 -11.073
-0.860 16.186
-11.186 -12.914
16.604 2.403
-13.741 8.985
3.756 -16.510
7.812 15.513
-16.207 -6.400
15.972 -6.408
-6.569 16.296
-4.587 -16.971
15.125 9.040
-17.153 3.701
9.951 -14.102
2.552 17.578
-13.489 -10.513
17.336 -1.458
-12.570 12.093
0.144 -17.366
11.603 12.993
-17.537 -2.141
14.738 -10.059
-4.553 16.969
-8.970 -16.305
17.633 6.030
-17.191 7.836
6.825 -15.888
6.340 17.197
-16.438 -8.324
17.401 -5.297
-10.319 15.478
-3.278 -18.524
14.473 11.169
-17.949 1.517
11.719 -13.721
-0.022 17.827
-12.944 -14.062
18.701 0.629
-14.435 10.694
2.859 -18.578
10.707 16.004
-16.953 -4.803
16.087 -8.846
-7.077 18.070
-7.302 -17.072
16.854 7.618
-18.063 5.860
10.144 -16.639
4.563 18.458
-16.135 -10.720
19.294 -1.887
-12.578 14.568
-1.635 -19.315
14.220 13.722
-18.953 -1.161
14.959 -11.840
