-1.057 1.618
-0.412 -1.458
1.220 0.347
-1.731 -0.054
1.809 -1.315
-0.330 3.308
-2.144 -2.264
3.644 0.065
-2.811 1.918
0.264 -3.903
2.188 2.677
-3.664 -0.407
3.488 -1.976
-1.929 4.172
-2.168 -4.332
3.747 1.884
-4.621 1.591
2.919 -5.166
1.219 5.225
-4.750 -2.654
5.073 -1.180
-3.810 4.780
-0.768 -5.390
4.187 4.598
-6.389 0.055
4.925 -3.570
-0.931 5.601
-3.921 -4.602
5.536 1.430
-5.858 3.044
1.197 -5.842
3.165 6.111
-6.504 -2.231
6.356 -2.482
-2.830 6.939
-2.266 -6.348
6.235 4.075
-7.312 1.628
4.968 -6.210
1.157 8.185
-6.152 -5.309
7.446 0.477
-5.837 4.869
0.211 -7.601
5.096 6.325
-8.150 -1.516
6.747 -4.288
-1.136 7.455
-4.590 -6.840
7.754 3.133
-7.629 3.449
3.928 -7.695
2.952 8.244
-7.375 -4.041
8.012 -1.816
-4.660 6.779
-1.240 -8.615
7.048 5.699
-8.619 0.246
6.641 -7.051
-0.638 9.215
-6.124 -7.835
9.153 1.392
-8.318 5.106
1.813 -9.430
4.808 8.081
-9.727 -2.391
8.573 -3.836
-3.744 8.777
-3.404 -8.531
9.635 4.059
-9.434 3.601
5.149 -8.998
2.081 10.350
-9.255 -6.075
10.760 -1.052
-7.279 7.544
-0.415 -10.232
7.591 7.828
-10.746 -0.878
8.266 -6.337
-1.833 10.650
-5.091 -9.258
10.903 2.713
-10.147 5.637
2.833 -10.960
3.979 10.318
-10.255 -4.181
11.316 -3.599
-5.324 9.587
-2.573 -11.908
8.845 5.652
-11.519 2.418
7.399 -9.319
0.970 11.806
-7.919 -7.995
10.828 0.810
-8.986 6.986
1.419 -12.051
7.212 9.691
-11.602 -2.527
10.049 -6.266
-3.410 11.694
-4.621 -11.084
11.409 4.465
-11.351 4.213
5.476 -11.694
4.033 12.498
-11.226 -6.523
12.427 -2.106
-7.176 9.738
-0.970 -12.772
10.078 8.156
-12.352 -0.050
8.967 -8.293
-0.842 12.330
-7.990 -9.786
12.662 1.961
-10.747 7.339
3.520 -12.657
5.835 11.083
-12.315 -4.204
12.004 -5.217
-5.938 11.329
-4.174 -12.774
11.918 6.192
-12.962 3.516
7.703 -11.726
2.409 13.295
-9.637 -8.338
13.896 -1.150
-8.905 9.748
0.576 -13.615
8.818 10.793
-14.049 -1.823
11.536 -8.552
-2.341 13.485
-7.583 -11.519
13.527 3.502
-12.095 6.060
5.860 -13.461
5.798 13.033
-12.976 -5.942
14.119 -3.937
-8.052 12.125
-2.646 -13.707
12.008 8.070
-14.573 1.827
9.606 -10.303
0.723 14.360
-9.818 -11.010
15.041 0.838
-11.043 9.161
2.226 -14.587
8.652 12.944
-14.343 -3.574
13.650 -7.026
-5.245 13.158
-5.426 -14.054
14.257 5.853
-13.650 5.278
7.711 -13.550
3.571 14.933
-12.019 -8.202
15.223 -2.404
-9.863 12.414
-0.697 -16.265
10.689 10.317
-15.154 -0.387
12.098 -10.211
-2.514 15.266
-8.956 -12.580
15.601 3.485
-13.166 7.500
4.089 -14.415
7.062 14.929
-14.728 -6.025
14.901 -5.765
-6.611 14.369
-4.120 -15.390
14.038 8.287
-15.167 3.536
9.850 -13.204
1.316 16.056
-12.445 -11.225
16.248 -0.544
-11.966 11.107
1.799 -16.313
10.232 12.098
-16.116 -2.989
13.782 -8.871
-3.504 16.722
-7.220 -14.650
15.969 5.313
-14.856 6.854
6.475 -15.580
5.515 15.964
-15.148 -8.664
16.583 -3.593
-8.611 13.868
-2.428 -15.732
12.713 10.055
-17.004 1.667
11.556 -12.162
-0.607 16.407
-11.304 -12.606
17.175 2.589
-14.589 9.529
3.999 -16.738
9.504 14.778
-16.501 -6.063
16.118 -7.120
-6.892 16.138
-5.758 -16.270
15.820 8.075
-16.375 4.934
8.828 -14.991
2.606 17.247
-14.090 -10.152
17.308 -1.961
-11.881 13.076
0.307 -17.841
11.218 13.522
-18.490 -2.101
15.110 -10.906
-3.539 18.559
-9.023 -14.751
17.699 4.763
-16.293 8.605
5.732 -17.263
6.669 17.366
-17.012 -8.029
17.479 -5.359
-9.134 15.525
-4.426 -17.493
14.536 10.319
-18.956 2.438
11.320 -14.899
0.387 17.960
-13.510 -13.069
19.249 0.510
-13.716 11.060
2.076 -18.241
10.658 16.218
-18.153 -3.906
15.957 -9.353
-5.655 18.128
-7.718 -17.894
17.701 6.942
-18.073 6.974
9.609 -16.837
4.621 18.684
-16.709 -9.827
19.416 -3.676
-11.900 14.797
-1.019 -19.051
