1.776 0.763
-1.365 0.656
0.132 -1.261
0.244 1.715
-1.607 -1.556
3.316 -0.243
-1.861 2.502
-0.563 -3.601
2.373 2.440
-3.891 0.411
2.260 -2.616
0.229 3.679
-2.546 -3.096
4.441 1.183
-3.895 2.881
1.212 -4.016
2.362 4.279
-5.591 -1.987
4.937 -2.099
-1.798 5.136
-2.034 -4.794
5.364 2.932
-5.178 1.683
3.810 -4.915
1.152 6.284
-4.363 -4.238
5.678 -0.045
-3.859 4.653
0.457 -5.700
4.006 5.247
-5.961 -0.175
5.476 -4.168
-1.080 6.791
-3.538 -5.835
7.322 1.595
-5.863 3.323
2.942 -6.843
2.860 6.924
-6.972 -3.827
7.864 -2.547
-4.173 6.973
-0.811 -7.417
5.800 4.913
-7.524 1.099
5.354 -6.107
-0.092 8.289
-5.384 -5.909
7.539 -0.162
-5.949 5.698
1.753 -8.177
4.709 6.922
-8.256 -2.546
7.614 -4.325
-2.713 7.960
-3.167 -7.580
7.479 3.425
-8.273 2.703
4.402 -7.923
1.724 8.448
-8.088 -5.330
9.187 -0.956
-6.665 7.380
-0.202 -9.256
6.460 7.316
-9.602 -0.165
7.134 -6.126
-0.683 9.993
-5.253 -7.786
9.290 2.179
-7.819 4.820
2.342 -10.190
5.169 8.675
-9.749 -3.525
9.838 -3.829
-4.394 10.162
-2.887 -10.419
8.683 5.874
-10.008 2.168
6.406 -8.824
0.982 10.737
-7.664 -7.053
10.807 -0.026
-8.245 6.607
0.798 -11.207
7.298 9.027
-11.284 -0.907
9.481 -5.694
-2.356 10.821
-5.491 -10.529
10.359 3.596
-11.288 4.582
4.047 -9.685
4.363 10.932
-10.452 -5.687
11.463 -2.985
-6.514 9.175
-1.064 -10.806
8.427 7.651
-12.115 0.674
8.307 -8.771
-0.494 11.864
-7.901 -8.822
12.106 1.348
-10.125 6.458
2.437 -12.007
6.101 10.458
-12.461 -3.384
11.619 -6.121
-4.496 12.180
-4.211 -11.879
10.827 5.395
-12.415 3.151
6.302 -11.331
2.074 12.177
-9.711 -7.407
12.291 -1.290
-8.266 9.554
-0.245 -12.810
9.077 9.325
-13.073 -1.291
9.914 -7.653
-2.024 12.854
-7.203 -10.928
12.181 3.901
-11.866 6.308
4.051 -12.805
5.692 12.165
-12.876 -5.572
12.683 -4.659
-6.557 10.927
-3.522 -13.491
11.133 7.096
-13.512 1.773
9.116 -10.542
0.619 14.153
-10.408 -9.894
13.687 -0.013
-10.044 9.451
1.124 -13.928
8.049 10.873
-14.268 -3.459
11.842 -7.952
-3.623 13.805
-6.306 -13.232
13.329 5.848
-13.048 4.964
5.885 -13.217
4.306 14.042
-11.801 -7.692
14.022 -3.181
-9.158 11.564
-1.761 -14.961
10.923 9.303
-14.753 0.316
11.263 -10.749
-1.055 14.744
-9.268 -12.239
13.864 2.905
-12.912 7.761
3.314 -15.051
7.546 12.539
-14.674 -5.266
14.097 -6.085
-6.014 13.251
-4.985 -14.582
13.925 7.582
-15.903 3.483
8.325 -12.304
2.224 14.995
-12.139 -10.163
15.470 -0.148
-10.853 10.986
0.751 -15.968
9.652 11.680
-14.904 -1.550
13.493 -9.524
-3.403 15.544
-8.241 -13.688
15.292 4.042
-14.452 6.705
5.750 -15.254
6.091 14.333
-14.701 -7.433
15.591 -4.057
-8.918 14.190
-3.329 -15.912
12.999 9.879
-16.379 1.032
10.159 -12.159
-0.174 16.389
-11.108 -12.052
17.075 0.577
-13.191 9.632
2.488 -16.645
9.306 13.456
-16.461 -3.700
14.778 -8.177
-5.931 16.412
-6.391 -15.719
15.142 6.098
-15.081 5.097
7.720 -14.253
4.565 16.464
-13.968 -9.293
16.267 -2.223
-10.475 13.303
-0.403 -17.364
11.895 12.733
-17.176 -1.062
12.924 -11.903
-3.136 17.298
-9.785 -14.654
17.083 4.014
-15.038 8.470
5.234 -16.973
7.676 15.283
-16.285 -6.119
16.542 -5.532
-7.579 15.626
-4.908 -16.713
14.924 9.456
-17.628 2.765
11.392 -13.376
1.109 18.576
-13.342 -13.010
18.891 0.295
-12.980 11.425
1.649 -18.254
11.278 14.570
-17.991 -2.679
15.961 -9.555
-4.984 18.139
-8.284 -16.297
16.864 6.329
-16.472 7.368
7.666 -16.094
5.661 18.255
-16.624 -8.590
17.626 -3.469
-10.551 15.556
-2.807 -19.050
13.254 11.610
-18.327 1.091
14.144 -13.288
-0.727 18.554
-11.957 -14.111
18.830 2.454
-16.300 10.680
3.796 -18.631
9.977 16.605
-18.239 -6.571
17.611 -7.765
-6.808 18.150
-6.960 -18.495
16.622 9.178
-18.592 4.279
