-1.167 1.540
-0.309 -1.483
1.193 0.431
-1.723 -0.175
1.896 -1.186
-0.560 3.277
-1.981 -2.408
3.631 0.319
-2.938 1.717
0.536 -3.875
1.996 2.823
-3.627 -0.662
3.617 -1.728
-2.215 4.027
-1.861 -4.473
3.607 2.141
-4.721 1.265
3.272 -4.950
0.852 5.297
-4.553 -2.979
5.143 -0.823
-4.134 4.503
-0.390 -5.431
3.856 4.879
-6.377 -0.391
5.162 -3.217
-1.320 5.523
-3.590 -4.864
5.423 1.813
-6.056 2.628
1.602 -5.744
2.731 6.317
-6.333 -2.679
6.514 -2.033
-3.307 6.724
-1.818 -6.490
5.936 4.500
-7.408 1.113
5.390 -5.849
0.583 8.246
-5.767 -5.726
7.394 0.995
-6.162 4.450
0.741 -7.568
4.642 6.665
-8.024 -2.080
7.029 -3.807
-1.654 7.357
-4.102 -7.144
7.517 3.666
-7.851 2.909
4.455 -7.402
2.370 8.430
-7.075 -4.546
8.119 -1.253
-5.122 6.437
-0.636 -8.680
6.633 6.177
-8.615 -0.356
7.117 -6.570
-1.279 9.148
-5.563 -8.243
9.034 2.028
-8.653 4.513
2.466 -9.281
4.233 8.397
-9.537 -3.064
8.820 -3.228
-4.347 8.495
-2.801 -8.748
9.329 4.721
-9.662 2.934
5.764 -8.617
1.354 10.470
-8.809 -6.706
10.807 -0.299
-7.788 7.018
0.299 -10.236
7.026 8.338
-10.658 -1.626
8.688 -5.745
-2.571 10.497
-4.433 -9.590
10.688 3.467
-10.515 4.916
3.591 -10.735
3.250 10.571
-9.939 -4.887
11.539 -2.801
-5.979 9.192
-1.736 -12.059
8.429 6.255
-11.660 1.609
8.031 -8.780
0.144 11.845
-7.342 -8.528
10.745 1.563
-9.451 6.342
2.256 -11.923
6.519 10.171
-11.397 -3.330
10.462 -5.550
-4.217 11.427
-3.836 -11.380
11.070 5.250
-11.617 3.411
6.278 -11.283
3.151 12.749
-10.744 -7.290
12.543 -1.234
-7.837 9.214
-0.076 -12.808
9.485 8.839
-12.318 -0.912
9.523 -7.647
-1.700 12.241
-7.288 -10.319
12.494 2.839
-11.232 6.571
4.394 -12.380
5.048 11.463
-11.991 -5.052
12.338 -4.367
-6.713 10.887
-3.273 -13.034
11.457 7.008
-13.176 2.603
8.502 -11.160
1.476 13.431
-9.032 -8.990
13.942 -0.178
-9.563 9.103
1.525 -13.542
8.043 11.382
-13.887 -2.799
12.105 -7.727
-3.276 13.289
-6.761 -12.020
13.250 4.437
-12.488 5.202
6.785 -13.019
4.874 13.406
-12.530 -6.833
14.359 -2.942
-8.879 11.534
-1.684 -13.858
11.416 8.888
-14.665 0.806
10.302 -9.607
-0.280 14.376
-9.026 -11.668
14.946 1.885
-11.655 8.368
3.238 -14.397
7.729 13.516
-14.059 -4.566
14.107 -6.057
-6.150 12.760
-4.432 -14.398
13.814 6.833
-13.985 4.313
8.637 -12.979
2.521 15.146
-11.418 -9.021
15.353 -1.336
-10.705 11.696
0.439 -16.274
9.944 11.037
-15.090 -1.443
12.781 -9.342
-3.572 15.053
-8.057 -13.175
15.320 4.565
-13.657 6.564
5.085 -14.095
6.003 15.385
-14.272 -7.038
15.267 -4.711
-7.597 13.873
-3.037 -15.640
13.426 9.246
-15.376 2.470
10.747 -12.485
0.193 16.109
-11.632 -12.066
16.246 0.591
-12.712 10.246
2.933 -16.147
9.363 12.782
-15.868 -4.106
14.367 -7.888
-4.662 16.437
-6.181 -15.118
15.559 6.414
-15.298 5.801
7.546 -15.090
4.388 16.310
-14.507 -9.700
16.794 -2.428
-9.557 13.233
-1.325 -15.863
11.981 10.918
-17.079 0.476
12.376 -11.327
-1.750 16.325
-10.397 -13.364
16.953 3.780
-15.218 8.488
5.157 -16.418
8.450 15.405
-16.038 -7.199
16.575 -5.979
-8.001 15.618
-4.609 -16.632
15.219 9.159
-16.679 3.780
9.852 -14.339
1.396 17.386
-13.347 -11.111
17.403 -0.749
-12.764 12.215
1.550 -17.776
10.248 14.272
-18.298 -3.386
15.834 -9.826
-4.825 18.267
-7.972 -15.344
17.323 5.986
-16.853 7.448
6.922 -16.821
5.441 17.789
-16.411 -9.196
17.810 -4.126
-10.195 14.850
-3.195 -17.759
13.781 11.308
-19.080 1.110
12.332 -14.073
-0.867 17.944
-12.566 -13.979
19.166 1.851
-14.454 10.077
3.344 -18.052
9.501 16.922
-17.836 -5.163
16.571 -8.217
-6.906 17.689
-6.451 -18.389
17.174 8.160
-18.515 5.696
10.760 -16.126
3.307 18.961
-15.983 -10.969
19.625 -2.313
-12.903 13.931
0.312 -19.075
