-1.522 -1.191
1.488 -0.286
-0.450 1.186
0.202 -1.720
1.156 1.914
-3.268 -0.612
2.439 -1.943
-0.376 3.626
-1.671 -2.965
3.866 0.597
-2.854 1.952
0.718 -3.616
1.671 3.644
-3.992 -2.278
4.502 -1.790
-2.197 3.573
-1.190 -4.740
4.898 3.350
-5.310 0.768
3.050 -4.506
0.742 5.155
-4.438 -4.205
5.436 -0.305
-4.939 3.779
0.491 -6.370
3.136 5.212
-5.501 -1.407
4.920 -3.513
-1.898 5.394
-2.533 -6.097
5.718 1.692
-6.359 2.631
2.778 -6.290
1.930 6.545
-6.672 -3.412
6.518 -1.715
-4.592 5.865
-0.997 -7.425
5.763 5.481
-8.254 0.454
5.816 -5.676
-1.111 7.378
-4.353 -6.232
7.556 0.859
-6.737 4.537
2.206 -7.991
3.696 7.088
-7.330 -1.769
7.207 -3.989
-3.784 7.458
-2.785 -7.895
7.331 4.571
-8.466 2.237
4.656 -7.003
1.125 8.138
-6.356 -5.222
8.689 -0.500
-6.280 6.535
0.491 -8.608
6.458 7.219
-9.126 -1.423
8.330 -5.433
-2.169 9.001
-4.377 -8.723
9.241 2.612
-8.462 4.100
3.214 -9.487
3.090 8.869
-8.426 -4.480
8.791 -2.663
-4.867 9.253
-2.782 -9.707
8.525 5.899
-10.490 1.189
6.844 -8.702
0.129 10.810
-6.895 -7.897
10.230 0.460
-8.447 6.895
1.793 -10.632
5.608 8.777
-10.455 -2.736
9.659 -4.282
-3.634 10.632
-4.750 -10.591
10.678 3.759
-10.621 3.083
5.042 -9.861
2.619 11.582
-9.097 -6.123
12.084 -1.546
-6.387 8.330
-1.425 -11.684
8.653 8.168
-11.846 -0.042
8.642 -7.207
-1.732 10.719
-6.193 -9.550
11.886 2.443
-10.272 6.358
3.509 -11.344
5.385 10.548
-11.360 -4.396
11.438 -3.657
-5.423 10.986
-3.228 -11.669
11.183 6.455
-12.797 2.950
7.458 -10.628
1.037 12.561
-9.089 -7.981
12.808 0.125
-8.987 9.345
1.105 -12.303
7.497 9.642
-12.213 -1.892
10.433 -7.125
-3.035 12.448
-6.394 -11.334
12.310 4.588
-11.541 4.867
5.240 -11.910
4.173 12.405
-10.781 -6.884
13.084 -3.068
-7.187 11.345
-2.396 -13.215
11.026 8.677
-13.452 1.265
9.131 -8.890
-0.041 13.943
-8.951 -9.705
13.516 1.737
-11.507 7.863
3.017 -13.842
7.536 12.225
-13.236 -3.484
12.125 -6.572
-4.645 13.178
-5.005 -12.568
12.911 6.988
-13.481 4.663
7.029 -12.421
2.716 14.404
-11.393 -9.059
13.883 -1.466
-9.066 11.275
-0.576 -14.676
9.444 10.451
-14.370 -0.506
11.808 -8.841
-2.119 14.914
-8.184 -11.785
14.344 3.463
-13.635 7.515
4.786 -13.985
5.835 14.200
-12.662 -6.350
14.466 -4.206
-7.049 13.705
-4.093 -14.051
12.842 8.840
-15.184 2.282
9.199 -11.275
1.095 15.372
-11.526 -10.887
16.265 0.695
-11.192 9.769
1.680 -15.065
9.140 12.926
-14.995 -3.808
13.299 -7.849
-4.805 15.246
-6.348 -13.758
14.013 5.305
-15.478 5.761
7.261 -14.159
4.471 15.339
-13.752 -7.814
15.685 -2.791
-9.456 13.279
-2.228 -15.413
12.315 10.942
-16.110 -0.060
12.247 -11.441
-0.846 16.235
-10.045 -12.871
16.099 3.186
-12.928 9.161
4.355 -15.801
7.661 14.489
-16.361 -4.920
15.214 -5.942
-6.658 15.457
-5.560 -15.387
14.970 7.783
-16.377 4.131
9.926 -14.353
2.164 16.830
-13.081 -9.764
15.882 -1.075
-11.104 11.808
-0.208 -17.084
11.131 12.552
-16.295 -2.006
13.525 -10.186
-4.046 16.891
-8.248 -15.349
16.335 5.415
-15.535 8.207
7.450 -15.923
5.718 16.667
-15.490 -8.245
16.703 -4.348
-9.396 15.073
-3.517 -16.737
14.182 10.076
-17.406 1.123
11.319 -13.171
0.476 17.413
-12.013 -12.955
17.749 1.829
-14.431 10.022
3.673 -18.243
9.576 15.987
-18.189 -5.111
15.468 -7.730
-6.257 17.227
-7.182 -16.968
16.710 7.186
-17.872 5.161
9.452 -16.264
3.846 17.873
-14.688 -10.427
17.807 -2.916
-11.523 13.602
-0.810 -19.095
13.878 12.551
-17.928 -1.149
14.175 -12.345
-2.152 19.135
-9.848 -14.611
17.997 3.627
-17.069 9.234
5.442 -17.753
7.956 16.698
-17.578 -7.183
18.488 -6.161
-8.429 17.044
-5.405 -18.603
15.955 11.012
-19.010 3.009
11.219 -15.808
2.004 19.659
-13.726 -13.120
19.068 0.612
