1.484 -1.238
-0.033 1.514
-1.065 -0.688
1.640 0.558
-2.114 0.729
1.283 -3.067
1.389 2.792
-3.466 -1.127
3.249 -1.013
-1.394 3.655
-1.310 -3.199
3.385 1.460
-3.913 0.870
3.064 -3.425
0.807 4.777
-3.033 -2.897
4.885 -0.170
-4.302 4.087
0.362 -5.353
3.767 3.927
-5.196 -0.355
5.041 -3.458
-0.841 5.379
-2.660 -5.621
6.126 1.816
-5.754 1.974
2.528 -5.084
2.404 5.547
-4.876 -2.986
6.492 -1.198
-2.853 5.237
-1.240 -6.769
5.568 4.035
-6.804 0.515
4.735 -5.808
0.311 6.733
-4.772 -5.720
7.469 0.582
-6.567 4.486
1.287 -8.166
4.331 6.876
-6.981 -2.633
7.006 -2.950
-2.424 7.208
-3.024 -7.538
7.351 3.832
-7.705 2.128
3.266 -6.797
2.389 7.883
-6.499 -5.263
8.304 -1.068
-6.006 6.210
-0.413 -8.747
5.871 6.021
-8.193 -0.606
6.438 -5.120
-1.333 8.601
-5.074 -7.511
8.314 2.285
-8.413 4.801
3.304 -8.625
3.566 9.283
-8.346 -4.008
9.447 -2.451
-4.491 8.488
-2.236 -9.134
8.603 5.131
-9.320 1.162
6.146 -7.299
0.761 9.154
-8.028 -6.699
10.075 -0.685
-7.555 7.099
1.036 -10.506
7.074 8.516
-10.597 -2.140
9.167 -5.086
-2.594 9.906
-4.971 -9.705
10.020 3.982
-9.758 3.644
4.866 -9.649
2.162 10.342
-9.634 -5.782
11.352 -2.424
-5.914 9.652
-0.788 -11.031
8.585 6.997
-11.874 0.133
7.894 -7.611
-1.021 12.140
-6.806 -7.991
11.723 1.055
-9.801 6.748
2.524 -11.574
5.235 9.961
-10.118 -3.940
10.636 -4.054
-4.881 11.109
-4.064 -11.377
10.356 5.808
-11.442 3.055
6.679 -10.186
1.178 11.951
-9.605 -7.605
12.087 -0.710
-8.656 9.582
-0.202 -13.131
8.828 9.520
-12.499 -1.619
9.709 -7.214
-2.807 12.497
-7.253 -10.746
11.798 3.659
-10.999 5.309
4.410 -11.545
4.780 11.694
-11.535 -5.577
12.423 -3.876
-7.066 11.075
-2.340 -12.304
10.547 7.620
-13.005 1.479
8.990 -9.098
0.257 13.436
-9.587 -9.406
13.424 0.427
-10.795 8.962
1.583 -13.418
6.778 10.792
-13.625 -2.963
11.366 -6.718
-4.532 12.852
-5.277 -12.900
12.902 5.851
-13.533 4.806
6.181 -12.212
3.884 13.233
-11.912 -7.304
13.338 -2.259
-9.539 11.159
-1.734 -14.159
10.672 9.476
-14.653 -0.363
11.245 -9.241
-1.477 13.882
-9.124 -11.228
14.470 2.513
-12.199 7.044
3.507 -13.944
6.170 13.399
-14.139 -5.199
13.239 -5.532
-6.393 13.299
-4.490 -14.908
12.671 7.612
-15.108 2.728
8.863 -11.049
1.080 15.026
-11.922 -9.765
14.597 -1.056
-11.336 10.704
0.951 -15.325
9.096 11.358
-15.260 -2.152
13.062 -8.988
-4.089 15.758
-7.206 -12.991
14.378 4.801
-14.555 6.228
6.867 -13.864
4.886 14.649
-13.900 -7.894
14.783 -3.323
-8.125 12.590
-2.389 -16.342
12.323 10.068
-15.935 1.156
10.523 -11.808
-0.559 15.922
-11.002 -12.029
15.538 1.053
-13.280 9.747
3.436 -15.740
8.620 14.373
-15.697 -4.230
14.691 -7.123
-6.490 15.074
-6.247 -14.561
14.537 7.570
-15.773 4.454
8.240 -14.967
2.621 16.121
-13.718 -9.750
16.210 -2.211
-10.748 13.006
-0.606 -16.879
11.953 12.714
-16.909 -1.412
12.289 -10.744
-2.278 15.755
-9.218 -13.333
16.748 3.378
-14.607 8.252
5.378 -15.512
7.124 15.360
-15.668 -7.497
16.737 -4.847
-8.718 14.837
-4.768 -16.910
14.008 10.622
-17.495 2.097
11.309 -13.418
0.750 17.243
-12.768 -12.347
17.102 0.069
-12.825 11.755
2.551 -17.255
10.506 13.828
-17.126 -3.185
15.185 -9.030
-5.509 16.972
-6.774 -16.211
17.068 7.416
-17.639 6.012
8.810 -16.713
4.316 16.744
-15.533 -9.729
18.097 -3.466
-10.529 14.833
-1.300 -18.557
13.921 12.652
-18.282 0.014
13.274 -12.176
-0.882 18.023
-10.884 -14.118
18.841 3.210
-15.181 10.939
4.881 -17.289
9.099 16.448
-18.259 -6.115
16.350 -6.567
-7.319 16.837
-5.451 -18.625
16.217 9.043
-17.994 4.279
10.708 -15.682
2.149 19.368
-14.898 -11.814
19.322 -1.385
-14.112 13.292
1.043 -19.219
13.105 14.283
-19.643 -2.161
15.706 -10.671
-4.595 18.516
