-1.649 -1.008
1.445 -0.455
-0.310 1.230
0.003 -1.732
1.368 1.769
-3.316 -0.232
2.199 -2.210
0.044 3.645
-2.001 -2.753
3.909 0.149
-2.610 2.267
0.298 -3.674
2.079 3.428
-4.227 -1.804
4.266 -2.296
-1.772 3.802
-1.727 -4.572
5.251 2.764
-5.186 1.374
2.512 -4.827
1.330 5.036
-4.891 -3.667
5.365 -0.928
-4.472 4.322
-0.244 -6.385
3.714 4.817
-5.627 -0.765
4.484 -4.055
-1.265 5.576
-3.217 -5.765
5.875 1.023
-6.014 3.345
2.037 -6.567
2.669 6.279
-7.020 -2.623
6.277 -2.453
-3.888 6.354
-1.844 -7.261
6.355 4.782
-8.147 1.399
5.125 -6.307
-0.255 7.457
-5.040 -5.690
7.604 -0.015
-6.171 5.281
1.273 -8.191
4.486 6.616
-7.485 -0.915
6.701 -4.791
-2.902 7.843
-3.674 -7.523
7.808 3.698
-8.153 3.195
3.821 -7.492
2.053 7.955
-6.914 -4.457
8.574 -1.495
-5.487 7.214
-0.501 -8.608
7.245 6.429
-9.230 -0.364
7.650 -6.354
-1.120 9.190
-5.350 -8.162
9.480 1.532
-7.935 5.046
2.102 -9.794
4.088 8.455
-8.885 -3.482
8.426 -3.656
-3.771 9.752
-3.879 -9.323
9.146 4.880
-10.284 2.387
5.798 -9.431
1.371 10.724
-7.757 -7.052
10.215 -0.719
-7.599 7.820
0.559 -10.767
6.580 8.074
-10.700 -1.516
9.103 -5.363
-2.388 10.979
-5.936 -9.975
11.039 2.507
-10.196 4.284
3.875 -10.375
3.933 11.204
-9.741 -5.037
11.827 -2.925
-5.387 9.009
-2.759 -11.442
9.534 7.120
-11.772 1.320
7.757 -8.152
-0.488 10.847
-7.250 -8.774
12.088 1.061
-9.473 7.497
2.181 -11.672
6.562 9.859
-11.790 -3.061
10.942 -4.948
-4.124 11.537
-4.548 -11.221
11.851 5.127
-12.373 4.402
6.187 -11.415
2.474 12.359
-9.946 -6.884
12.737 -1.348
-7.854 10.316
-0.316 -12.348
8.555 8.717
-12.349 -0.476
9.545 -8.277
-1.585 12.714
-7.654 -10.524
12.756 3.143
-10.905 6.161
3.836 -12.434
5.571 11.844
-11.500 -5.599
12.644 -4.552
-5.836 12.096
-3.899 -12.852
11.950 7.352
-13.218 2.803
8.049 -9.880
1.562 13.856
-10.007 -8.612
13.626 0.172
-10.527 9.134
1.406 -14.097
8.891 11.277
-13.549 -1.940
11.289 -7.922
-3.099 13.625
-6.416 -11.910
13.629 5.458
-12.856 6.182
5.554 -13.147
4.354 13.996
-12.358 -7.689
13.622 -3.052
-7.710 12.242
-2.259 -14.512
10.583 9.296
-14.333 1.149
10.714 -10.140
-0.391 15.059
-9.484 -10.766
14.647 1.792
-12.681 9.033
3.147 -14.443
7.428 13.436
-13.308 -4.853
13.887 -5.840
-5.427 14.424
-5.681 -13.487
13.773 7.305
-14.821 4.012
7.842 -12.257
2.855 15.144
-12.701 -9.490
16.237 -1.179
-9.995 10.991
-0.063 -15.159
10.565 11.790
-15.333 -2.060
12.309 -9.325
-3.021 15.697
-7.888 -12.937
14.530 3.660
-14.713 7.502
5.586 -14.900
6.204 14.723
-14.559 -6.181
15.261 -4.575
-7.867 14.278
-3.984 -15.055
13.491 9.454
-16.010 1.792
10.851 -12.773
1.026 16.224
-11.458 -11.632
16.359 1.314
-11.789 10.586
2.510 -16.197
9.276 13.513
-16.818 -3.007
14.430 -7.652
-4.837 16.120
-7.292 -14.646
15.765 6.010
-15.793 5.986
8.211 -15.398
4.084 16.469
-14.117 -8.196
15.653 -2.894
-9.674 13.006
-2.170 -16.947
12.500 11.190
-16.418 -0.120
12.265 -11.673
-2.078 17.244
-9.957 -14.300
16.849 3.501
-14.489 9.938
5.571 -16.674
7.595 15.899
-16.335 -6.410
16.092 -6.239
-7.602 16.053
-5.418 -16.221
15.246 8.379
-17.162 3.116
9.730 -14.385
2.474 17.243
-13.422 -11.488
17.842 -0.223
-13.183 11.614
1.552 -18.544
11.350 14.780
-18.656 -2.987
14.477 -9.457
-4.236 17.832
-9.085 -16.030
17.425 5.217
-17.160 7.181
7.520 -17.243
5.875 17.312
-15.789 -8.669
17.354 -4.943
-9.883 14.836
-3.000 -18.876
15.229 10.873
-17.941 0.920
12.662 -13.892
0.062 19.255
-11.462 -13.382
18.295 1.534
-15.895 11.134
3.366 -18.261
9.822 15.673
-18.287 -5.115
17.657 -8.246
-6.414 17.900
-7.507 -17.858
17.115 9.105
-18.539 5.174
9.327 -16.993
4.250 19.299
-15.143 -11.455
19.012 -1.584
