-1.085 -1.599
1.504 0.183
-0.791 0.992
0.718 -1.576
0.515 2.176
-2.924 -1.581
2.916 -1.105
-1.466 3.337
-0.685 -3.334
3.499 1.750
-3.314 0.986
1.789 -3.223
0.477 3.980
-3.104 -3.389
4.834 -0.328
-3.184 2.730
0.316 -4.877
3.640 4.686
-5.290 -0.892
4.281 -3.358
-0.869 5.135
-2.940 -5.360
5.269 1.372
-5.858 2.088
2.415 -5.915
1.392 5.921
-4.808 -3.021
5.759 -1.841
-3.456 4.556
-0.548 -6.579
4.927 3.359
-6.859 0.561
4.568 -5.139
-0.163 6.821
-5.309 -5.289
6.730 0.359
-6.165 4.180
1.320 -7.374
3.812 6.980
-7.998 -2.091
7.272 -3.627
-3.313 6.685
-2.239 -7.264
6.931 3.128
-7.801 2.260
4.543 -6.934
1.352 7.879
-6.439 -3.925
8.082 -1.595
-5.883 5.944
-0.238 -8.369
5.583 6.593
-8.745 -0.458
6.574 -5.244
-1.416 8.092
-4.455 -6.915
8.426 2.180
-7.977 4.303
3.099 -8.046
3.942 8.848
-8.255 -4.145
9.592 -2.626
-4.817 7.907
-1.500 -9.644
8.000 5.312
-9.311 1.317
5.960 -8.051
0.230 9.389
-6.653 -6.841
9.184 0.152
-7.463 7.323
0.319 -10.093
6.314 8.222
-10.352 -2.075
9.176 -6.193
-3.182 10.333
-4.151 -9.627
9.600 3.565
-10.151 3.982
4.957 -9.574
2.656 10.071
-9.118 -5.801
10.505 -1.124
-6.710 9.012
-1.285 -11.536
9.017 6.843
-11.055 -0.311
7.815 -7.847
-1.047 11.828
-6.790 -8.611
11.979 2.222
-8.627 5.978
2.214 -11.560
5.741 10.422
-11.266 -3.661
10.431 -4.220
-4.925 9.677
-2.978 -10.986
10.570 5.960
-11.724 2.914
6.808 -9.728
1.903 11.689
-9.472 -7.658
12.009 0.014
-8.522 8.803
0.494 -12.097
8.675 9.565
-13.086 -1.103
10.350 -7.839
-2.852 12.277
-6.214 -10.378
12.156 4.034
-11.414 6.150
4.813 -11.376
4.190 11.472
-11.050 -5.535
12.111 -3.595
-6.695 10.924
-2.623 -12.746
10.318 8.131
-12.476 1.106
8.630 -9.738
0.181 13.087
-8.160 -9.850
13.395 1.078
-10.312 8.605
1.758 -13.315
7.845 11.632
-13.195 -2.908
11.412 -5.673
-4.302 13.263
-5.556 -11.977
12.338 5.786
-13.360 3.969
7.104 -12.257
3.438 13.943
-11.537 -7.363
13.553 -2.550
-8.451 11.128
-0.923 -13.497
10.156 10.601
-14.261 0.319
10.489 -9.678
-1.817 14.545
-8.078 -12.108
13.666 2.848
-12.079 7.964
3.938 -14.149
5.797 12.838
-13.527 -4.875
13.946 -4.808
-6.577 13.552
-4.190 -13.723
12.599 7.683
-15.280 2.987
8.833 -11.853
1.214 15.304
-10.115 -9.917
15.059 0.418
-10.901 10.894
0.398 -14.629
9.525 12.343
-15.154 -2.468
12.205 -7.923
-3.657 14.971
-7.646 -13.890
15.274 5.634
-13.642 5.880
6.205 -13.830
4.751 15.102
-13.113 -8.210
15.062 -3.407
-9.235 13.047
-1.839 -15.040
11.721 9.335
-16.498 0.754
11.242 -11.262
-0.432 15.971
-10.705 -11.644
15.788 2.138
-13.063 9.753
2.591 -15.356
8.380 14.183
-15.321 -4.982
15.158 -7.150
-5.768 15.199
-5.629 -15.326
14.355 7.955
-15.109 4.770
8.977 -13.714
2.865 16.138
-14.074 -9.686
16.302 -1.007
-11.064 12.682
-0.590 -16.350
11.874 11.986
-16.855 -1.073
13.839 -10.631
-3.085 16.685
-9.470 -13.295
15.451 3.831
-14.182 7.848
5.024 -16.330
6.761 15.354
-14.902 -6.892
15.992 -5.564
-9.016 14.846
-3.161 -17.136
13.898 10.149
-17.300 3.065
11.961 -12.883
0.349 17.617
-12.228 -12.586
17.232 0.966
-13.554 11.479
1.767 -17.011
10.423 13.929
-16.916 -4.252
14.803 -9.081
-4.870 16.725
-7.478 -16.007
16.341 7.168
-16.804 5.131
9.074 -16.247
4.230 18.149
-15.756 -10.427
17.090 -2.632
-11.224 14.490
-1.651 -18.351
13.714 11.950
-18.594 -0.549
13.972 -12.596
-1.802 18.193
-10.798 -14.418
17.846 2.668
-15.130 9.428
5.066 -18.429
9.377 16.193
-16.719 -6.574
17.270 -7.421
-7.898 17.561
-4.911 -16.922
16.027 8.955
-19.075 3.574
10.609 -15.239
2.471 18.330
-14.541 -12.213
19.486 -0.215
-13.236 13.651
0.541 -19.364
11.825 15.362
-19.020 -2.947
15.514 -11.622
-4.101 19.331
-9.058 -16.688
17.968 6.412
