-1.797 -0.710
1.345 -0.696
-0.094 1.265
-0.295 -1.707
1.652 1.507
-3.307 0.341
1.786 -2.556
0.670 3.583
-2.444 -2.368
3.877 -0.526
-2.182 2.682
-0.338 -3.671
2.637 3.019
-4.474 -1.051
3.808 -2.995
-1.092 4.050
-2.488 -4.207
5.648 1.820
-4.873 2.245
1.644 -5.187
2.175 4.732
-5.449 -2.771
5.126 -1.836
-3.662 5.026
-1.338 -6.247
4.487 4.107
-5.674 0.214
3.720 -4.766
-0.287 5.711
-4.160 -5.126
5.963 -0.002
-5.350 4.329
0.878 -6.820
3.709 5.727
-7.366 -1.377
5.762 -3.496
-2.738 6.927
-3.065 -6.836
7.083 3.618
-7.785 2.779
3.964 -7.094
1.030 7.389
-5.943 -4.739
7.489 -1.322
-5.171 6.264
-0.154 -8.288
5.557 5.747
-7.531 0.386
5.778 -5.872
-1.510 8.226
-4.913 -6.779
8.328 2.300
-7.482 4.549
2.476 -8.037
3.390 7.483
-7.577 -3.202
8.189 -2.947
-4.165 8.050
-1.974 -8.393
8.242 5.088
-9.155 1.228
6.444 -7.575
0.476 9.246
-6.674 -7.121
9.602 -0.120
-6.949 6.335
0.387 -10.009
5.481 7.627
-9.351 -1.902
7.672 -5.050
-2.038 10.255
-5.424 -8.517
9.849 3.234
-9.720 4.120
4.090 -10.287
3.194 10.329
-8.854 -5.613
9.939 -2.464
-6.141 9.010
-1.300 -10.703
7.870 6.823
-10.801 0.346
8.045 -6.849
-0.465 11.226
-7.562 -8.806
11.306 0.572
-9.307 5.973
2.034 -10.887
5.801 10.361
-10.461 -3.287
11.148 -4.915
-3.758 9.801
-4.685 -10.798
10.616 5.374
-11.370 3.324
6.239 -9.364
1.384 10.770
-8.650 -7.397
12.090 -1.033
-8.043 9.014
0.142 -11.873
8.159 8.584
-12.140 -0.989
9.929 -6.755
-2.079 12.074
-6.409 -10.272
12.556 3.013
-11.432 6.463
4.133 -12.308
4.562 11.749
-10.982 -5.071
12.316 -3.518
-5.963 11.513
-2.434 -12.110
9.926 7.116
-12.247 1.654
7.979 -9.795
0.625 12.797
-9.350 -9.051
13.106 0.903
-9.683 7.944
1.642 -12.908
7.524 10.710
-12.292 -3.538
11.674 -6.658
-3.669 12.920
-6.051 -11.990
13.036 5.188
-12.539 5.033
6.230 -11.117
3.921 13.381
-11.339 -6.763
13.453 -2.173
-8.800 10.808
-1.039 -14.129
10.697 9.581
-13.681 0.419
9.759 -9.745
-0.711 13.955
-8.368 -10.629
14.364 3.034
-11.601 8.300
3.211 -13.906
6.695 13.039
-13.496 -5.450
12.895 -5.348
-5.491 13.385
-4.720 -13.908
12.024 7.339
-13.922 3.596
8.811 -11.831
2.204 14.902
-11.194 -8.975
14.737 -0.753
-10.939 11.078
0.617 -14.769
9.627 11.959
-13.944 -2.492
12.676 -8.141
-2.866 15.142
-7.915 -12.310
14.824 4.829
-13.910 6.501
5.618 -13.423
5.416 14.428
-14.144 -7.165
15.793 -3.953
-7.956 12.545
-2.668 -14.922
12.435 9.798
-15.459 0.607
10.523 -11.303
-0.277 15.983
-9.995 -11.389
14.943 1.107
-13.204 9.920
2.941 -15.639
8.643 13.437
-15.405 -3.586
14.247 -7.131
-5.295 15.418
-6.514 -14.146
14.915 6.994
-15.464 4.518
8.493 -14.448
3.800 15.806
-13.287 -9.489
16.341 -1.518
-9.794 12.455
-0.312 -16.387
11.461 11.717
-17.085 -0.070
12.899 -10.019
-1.994 16.711
-9.701 -13.174
16.564 3.210
-14.529 8.612
5.441 -16.581
6.854 15.522
-15.316 -5.646
14.923 -5.542
-7.293 14.475
-5.052 -16.321
14.237 8.874
-16.194 2.704
10.076 -13.608
0.918 17.345
-12.268 -12.375
17.200 0.552
-12.565 12.281
2.621 -17.383
10.216 14.357
-17.194 -3.506
14.780 -8.912
-4.729 17.121
-8.126 -15.048
16.460 5.633
-16.370 6.020
7.112 -15.844
5.402 16.560
-15.198 -9.009
17.538 -3.287
-10.990 13.708
-1.659 -18.535
13.722 12.609
-18.891 0.265
12.635 -11.805
-1.107 18.295
-11.706 -14.229
18.063 2.144
-15.670 10.025
4.444 -18.279
8.764 16.044
-17.045 -5.826
16.246 -7.853
-7.185 16.314
-6.200 -18.079
16.871 8.093
-17.516 3.991
10.085 -15.862
3.371 18.958
-13.592 -11.212
18.286 -1.634
-13.744 13.701
0.176 -18.567
12.370 13.750
-18.895 -1.895
15.976 -11.159
-3.241 18.736
-10.466 -16.302
18.426 6.027
-17.373 8.284
6.267 -18.344
7.505 18.280
-16.887 -8.681
18.457 -4.829
