1.686 -0.944
-0.311 1.483
-0.920 -0.872
1.509 0.850
-2.212 0.328
1.825 -2.778
0.851 3.000
-3.200 -1.746
3.380 -0.398
-2.043 3.337
-0.699 -3.386
3.058 2.058
-4.007 0.135
3.642 -2.803
-0.086 4.844
-2.448 -3.406
4.832 0.731
-4.980 3.226
1.340 -5.195
2.980 4.552
-5.042 -1.305
5.591 -2.471
-1.817 5.133
-1.580 -6.015
5.687 2.912
-6.019 0.882
3.421 -4.533
1.342 5.895
-4.244 -3.832
6.602 0.016
-3.767 4.622
0.026 -6.882
4.730 4.990
-6.783 -0.745
5.723 -4.838
-0.933 6.675
-3.638 -6.500
7.234 1.945
-7.280 3.202
2.767 -7.790
2.992 7.555
-6.378 -3.872
7.429 -1.611
-3.709 6.639
-1.586 -7.966
6.520 5.119
-7.966 0.675
4.461 -6.080
0.899 8.188
-5.420 -6.369
8.358 0.478
-7.046 5.000
1.203 -8.673
4.664 6.998
-7.942 -2.102
7.270 -3.848
-2.892 8.209
-3.606 -8.316
7.752 3.775
-9.152 3.171
4.835 -7.870
1.797 9.781
-7.466 -5.475
9.737 -0.671
-5.976 7.517
-0.517 -9.389
7.512 6.626
-9.375 -0.572
7.384 -6.044
-0.936 9.138
-6.659 -8.061
10.029 1.180
-8.732 5.588
2.951 -10.137
5.387 9.672
-10.023 -4.052
9.946 -3.313
-4.372 9.260
-3.101 -10.454
9.116 5.757
-10.261 1.786
6.558 -8.589
0.223 10.563
-8.406 -7.455
11.604 -0.295
-7.589 8.400
1.254 -10.988
7.151 8.457
-11.695 -2.053
9.159 -6.029
-3.237 11.745
-5.220 -9.107
11.329 3.194
-10.875 4.830
4.610 -10.912
3.313 10.754
-9.221 -5.734
11.200 -2.028
-6.841 10.022
-1.901 -11.930
9.111 7.614
-11.809 0.898
8.439 -8.783
-1.040 11.964
-8.042 -9.242
12.011 1.526
-10.271 7.826
2.217 -12.944
6.926 10.982
-11.988 -3.891
10.871 -5.305
-5.058 11.767
-5.153 -11.897
10.923 5.767
-11.788 3.195
6.458 -10.536
2.547 12.374
-10.312 -7.604
12.924 -1.525
-8.983 9.586
-0.036 -12.525
8.966 9.431
-13.055 -0.938
10.511 -7.289
-2.219 13.254
-7.693 -11.009
13.116 2.889
-12.259 6.823
4.024 -12.898
4.677 11.854
-12.847 -5.419
12.408 -4.513
-6.819 11.799
-2.814 -13.650
11.605 8.125
-14.186 2.234
8.322 -10.866
1.383 13.722
-10.365 -9.371
13.526 0.233
-11.429 9.214
0.900 -14.236
8.747 11.278
-14.336 -3.053
12.753 -7.014
-4.005 13.373
-6.903 -12.715
13.761 5.132
-13.286 4.680
6.012 -13.061
3.600 14.306
-12.941 -7.711
14.030 -3.002
-8.731 11.896
-1.671 -15.479
11.055 9.813
-15.352 -0.097
10.744 -9.231
-1.703 14.968
-9.923 -11.792
14.542 1.647
-13.111 8.436
3.754 -14.888
6.852 12.838
-14.604 -4.922
14.492 -6.432
-6.918 14.737
-4.693 -14.095
13.250 7.364
-15.452 3.444
9.300 -12.364
2.108 15.298
-12.211 -10.316
15.142 -0.547
-10.302 10.880
0.658 -16.502
10.261 12.163
-15.876 -1.795
12.515 -9.671
-3.479 15.547
-8.602 -13.848
15.079 3.893
-14.847 7.138
6.272 -14.839
5.829 15.714
-14.651 -7.046
15.751 -4.299
-9.152 13.623
-3.462 -15.461
12.897 10.115
-16.323 1.476
10.853 -13.195
-0.389 16.328
-11.690 -12.107
16.341 0.809
-12.957 10.807
2.509 -16.702
9.410 14.696
-16.361 -4.499
14.056 -8.300
-5.137 15.067
-6.608 -14.801
15.841 6.401
-15.876 5.424
8.139 -14.259
4.177 16.409
-14.021 -10.251
17.343 -1.685
-11.299 12.980
-1.576 -17.499
11.815 13.018
-17.583 -1.157
13.584 -11.109
-2.435 17.087
-10.279 -14.485
16.798 3.214
-14.769 9.195
5.681 -16.491
7.783 15.525
-16.247 -6.281
16.587 -6.083
-8.537 15.669
-3.677 -17.181
15.412 10.429
-18.444 2.665
11.734 -14.807
1.162 17.253
-13.478 -12.421
18.425 -0.078
-13.078 12.643
2.136 -18.479
11.356 14.997
-17.972 -3.349
15.287 -9.527
-4.182 17.553
-8.101 -15.880
17.929 6.621
-16.934 7.959
7.978 -16.096
5.918 17.841
-16.822 -9.370
17.279 -3.447
-10.291 15.204
-1.931 -19.310
14.277 11.872
-18.474 0.896
13.410 -13.445
-1.450 19.433
-12.471 -14.353
19.247 2.193
-16.316 10.469
4.561 -18.699
10.254 16.450
-18.910 -5.738
17.401 -7.600
-7.923 17.355
