1.544 -1.162
-0.109 1.511
-1.029 -0.741
1.609 0.640
-2.148 0.621
1.437 -2.998
1.246 2.858
-3.405 -1.301
3.296 -0.847
-1.577 3.580
-1.147 -3.262
3.307 1.630
-3.952 0.671
3.233 -3.266
0.564 4.812
-2.882 -3.047
4.887 0.077
-4.503 3.864
0.632 -5.328
3.563 4.112
-5.171 -0.618
5.210 -3.198
-1.113 5.330
-2.372 -5.749
6.026 2.123
-5.846 1.680
2.782 -4.950
2.120 5.662
-4.719 -3.229
6.544 -0.869
-3.114 5.086
-0.896 -6.823
5.356 4.312
-6.821 0.170
5.023 -5.561
-0.030 6.740
-4.476 -5.954
7.430 0.959
-6.786 4.148
1.698 -8.090
3.977 7.086
-6.839 -2.982
7.146 -2.591
-2.786 7.076
-2.639 -7.682
7.147 4.199
-7.803 1.736
3.606 -6.623
1.988 7.994
-6.225 -5.585
8.347 -0.647
-6.312 5.899
0.030 -8.756
5.559 6.310
-8.152 -1.019
6.689 -4.788
-1.766 8.522
-4.687 -7.758
8.188 2.702
-8.645 4.369
3.736 -8.447
3.092 9.452
-8.132 -4.425
9.559 -1.970
-4.915 8.250
-1.771 -9.235
8.332 5.560
-9.367 0.689
6.508 -6.979
0.297 9.180
-7.679 -7.096
10.097 -0.175
-7.904 6.708
1.566 -10.441
6.634 8.863
-10.476 -2.673
9.412 -4.616
-3.092 9.762
-4.473 -9.944
9.805 4.484
-9.930 3.145
5.348 -9.391
1.636 10.438
-9.329 -6.262
11.460 -1.847
-6.395 9.341
-0.229 -11.057
8.220 7.422
-11.865 -0.468
8.269 -7.202
-1.634 12.073
-6.393 -8.325
11.655 1.647
-10.129 6.244
3.107 -11.431
4.724 10.213
-9.906 -4.447
10.827 -3.511
-5.436 10.848
-3.483 -11.568
10.049 6.325
-11.582 2.472
7.186 -9.835
0.572 11.995
-9.208 -8.082
12.107 -0.098
-9.129 9.131
0.462 -13.124
8.335 9.955
-12.402 -2.249
10.062 -6.714
-3.435 12.339
-6.700 -11.100
11.597 4.252
-11.254 4.746
4.988 -11.307
4.182 11.921
-11.238 -6.154
12.603 -3.243
-7.618 10.703
-1.714 -12.407
10.148 8.144
-13.063 0.820
9.439 -8.632
-0.423 13.432
-9.099 -9.879
13.385 1.106
-11.235 8.404
2.260 -13.321
6.224 11.121
-13.458 -3.649
11.691 -6.134
-5.176 12.606
-4.617 -13.150
12.589 6.496
-13.758 4.115
6.791 -11.883
3.209 13.413
-11.527 -7.897
13.435 -1.582
-10.092 10.662
-1.015 -14.228
10.179 10.004
-14.616 -1.104
11.699 -8.660
-2.177 13.789
-8.544 -11.675
14.325 3.242
-12.540 6.418
4.208 -13.749
5.484 13.694
-13.858 -5.907
13.502 -4.855
-7.058 12.959
-3.730 -15.116
12.270 8.243
-15.227 1.960
9.411 -10.587
0.318 15.062
-11.413 -10.356
14.631 -0.317
-11.863 10.117
1.725 -15.257
8.510 11.804
-15.132 -2.921
13.500 -8.316
-4.881 15.531
-6.539 -13.339
14.117 5.522
-14.851 5.483
7.560 -13.498
4.139 14.878
-13.483 -8.587
14.932 -2.571
-8.752 12.163
-1.559 -16.441
11.798 10.678
-15.973 0.349
11.107 -11.261
-1.364 15.873
-10.379 -12.571
15.465 1.837
-13.756 9.063
4.227 -15.546
7.881 14.791
-15.463 -5.019
15.033 -6.371
-7.244 14.726
-5.503 -14.858
14.136 8.296
-15.978 3.650
8.987 -14.530
1.802 16.233
-13.207 -10.431
16.302 -1.388
-11.392 12.445
0.248 -16.888
11.294 13.303
-16.816 -2.266
12.817 -10.109
-3.072 15.619
-8.531 -13.782
16.556 4.221
-15.006 7.503
6.156 -15.221
6.338 15.701
-15.268 -8.280
16.961 -3.994
-9.458 14.377
-3.906 -17.130
13.452 11.318
-17.579 1.209
11.973 -12.829
-0.123 17.259
-12.127 -12.977
17.077 0.934
-13.403 11.091
3.420 -17.104
9.793 14.342
-16.942 -4.047
15.623 -8.251
-6.361 16.671
-5.946 -16.533
16.671 8.270
-17.920 5.112
9.645 -16.246
3.464 16.941
-15.021 -10.503
18.249 -2.546
-11.266 14.281
-0.360 -18.599
13.263 13.340
-18.259 -0.911
13.873 -11.489
-1.793 17.955
-10.156 -14.651
18.654 4.160
-15.715 10.157
5.749 -17.020
8.255 16.887
-17.926 -7.031
16.662 -5.731
-8.161 16.445
-4.501 -18.877
15.739 9.852
-18.188 3.363
11.488 -15.120
1.167 19.452
-14.281 -12.553
19.368 -0.406
-14.766 12.561
2.014 -19.141
12.366 14.928
-19.508 -3.152
16.226 -9.863
-5.526 18.260
