1.932 -0.052
-0.964 1.168
-0.409 -1.200
0.941 1.454
-2.111 -0.738
2.908 -1.611
-0.640 3.052
-2.022 -3.033
3.177 1.219
-3.360 2.005
0.955 -3.323
1.751 3.244
-3.610 -1.743
4.528 -0.789
-2.328 4.249
-0.585 -4.153
3.939 2.894
-5.909 0.541
3.601 -3.977
0.522 5.416
-3.858 -3.499
6.099 0.411
-3.994 3.700
1.397 -6.060
3.682 5.222
-5.739 -2.017
5.135 -2.423
-1.552 5.843
-1.976 -5.366
5.838 3.083
-5.484 2.342
3.222 -6.081
1.869 6.617
-5.659 -3.813
7.316 -1.623
-3.929 5.476
-0.200 -7.446
5.501 5.085
-7.934 -0.549
6.071 -5.611
-0.863 8.080
-3.847 -6.393
7.326 2.027
-6.369 4.154
2.299 -7.790
3.394 7.563
-7.366 -3.105
6.776 -3.310
-3.011 7.668
-1.838 -8.158
7.178 4.308
-8.562 1.151
5.097 -7.120
0.876 8.364
-6.054 -5.553
8.226 -0.028
-6.377 5.924
0.673 -9.039
5.108 6.946
-9.578 -1.446
7.939 -4.721
-2.955 9.495
-4.066 -8.318
8.933 3.932
-8.785 3.878
3.906 -8.553
3.571 9.358
-8.034 -4.865
9.348 -1.919
-5.076 7.655
-2.148 -10.232
8.331 5.706
-10.329 0.889
7.325 -7.603
0.274 11.067
-6.991 -8.247
10.346 1.690
-8.176 6.166
2.114 -10.697
5.395 9.335
-9.916 -3.188
9.799 -4.556
-4.713 9.456
-3.977 -10.508
10.411 5.133
-10.623 3.910
6.218 -9.145
2.400 10.812
-9.401 -7.254
10.912 -1.081
-8.326 8.894
-0.388 -10.489
8.546 8.094
-11.874 -0.778
9.154 -7.518
-2.065 11.062
-5.499 -9.363
10.859 3.410
-10.716 5.693
3.862 -11.447
4.527 10.977
-10.873 -4.695
11.555 -3.854
-6.482 10.109
-2.824 -11.922
9.925 6.934
-12.731 2.155
7.980 -10.430
1.028 12.943
-8.806 -9.017
12.091 0.356
-9.948 8.068
0.968 -12.929
6.990 10.184
-11.922 -2.651
10.616 -6.327
-3.497 12.140
-5.596 -11.526
12.151 4.658
-12.409 4.311
5.790 -11.106
3.554 12.517
-11.123 -6.899
12.694 -1.568
-8.126 10.704
-1.694 -13.323
10.270 8.655
-14.026 0.342
9.559 -9.549
-1.369 12.670
-8.856 -10.770
13.083 1.772
-11.522 7.277
3.854 -13.394
6.499 12.588
-13.599 -4.616
12.419 -5.753
-5.154 12.792
-4.821 -13.115
11.868 6.494
-14.403 2.845
7.415 -12.186
2.502 14.051
-11.274 -9.367
14.552 -0.282
-9.762 9.979
-0.201 -14.466
9.798 10.941
-13.939 -2.033
11.395 -8.770
-3.463 14.339
-7.874 -12.843
13.818 3.864
-13.260 6.475
5.716 -14.482
5.227 13.827
-13.547 -7.223
13.804 -3.178
-8.466 12.461
-3.304 -15.053
12.110 8.218
-15.530 1.374
10.244 -11.437
0.099 14.551
-10.642 -11.146
15.821 1.042
-12.975 9.832
2.397 -14.661
8.308 12.679
-15.282 -4.134
13.981 -6.624
-5.245 14.525
-6.016 -14.810
13.661 6.554
-14.179 4.844
8.254 -14.305
3.431 15.538
-13.222 -8.969
15.577 -2.745
-10.307 12.148
-1.179 -16.259
11.541 10.456
-16.463 -0.581
12.451 -10.223
-2.144 16.622
-9.697 -13.048
15.944 3.515
-14.436 7.807
4.122 -15.299
6.717 14.951
-15.139 -6.281
15.743 -6.638
-7.934 14.276
-4.723 -16.153
14.092 8.312
-16.495 3.546
9.985 -13.622
1.500 17.386
-12.395 -11.588
16.303 -0.815
-11.552 10.952
1.029 -16.176
11.050 13.031
-16.578 -2.577
13.835 -8.841
-3.929 16.470
-7.649 -15.594
16.139 6.570
-16.038 6.241
6.739 -16.226
4.409 17.018
-15.030 -9.198
17.191 -3.521
-10.098 13.997
-2.368 -17.603
13.379 10.654
-17.350 1.276
12.696 -11.960
-0.326 17.364
-11.466 -13.113
17.514 2.325
-14.842 9.904
4.731 -16.921
8.798 16.398
-17.568 -6.214
17.273 -7.656
-6.991 15.816
-6.160 -17.262
16.350 8.496
-17.456 5.115
10.481 -15.369
3.084 18.557
-14.356 -11.320
17.964 -1.329
-11.862 13.597
0.209 -17.826
12.796 14.197
-18.694 -0.825
14.546 -10.543
-3.053 18.547
-10.539 -16.115
16.901 4.980
-16.179 8.677
7.266 -17.995
7.122 17.148
-16.773 -7.795
18.123 -5.670
-10.317 16.532
-4.369 -18.505
16.022 10.888
-19.313 1.685
12.730 -14.436
1.433 19.332
-14.076 -13.870
18.939 1.360
-15.082 11.683
