1.154 -1.550
0.322 1.480
-1.196 -0.420
1.725 0.160
-1.886 1.202
0.532 -3.282
2.002 2.390
-3.634 -0.287
2.923 -1.743
-0.502 3.880
-2.021 -2.805
3.632 0.630
-3.602 1.760
2.180 -4.046
1.899 4.457
-3.625 -2.109
4.710 -1.306
-3.229 4.978
-0.898 -5.289
4.579 2.939
-5.135 0.868
4.095 -4.539
0.438 5.427
-3.899 -4.845
6.380 0.335
-5.134 3.262
1.272 -5.534
3.632 4.833
-5.439 -1.765
6.033 -2.681
-1.551 5.758
-2.786 -6.293
6.356 2.624
-6.496 2.089
3.248 -6.753
1.874 6.474
-5.975 -4.448
7.398 -1.178
-5.338 5.895
-0.655 -8.241
5.816 5.675
-7.403 -0.930
6.123 -4.504
-0.675 7.574
-4.700 -6.624
8.042 2.010
-6.996 3.868
1.589 -7.371
4.164 7.108
-7.548 -3.601
7.825 -2.977
-4.390 7.441
-2.443 -8.409
7.115 4.484
-8.108 1.324
5.065 -6.482
0.712 8.674
-6.687 -6.119
8.618 0.281
-7.060 6.632
1.199 -9.159
5.634 8.194
-9.051 -1.949
8.614 -4.588
-2.385 9.302
-4.306 -8.359
9.563 2.981
-8.791 3.305
4.273 -8.533
2.877 8.723
-9.370 -4.639
9.636 -3.018
-5.689 8.667
-1.445 -10.458
8.867 6.629
-10.804 0.393
7.726 -7.086
-0.210 10.238
-7.099 -8.276
10.672 1.533
-8.638 5.821
2.479 -10.519
4.516 9.551
-10.717 -3.373
10.472 -5.007
-3.497 10.766
-3.342 -10.542
9.981 4.800
-11.514 2.901
5.899 -9.244
1.841 12.043
-8.483 -6.181
11.645 -1.711
-7.954 8.850
-0.247 -11.843
7.416 8.463
-10.759 -1.469
9.395 -6.425
-2.152 11.942
-6.607 -10.114
11.426 3.230
-10.413 5.641
4.117 -11.464
3.936 11.346
-11.115 -5.153
11.587 -3.512
-6.180 11.338
-3.262 -12.721
10.807 7.196
-12.532 1.344
7.757 -9.282
0.188 12.807
-9.562 -8.756
12.326 0.804
-9.456 7.730
1.593 -12.255
7.378 10.255
-12.518 -2.730
11.175 -6.669
-4.286 12.418
-5.147 -11.418
12.035 4.948
-12.300 4.474
6.618 -10.946
3.387 13.005
-11.518 -6.908
13.153 -2.718
-8.405 11.234
-1.593 -13.417
9.110 8.911
-13.940 0.299
9.483 -9.186
-1.406 13.555
-8.142 -11.311
13.911 2.678
-12.037 7.832
3.160 -13.317
6.866 11.961
-13.288 -4.321
12.442 -5.311
-6.671 13.078
-4.991 -13.363
12.589 6.723
-14.333 3.067
8.778 -11.611
1.805 13.843
-11.493 -8.788
14.657 -0.934
-10.217 9.697
0.155 -14.378
9.127 11.589
-14.962 -1.754
11.581 -8.470
-3.112 14.424
-7.846 -13.448
14.098 4.443
-14.054 6.180
6.039 -12.813
4.558 14.359
-13.873 -6.712
13.947 -4.435
-8.524 13.054
-2.653 -15.123
11.496 8.921
-15.341 1.470
10.602 -11.789
-0.297 16.277
-10.039 -10.950
15.102 1.311
-12.699 9.453
3.441 -15.084
8.171 13.104
-15.359 -4.431
13.599 -6.683
-4.962 14.139
-6.137 -15.332
14.333 6.913
-15.225 4.844
7.475 -13.939
3.173 15.612
-13.506 -9.129
15.354 -2.604
-10.638 12.578
-0.334 -16.107
11.737 11.964
-16.250 -0.449
12.622 -10.356
-2.792 16.172
-9.474 -12.700
15.903 3.967
-14.298 8.013
4.519 -16.477
6.312 15.064
-15.615 -6.278
15.246 -5.934
-7.414 15.156
-4.530 -16.271
14.591 9.573
-16.772 2.574
9.441 -13.316
1.463 15.851
-12.076 -10.813
17.074 -0.625
-12.277 11.434
1.608 -16.339
10.513 13.273
-16.985 -3.632
15.143 -8.620
-5.014 16.463
-8.584 -15.330
16.100 7.059
-16.522 6.123
7.864 -15.687
4.754 16.591
-15.298 -9.025
16.646 -3.925
-9.727 14.424
-1.548 -17.373
13.444 10.994
-17.396 0.901
12.657 -12.326
-1.395 17.789
-10.372 -14.182
18.327 3.226
-15.748 9.963
4.665 -18.308
8.106 15.274
-17.375 -5.835
16.787 -7.595
-6.775 16.881
-5.596 -17.741
16.490 9.052
-17.773 4.281
10.065 -14.939
3.350 17.731
-13.879 -11.187
19.070 -1.277
-12.208 14.180
0.710 -17.951
12.687 13.869
-19.182 -1.684
14.366 -10.202
-3.186 18.081
-9.648 -16.838
17.880 5.007
-16.498 8.361
6.751 -17.749
6.611 18.332
-17.245 -8.010
18.465 -5.858
-10.619 16.219
-3.472 -18.931
16.078 10.829
-19.604 2.484
12.781 -14.043
-0.146 19.077
