1.893 0.387
-1.204 0.919
-0.127 -1.262
0.587 1.630
-1.889 -1.197
3.197 -0.910
-1.315 2.827
-1.282 -3.412
2.818 1.908
-3.727 1.191
1.683 -3.020
0.970 3.556
-3.121 -2.516
4.589 0.258
-3.230 3.611
0.372 -4.178
3.180 3.711
-5.878 -0.812
4.409 -3.057
-0.719 5.393
-2.964 -4.282
5.847 1.783
-4.729 2.698
2.734 -5.586
2.403 5.920
-5.132 -3.265
5.551 -1.196
-2.836 5.339
-0.709 -5.674
4.987 4.326
-5.872 1.038
4.517 -5.192
0.320 6.869
-4.647 -4.996
7.493 0.077
-5.068 4.443
1.493 -7.298
4.205 6.200
-7.603 -2.333
7.185 -4.089
-2.672 7.675
-2.298 -7.098
6.676 3.635
-7.145 2.602
4.005 -7.066
1.591 8.136
-6.471 -4.694
7.349 -1.688
-4.670 6.786
0.059 -8.363
6.015 5.823
-8.600 -0.819
6.578 -5.780
-1.043 8.345
-4.638 -6.781
8.018 1.837
-7.553 4.324
2.704 -8.651
3.401 7.923
-9.000 -3.580
8.802 -2.799
-5.030 8.578
-2.075 -9.023
7.809 5.854
-9.435 1.786
5.743 -7.445
1.357 9.924
-6.722 -6.559
9.539 0.250
-6.679 6.306
0.227 -10.453
6.821 7.446
-10.261 -1.475
8.857 -5.745
-2.242 10.841
-4.939 -9.617
9.694 3.991
-9.361 4.153
4.483 -9.939
3.139 10.315
-8.935 -5.353
10.577 -2.217
-6.734 8.142
-1.492 -11.136
8.977 7.359
-11.233 1.400
8.129 -7.498
-0.113 11.074
-7.512 -9.196
10.873 1.421
-10.125 6.776
1.999 -10.304
6.489 9.820
-11.388 -3.449
10.620 -5.248
-4.519 10.306
-3.233 -10.366
9.804 5.783
-11.727 3.117
6.356 -10.273
1.922 11.717
-9.526 -7.037
12.128 -1.135
-8.605 8.377
-0.049 -12.252
8.095 9.003
-12.888 -0.787
10.136 -8.350
-1.932 12.839
-6.533 -10.779
11.696 3.087
-11.518 5.603
3.873 -12.373
4.500 11.503
-11.011 -5.284
11.774 -3.756
-6.157 11.032
-2.838 -12.494
10.779 7.290
-13.064 1.387
8.156 -9.505
0.625 12.997
-9.269 -9.240
12.719 1.350
-10.340 8.584
1.370 -13.360
8.041 10.758
-13.739 -2.846
11.474 -7.134
-4.205 12.030
-6.185 -12.497
12.341 4.691
-12.871 4.476
6.789 -12.172
3.476 13.734
-12.199 -7.578
13.400 -2.788
-7.919 11.291
-1.723 -13.866
10.087 9.014
-14.673 -0.493
9.984 -10.188
-0.748 14.252
-8.858 -11.678
14.238 3.024
-11.770 7.506
3.083 -14.135
7.064 12.877
-13.115 -5.139
13.086 -5.959
-6.623 13.181
-4.758 -14.293
12.583 6.895
-14.382 3.301
8.849 -12.810
1.957 14.652
-11.558 -10.105
14.165 0.033
-11.070 10.218
0.194 -15.410
9.932 10.748
-15.437 -2.181
12.570 -8.817
-3.202 14.195
-7.839 -13.269
15.173 4.601
-14.866 6.635
5.657 -13.736
5.219 14.232
-13.948 -7.490
15.119 -3.283
-8.400 12.958
-2.503 -15.788
11.820 9.480
-14.908 1.505
11.281 -12.062
-0.180 15.912
-10.845 -11.732
15.793 0.857
-12.792 9.496
2.537 -16.103
8.871 12.800
-15.903 -4.297
14.444 -7.135
-5.855 15.704
-6.487 -14.906
14.733 7.037
-15.829 4.332
7.482 -13.967
3.153 16.084
-13.321 -9.549
16.838 -2.897
-10.964 12.106
-0.939 -16.803
11.841 11.289
-16.870 -0.285
12.813 -11.004
-2.479 17.274
-9.446 -14.096
16.064 2.901
-13.734 8.049
4.669 -15.522
7.809 15.196
-15.562 -6.267
15.478 -5.475
-7.559 15.151
-3.916 -16.922
14.230 10.056
-17.035 2.443
10.241 -14.276
0.437 17.574
-12.554 -12.365
17.542 0.467
-13.008 11.344
1.684 -17.682
10.616 13.409
-17.188 -2.690
15.076 -8.771
-4.253 16.838
-8.195 -15.371
16.531 6.234
-16.701 6.283
8.443 -15.408
4.853 17.965
-15.703 -10.034
18.558 -3.542
-10.393 13.820
-2.087 -18.209
13.999 11.981
-18.161 1.025
13.691 -12.593
-1.202 18.773
-11.417 -14.279
17.797 2.777
-14.635 10.555
4.243 -17.314
9.245 16.727
-18.020 -5.040
16.557 -6.971
-7.177 17.373
-6.612 -18.085
15.333 8.681
-17.725 4.785
11.156 -15.880
3.051 18.316
-14.570 -11.393
18.936 -1.415
-13.796 13.763
-0.061 -19.014
13.137 14.237
-19.192 -2.736
15.671 -11.175
-2.986 19.153
-10.566 -16.699
18.138 5.617
-17.338 7.961
