-0.794 -1.762
1.450 0.439
-0.949 0.841
0.978 -1.429
0.134 2.232
-2.609 -2.061
3.062 -0.587
-2.018 3.035
-0.101 -3.402
3.146 2.326
-3.434 0.402
2.317 -2.867
-0.214 4.003
-2.475 -3.872
4.818 0.508
-3.606 2.142
1.150 -4.750
2.780 5.242
-5.058 -1.788
4.795 -2.572
-1.739 4.909
-1.974 -5.785
4.955 2.257
-6.130 1.050
3.396 -5.412
0.354 6.072
-4.217 -3.803
5.989 -0.823
-4.187 3.894
0.592 -6.575
4.277 4.156
-6.853 -0.626
5.384 -4.277
-1.333 6.692
-4.321 -6.123
6.568 1.511
-6.792 3.058
2.569 -7.037
2.555 7.532
-7.519 -3.435
7.787 -2.322
-4.413 6.016
-0.957 -7.541
6.290 4.273
-8.074 0.885
5.668 -6.049
-0.022 7.994
-5.668 -4.974
8.235 -0.181
-6.817 4.844
1.204 -8.285
4.366 7.455
-8.536 -1.955
7.378 -4.036
-2.786 7.728
-3.200 -7.578
7.926 3.597
-8.598 2.867
4.436 -7.393
2.362 9.394
-7.419 -5.502
9.900 -0.938
-6.104 6.961
0.180 -9.758
6.968 6.608
-9.398 -0.303
7.255 -6.906
-1.387 9.289
-5.378 -7.883
9.021 1.728
-8.611 5.931
2.049 -9.888
4.806 9.185
-9.841 -3.823
10.104 -4.524
-4.911 9.632
-2.434 -10.197
8.844 5.163
-10.684 2.178
6.530 -8.580
0.885 10.378
-7.985 -7.282
10.542 0.699
-8.160 7.724
0.718 -11.586
7.707 8.292
-10.837 -2.207
9.048 -6.387
-3.065 11.472
-5.208 -9.650
11.418 4.248
-9.527 4.406
4.169 -11.007
3.864 11.254
-10.468 -5.544
11.002 -2.364
-6.516 8.686
-1.044 -11.334
9.388 7.688
-12.050 0.854
8.379 -8.413
-0.135 11.842
-8.014 -9.173
11.828 2.079
-9.908 7.206
2.567 -11.832
6.901 10.914
-12.702 -3.336
11.544 -5.943
-4.921 11.604
-4.338 -11.292
11.282 6.064
-12.301 4.096
6.697 -10.379
2.155 12.022
-9.933 -7.352
12.549 -1.459
-8.474 9.610
-0.393 -13.007
8.766 9.784
-12.480 -1.055
10.176 -8.110
-2.072 12.923
-6.345 -11.106
13.010 3.365
-11.638 6.704
4.021 -12.814
5.729 12.807
-12.498 -5.133
12.217 -3.626
-6.518 12.326
-3.414 -12.754
11.160 7.821
-13.843 1.613
9.105 -10.853
0.990 14.326
-10.100 -9.237
13.790 -0.182
-10.238 9.509
1.411 -13.454
8.183 12.189
-14.104 -2.138
11.997 -7.730
-4.290 14.016
-5.876 -13.316
12.973 5.155
-13.268 5.768
6.312 -13.261
3.504 13.644
-12.488 -7.128
14.565 -2.339
-8.809 12.220
-1.768 -14.239
11.090 9.734
-15.566 0.316
10.739 -10.158
-1.435 15.285
-8.259 -11.508
14.763 3.001
-12.612 8.857
2.908 -14.343
7.261 13.796
-14.504 -5.037
13.386 -5.707
-6.176 14.119
-5.144 -14.997
14.078 8.176
-14.450 3.447
8.490 -12.558
2.084 15.694
-11.506 -10.342
15.424 -0.767
-11.341 11.265
0.775 -15.132
9.941 11.211
-16.382 -2.094
13.011 -9.161
-3.172 15.659
-8.544 -13.311
15.185 4.820
-14.545 7.362
5.192 -14.682
5.817 15.412
-14.236 -7.542
16.162 -4.437
-8.296 13.981
-2.910 -16.066
12.773 10.304
-15.704 2.102
11.201 -11.966
0.048 16.390
-12.199 -11.961
16.232 1.810
-13.080 10.591
2.230 -16.208
9.637 13.849
-16.420 -3.955
15.460 -8.094
-5.907 15.907
-7.044 -14.726
14.562 6.431
-15.321 5.293
7.757 -15.223
4.020 16.288
-13.495 -9.351
16.710 -2.731
-11.434 13.075
-0.168 -17.424
11.946 12.387
-17.570 0.045
13.998 -10.635
-2.685 17.415
-9.882 -14.501
16.809 3.915
-15.326 8.978
4.665 -16.454
7.873 15.514
-15.933 -7.097
16.144 -6.400
-7.673 15.638
-4.614 -17.054
14.865 9.870
-17.436 2.165
11.732 -14.445
1.047 18.606
-13.728 -12.980
17.288 0.346
-13.548 12.344
1.528 -18.362
11.455 14.130
-18.223 -3.738
15.929 -10.006
-4.903 17.612
-8.158 -16.059
17.122 5.696
-16.525 6.687
8.159 -17.284
6.453 17.564
-15.339 -9.351
18.289 -4.341
-10.800 15.942
-1.928 -17.514
14.249 11.577
-19.405 0.241
13.071 -13.188
-0.718 18.482
-12.225 -14.531
19.233 3.138
-15.386 11.172
3.862 -18.983
9.008 17.167
-18.230 -6.173
17.281 -8.782
-7.364 18.338
-6.054 -17.997
16.598 9.406
