1.522 -1.191
-0.080 1.513
-1.043 -0.721
1.621 0.609
-2.136 0.662
1.379 -3.025
1.300 2.834
-3.429 -1.236
3.279 -0.910
-1.508 3.610
-1.209 -3.239
3.337 1.566
-3.939 0.747
3.170 -3.327
0.656 4.800
-2.940 -2.991
4.887 -0.017
-4.428 3.950
0.530 -5.339
3.641 4.043
-5.182 -0.518
5.147 -3.298
-1.010 5.350
-2.482 -5.702
6.066 2.007
-5.813 1.792
2.687 -5.002
2.228 5.620
-4.780 -3.138
6.527 -0.994
-3.016 5.144
-1.027 -6.805
5.438 4.208
-6.817 0.301
4.915 -5.657
0.099 6.739
-4.590 -5.867
7.447 0.816
-6.705 4.278
1.543 -8.121
4.113 7.009
-6.895 -2.851
7.095 -2.728
-2.649 7.128
-2.786 -7.630
7.227 4.061
-7.769 1.885
3.478 -6.691
2.141 7.954
-6.331 -5.465
8.333 -0.807
-6.198 6.019
-0.138 -8.755
5.679 6.202
-8.170 -0.863
6.596 -4.915
-1.602 8.555
-4.835 -7.666
8.238 2.545
-8.559 4.534
3.574 -8.517
3.272 9.391
-8.216 -4.268
9.519 -2.153
-4.755 8.343
-1.948 -9.199
8.437 5.399
-9.352 0.868
6.373 -7.103
0.473 9.173
-7.813 -6.947
10.091 -0.369
-7.774 6.858
1.366 -10.469
6.803 8.734
-10.525 -2.471
9.322 -4.796
-2.904 9.820
-4.663 -9.856
9.889 4.295
-9.867 3.335
5.167 -9.492
1.836 10.405
-9.447 -6.082
11.422 -2.066
-6.214 9.462
-0.442 -11.050
8.361 7.263
-11.872 -0.240
8.129 -7.360
-1.402 12.102
-6.551 -8.201
11.684 1.423
-10.008 6.437
2.887 -11.489
4.920 10.120
-9.990 -4.256
10.758 -3.718
-5.227 10.951
-3.704 -11.499
10.169 6.131
-11.532 2.694
6.996 -9.971
0.802 11.982
-9.362 -7.903
12.103 -0.330
-8.952 9.305
0.210 -13.131
8.525 9.793
-12.442 -2.011
9.931 -6.906
-3.198 12.403
-6.912 -10.969
11.677 4.028
-11.161 4.961
4.771 -11.400
4.410 11.839
-11.354 -5.937
12.538 -3.484
-7.411 10.847
-1.952 -12.372
10.303 7.948
-13.045 1.070
9.272 -8.811
-0.165 13.438
-9.287 -9.702
13.404 0.849
-11.071 8.618
2.004 -13.362
6.436 10.999
-13.525 -3.390
11.571 -6.358
-4.933 12.703
-4.869 -13.059
12.712 6.254
-13.677 4.378
6.562 -12.012
3.466 13.349
-11.677 -7.675
13.402 -1.839
-9.885 10.854
-1.288 -14.206
10.369 9.807
-14.634 -0.823
11.530 -8.883
-1.912 13.828
-8.767 -11.509
14.384 2.966
-12.414 6.657
3.943 -13.827
5.746 13.587
-13.968 -5.640
13.406 -5.113
-6.808 13.092
-4.020 -15.041
12.426 8.006
-15.186 2.252
9.206 -10.766
0.607 15.053
-11.610 -10.135
14.623 -0.597
-11.666 10.342
1.432 -15.287
8.735 11.638
-15.185 -2.630
13.337 -8.573
-4.582 15.622
-6.794 -13.211
14.221 5.250
-14.743 5.767
7.299 -13.641
4.424 14.796
-13.645 -8.327
14.880 -2.857
-8.516 12.328
-1.874 -16.408
12.000 10.450
-15.964 0.655
10.888 -11.472
-1.059 15.896
-10.619 -12.369
15.497 1.540
-13.580 9.326
3.928 -15.624
8.164 14.637
-15.556 -4.721
14.908 -6.658
-6.960 14.863
-5.787 -14.750
14.293 8.023
-15.905 3.956
8.706 -14.700
2.114 16.196
-13.405 -10.176
16.272 -1.701
-11.151 12.662
-0.076 -16.889
11.548 13.083
-16.857 -1.943
12.621 -10.353
-2.772 15.675
-8.795 -13.616
16.634 3.902
-14.859 7.789
5.862 -15.336
6.638 15.576
-15.425 -7.985
16.881 -4.319
-9.180 14.556
-4.234 -17.052
13.667 11.057
-17.553 1.546
11.725 -13.056
0.208 17.258
-12.374 -12.742
17.091 0.606
-13.188 11.346
3.091 -17.166
10.066 14.151
-17.017 -3.721
15.461 -8.549
-6.040 16.790
-6.262 -16.416
16.826 7.948
-17.819 5.455
9.331 -16.428
3.788 16.872
-15.219 -10.212
18.197 -2.896
-10.990 14.495
-0.717 -18.589
13.517 13.083
-18.273 -0.560
13.650 -11.753
-1.448 17.986
-10.435 -14.453
18.731 3.801
-15.517 10.456
5.422 -17.127
8.578 16.725
-18.058 -6.686
16.549 -6.050
-7.844 16.599
-4.863 -18.787
15.925 9.548
-18.120 3.712
11.196 -15.338
1.540 19.426
-14.520 -12.277
19.356 -0.778
-14.522 12.842
1.646 -19.176
12.650 14.688
-19.565 -2.777
16.033 -10.172
-5.175 18.363
