-1.546 -1.159
1.481 -0.317
-0.425 1.195
0.166 -1.724
1.196 1.890
-3.280 -0.543
2.397 -1.994
-0.300 3.633
-1.733 -2.929
3.878 0.516
-2.812 2.011
0.643 -3.630
1.747 3.608
-4.038 -2.194
4.463 -1.884
-2.122 3.618
-1.289 -4.714
4.967 3.246
-5.292 0.879
2.955 -4.569
0.850 5.138
-4.525 -4.111
5.429 -0.419
-4.859 3.882
0.358 -6.379
3.244 5.145
-5.530 -1.291
4.845 -3.615
-1.784 5.432
-2.660 -6.042
5.752 1.571
-6.302 2.764
2.646 -6.347
2.067 6.503
-6.742 -3.272
6.480 -1.852
-4.469 5.960
-1.152 -7.402
5.877 5.359
-8.243 0.626
5.695 -5.797
-0.956 7.399
-4.482 -6.139
7.572 0.701
-6.640 4.677
2.038 -8.035
3.844 7.009
-7.366 -1.615
7.122 -4.139
-3.627 7.536
-2.950 -7.835
7.425 4.416
-8.417 2.414
4.509 -7.099
1.295 8.112
-6.464 -5.088
8.677 -0.682
-6.142 6.666
0.311 -8.617
6.607 7.083
-9.154 -1.231
8.214 -5.606
-1.980 9.044
-4.558 -8.630
9.294 2.418
-8.374 4.277
3.014 -9.553
3.275 8.803
-8.518 -4.302
8.733 -2.847
-4.672 9.353
-2.985 -9.647
8.647 5.719
-10.463 1.409
6.660 -8.844
0.356 10.805
-7.059 -7.751
10.237 0.246
-8.301 7.070
1.570 -10.667
5.791 8.658
-10.510 -2.516
9.567 -4.483
-3.411 10.706
-4.971 -10.490
10.754 3.535
-10.554 3.305
4.834 -9.964
2.861 11.524
-9.223 -5.931
12.049 -1.799
-6.211 8.462
-1.670 -11.651
8.822 7.985
-11.844 0.206
8.489 -7.386
-1.507 10.753
-6.392 -9.418
11.934 2.194
-10.137 6.572
3.270 -11.415
5.605 10.433
-11.449 -4.157
11.359 -3.896
-5.192 11.097
-3.471 -11.599
11.316 6.219
-12.732 3.218
7.234 -10.782
1.300 12.537
-9.255 -7.789
12.807 -0.143
-8.790 9.531
0.847 -12.323
7.697 9.483
-12.250 -1.636
10.281 -7.342
-2.774 12.509
-6.630 -11.198
12.403 4.329
-11.436 5.108
4.990 -12.018
4.431 12.315
-10.922 -6.656
13.017 -3.341
-6.948 11.493
-2.672 -13.162
11.205 8.444
-13.423 1.546
8.943 -9.079
0.251 13.941
-9.153 -9.515
13.550 1.454
-11.340 8.103
2.726 -13.902
7.790 12.064
-13.306 -3.206
11.985 -6.824
-4.368 13.273
-5.267 -12.461
13.054 6.716
-13.380 4.944
6.767 -12.566
3.017 14.344
-11.580 -8.818
13.849 -1.756
-8.828 11.462
-0.883 -14.660
9.661 10.251
-14.377 -0.205
11.621 -9.087
-1.807 14.955
-8.429 -11.611
14.413 3.162
-13.475 7.799
4.492 -14.083
6.131 14.075
-12.792 -6.083
14.375 -4.508
-6.761 13.849
-4.386 -13.962
13.024 8.569
-15.132 2.600
8.961 -11.465
1.417 15.346
-11.752 -10.644
16.276 0.354
-10.985 10.001
1.364 -15.097
9.409 12.732
-15.072 -3.494
13.132 -8.125
-4.484 15.343
-6.635 -13.622
14.121 5.011
-15.354 6.084
6.963 -14.308
4.791 15.242
-13.912 -7.524
15.623 -3.119
-9.176 13.474
-2.550 -15.363
12.541 10.682
-16.108 0.278
12.005 -11.695
-0.506 16.249
-10.312 -12.658
16.163 2.848
-12.733 9.429
4.023 -15.889
7.963 14.326
-16.461 -4.576
15.086 -6.260
-6.333 15.593
-5.881 -15.267
15.130 7.467
-16.287 4.473
9.623 -14.557
2.516 16.781
-13.283 -9.488
15.856 -1.408
-10.855 12.038
-0.566 -17.076
11.391 12.317
-16.334 -1.665
13.309 -10.467
-3.692 16.972
-8.567 -15.173
16.445 5.071
-15.360 8.530
7.115 -16.076
6.065 16.544
-15.660 -7.919
16.608 -4.697
-9.079 15.266
-3.867 -16.659
14.390 9.777
-17.379 1.487
11.040 -13.405
0.840 17.399
-12.282 -12.700
17.784 1.457
-14.218 10.322
3.290 -18.316
9.908 15.783
-18.292 -4.729
15.302 -8.053
-5.895 17.354
-7.536 -16.814
16.857 6.834
-17.760 5.534
9.110 -16.458
4.219 17.788
-14.903 -10.117
17.742 -3.288
-11.236 13.840
-1.210 -19.074
14.138 12.258
-17.948 -0.773
13.913 -12.639
-1.751 19.176
-10.152 -14.401
18.069 3.249
-16.872 9.589
5.070 -17.863
8.304 16.527
-17.725 -6.813
18.355 -6.547
-8.070 17.217
-5.793 -18.485
16.182 10.676
-18.943 3.406
10.885 -16.040
2.415 19.613
-13.998 -12.830
19.077 0.212
