1.647 -1.011
-0.251 1.494
-0.955 -0.835
1.542 0.789
-2.197 0.416
1.712 -2.849
0.971 2.963
-3.267 -1.616
3.361 -0.533
-1.907 3.416
-0.835 -3.355
3.139 1.934
-3.998 0.296
3.526 -2.947
0.109 4.843
-2.583 -3.305
4.858 0.537
-4.847 3.423
1.131 -5.245
3.160 4.429
-5.090 -1.101
5.488 -2.694
-1.609 5.202
-1.821 -5.946
5.800 2.681
-5.978 1.122
3.236 -4.666
1.578 5.836
-4.394 -3.659
6.597 -0.249
-3.579 4.770
-0.250 -6.877
4.927 4.797
-6.807 -0.472
5.524 -5.064
-0.664 6.707
-3.896 -6.349
7.306 1.654
-7.146 3.491
2.452 -7.895
3.293 7.429
-6.528 -3.613
7.358 -1.908
-3.439 6.782
-1.904 -7.896
6.721 4.853
-7.932 0.994
4.213 -6.254
1.226 8.146
-5.671 -6.146
8.371 0.142
-6.839 5.278
0.854 -8.715
4.941 6.805
-8.020 -1.782
7.110 -4.137
-2.560 8.318
-3.936 -8.164
7.897 3.461
-9.018 3.536
4.515 -8.058
2.188 9.701
-7.680 -5.170
9.702 -1.061
-5.669 7.751
-0.894 -9.361
7.772 6.319
-9.390 -0.196
7.136 -6.336
-0.568 9.168
-6.977 -7.787
10.068 0.776
-8.500 5.934
2.542 -10.247
5.771 9.448
-10.178 -3.647
9.805 -3.710
-3.997 9.428
-3.518 -10.321
9.340 5.387
-10.182 2.197
6.208 -8.846
0.646 10.546
-8.698 -7.112
11.583 -0.760
-7.245 8.698
0.812 -11.029
7.485 8.163
-11.768 -1.582
8.910 -6.392
-2.763 11.865
-5.581 -8.890
11.448 2.737
-10.672 5.263
4.169 -11.088
3.742 10.612
-9.444 -5.359
11.109 -2.476
-6.433 10.288
-2.379 -11.844
9.409 7.243
-11.763 1.371
8.080 -9.115
-0.559 11.996
-8.407 -8.912
12.062 1.042
-9.948 8.232
1.695 -13.023
7.362 10.695
-12.135 -3.406
10.649 -5.737
-4.581 11.961
-5.626 -11.681
11.146 5.324
-11.651 3.666
6.030 -10.787
3.042 12.262
-10.609 -7.184
12.852 -2.042
-8.591 9.939
-0.539 -12.513
9.337 9.063
-13.082 -0.413
10.210 -7.705
-1.685 13.333
-8.128 -10.691
13.221 2.361
-11.976 7.310
3.504 -13.049
5.149 11.657
-13.054 -4.899
12.216 -5.007
-6.340 12.063
-3.359 -13.526
11.922 7.652
-14.085 2.802
7.879 -11.192
1.933 13.655
-10.733 -8.947
13.525 -0.310
-11.050 9.665
0.328 -14.261
9.192 10.918
-14.447 -2.475
12.462 -7.521
-3.465 13.523
-7.407 -12.428
13.956 4.576
-13.088 5.209
5.483 -13.292
4.171 14.150
-13.240 -7.185
13.899 -3.563
-8.246 12.237
-2.291 -15.400
11.440 9.361
-15.344 0.519
10.365 -9.654
-1.101 15.025
-10.388 -11.384
14.596 1.062
-12.762 8.955
3.153 -15.027
7.361 12.552
-14.790 -4.332
14.222 -7.008
-6.321 15.003
-5.255 -13.895
13.535 6.826
-15.302 4.061
8.796 -12.727
2.721 15.201
-12.615 -9.818
15.108 -1.155
-9.857 11.285
-0.005 -16.515
10.740 11.741
-15.935 -1.156
12.117 -10.166
-2.852 15.674
-9.150 -13.492
15.223 3.285
-14.548 7.728
5.672 -15.079
6.455 15.467
-14.922 -6.452
15.566 -4.928
-8.598 13.979
-4.080 -15.310
13.292 9.589
-16.251 2.130
10.314 -13.620
0.267 16.331
-12.167 -11.628
16.360 0.152
-12.512 11.318
1.837 -16.789
9.992 14.307
-16.528 -3.838
13.711 -8.858
-4.528 15.261
-7.197 -14.524
16.085 5.760
-15.645 6.057
7.561 -14.574
4.833 16.228
-14.421 -9.680
17.262 -2.380
-10.769 13.423
-2.277 -17.422
12.328 12.533
-17.615 -0.451
13.127 -11.645
-1.747 17.171
-10.852 -14.061
16.913 2.537
-14.388 9.780
5.015 -16.706
8.400 15.200
-16.486 -5.624
16.330 -6.744
-7.902 15.999
-4.363 -17.019
15.818 9.802
-18.322 3.403
11.131 -15.266
1.854 17.192
-13.966 -11.870
18.407 -0.817
-12.560 13.158
1.392 -18.550
11.949 14.529
-18.092 -2.625
14.893 -10.133
-3.474 17.707
-8.732 -15.542
18.180 5.897
-16.601 8.633
7.326 -16.403
6.630 17.589
-17.185 -8.687
17.127 -4.138
-9.673 15.604
-2.705 -19.217
14.742 11.289
-18.423 1.636
12.860 -13.972
-0.669 19.476
-13.037 -13.841
19.320 1.419
-15.883 11.116
3.807 -18.867
10.906 16.025
-19.125 -4.974
17.082 -8.292
-7.220 17.659
